             2         2.6707066194e-06                            39         1.3388326175e+01        -5.1184563256e+00
             1         6.1838280689e-06                           113         4.9536786335e+01        -5.1184563256e+00
             6         7.9644769969e-07                            43         2.7980171662e+01        -5.1184563256e+00
             4         3.5926186632e-06                            63         2.9105039699e+01        -5.1184563256e+00
             5         1.1077370845e-05                           189         8.2322150547e+01        -5.1184553540e+00
            10         3.2475991891e-06                            73         4.4587654564e+01        -5.1184553754e+00
             9         5.3612915856e-06                           107         5.2564343480e+01        -5.1184563256e+00
            14         5.4137949167e-06                            93         3.0290029815e+01        -5.1184563256e+00
            13         4.0073744329e-06                           103         4.8775918800e+01        -5.1184581790e+00
             3         9.1122963594e-07                            49         3.2156606139e+01        -5.1184563256e+00
            16         2.5612914768e-06                           115         7.9572714852e+01        -5.1184563256e+00
            18         4.1360921409e-07                             9         9.6424180689e+00        -5.1184563256e+00
            17         3.7552885268e-06                            81         3.8721810600e+01        -5.1184553540e+00
             7         3.0669527399e-06                            59         4.0937140275e+01        -5.1184563256e+00
            20         3.9696274129e-06                            69         2.4100280593e+01        -5.1184563256e+00
            11         8.3762931152e-07                            19         1.4502839131e+01        -5.1184553540e+00
            25         5.3444825353e-06                           123         5.3692645348e+01        -5.1184563256e+00
            24         3.1621747485e-06                            99         4.1914931742e+01        -5.1184563256e+00
            26         3.5498070335e-06                            97         6.0297448080e+01        -5.1184572972e+00
            15         3.6951819710e-06                            59         2.4217154342e+01        -5.1184581790e+00
            29         6.8817868313e-07                            33         2.4812654664e+01        -5.1184553540e+00
            28         2.1185545231e-06                            55         3.6058964132e+01        -5.1184553540e+00
            30         1.9419271062e-06                            27         1.3291684209e+01        -5.1184563256e+00
            19         3.0575057165e-06                            59         3.5566700410e+01        -5.1184572972e+00
            32         3.6176331439e-06                            71         3.5202174711e+01        -5.1184553540e+00
            37         1.5156983047e-06                            45         2.6103151911e+01        -5.1184563256e+00
            27         5.4974324007e-07                             7         7.5750485679e+00        -5.1184553540e+00
            41         7.9944767106e-06                           171         6.9235929386e+01        -5.1184563256e+00
            40         6.9636152560e-06                           113         5.0993681252e+01        -5.1184563256e+00
            31         1.0473744415e-05                           197         9.7420318577e+01        -5.1184563256e+00
            45         1.2263253303e-06                            35         1.9621828557e+01        -5.1184553540e+00
            44         1.3618794650e-06                            31         1.7977782151e+01        -5.1184563256e+00
            35         3.7426759687e-06                            67         3.3339499830e+01        -5.1184563256e+00
            49         1.2000825802e-06                            29         3.1281306469e+01        -5.1184553540e+00
            48         6.8648030377e-06                           147         6.3163527146e+01        -5.1184563256e+00
            39         5.1561805842e-06                           101         4.9228103868e+01        -5.1184563256e+00
            42         5.3562941847e-06                           117         5.5983805520e+01        -5.1184553754e+00
            43         6.3049448403e-06                           131         6.6009037944e+01        -5.1184543824e+00
            52         4.9603074700e-06                            87         2.7595894101e+01        -5.1184563256e+00
            57         1.3249100088e-06                            49         3.5795564330e+01        -5.1184553540e+00
            46         3.7453620564e-06                            99         5.1625640782e+01        -5.1184563256e+00
            47         3.8164611671e-06                            83         3.6408715105e+01        -5.1184563256e+00
            56         7.6957181531e-06                           177         7.3062335812e+01        -5.1184563256e+00
            50         2.2520255315e-06                            43         2.2892867672e+01        -5.1184563256e+00
            51         1.1458052612e-06                            19         8.7787875087e+00        -5.1184563256e+00
            65         5.5132472445e-06                           143         5.8158913369e+01        -5.1184563256e+00
            60         7.3213395663e-07                            17         1.2791901801e+01        -5.1184563256e+00
            54         9.7615736751e-06                           169         5.3340676843e+01        -5.1184563256e+00
            69         4.8955114282e-06                           105         4.6915860053e+01        -5.1184563256e+00
            55         5.4408542516e-06                           115         5.3749939340e+01        -5.1184553540e+00
            64         8.2725103336e-06                           161         6.4277924245e+01        -5.1184563256e+00
            58         4.9830571927e-06                           131         9.5914713803e+01        -5.1184581790e+00
            73         2.2243780378e-06                            57         3.2818777252e+01        -5.1184553540e+00
            59         7.3530122095e-06                           143         4.5497915795e+01        -5.1184563256e+00
            77         2.2688909685e-06                            63         3.2434939201e+01        -5.1184553754e+00
            62         8.3040764172e-06                           149         6.5972511112e+01        -5.1184563256e+00
            72         1.6542284102e-06                            49         2.7541414995e+01        -5.1184553540e+00
            63         1.4552005126e-07                             5         7.2182630999e+00        -5.1184563256e+00
            81         1.0376593483e-06                            29         1.8367196241e+01        -5.1184563256e+00
            66         2.0779453262e-06                            95         5.5326215554e+01        -5.1184553754e+00
            85         7.8116890474e-07                            17         1.2793924178e+01        -5.1184553540e+00
            67         4.7810836494e-06                            87         4.2233838096e+01        -5.1184553540e+00
            80         3.9202588213e-06                            77         4.2162753367e+01        -5.1184581790e+00
            84         1.7992950197e-06                            35         1.8764555507e+01        -5.1184553540e+00
            70         2.0640411896e-06                            43         2.4500670076e+01        -5.1184563256e+00
            88         6.9621950350e-07                            25         1.8547913982e+01        -5.1184563256e+00
            74         4.7031847505e-07                            19         1.5219527668e+01        -5.1184563256e+00
            75         9.0578094899e-06                           161         6.8156577499e+01        -5.1184553540e+00
            92         1.0259863278e-05                           227         1.0455661919e+02        -5.1184543824e+00
            78         5.8505719895e-06                           119         5.8174563329e+01        -5.1184563256e+00
            79         1.1040709052e-06                            33         2.6105739711e+01        -5.1184563256e+00
           101         8.6907275937e-06                           211         1.0537016251e+02        -5.1184563256e+00
            96         1.0050434292e-05                           207         8.0014500851e+01        -5.1184553754e+00
            82         1.5071057878e-05                           247         8.6196901180e+01        -5.1184563256e+00
            83         4.4020389347e-06                           101         4.2837946365e+01        -5.1184563256e+00
           105         7.2797100722e-06                           145         5.9653425948e+01        -5.1184563256e+00
           100         4.3616240612e-06                            87         1.9296624149e+01        -5.1184563256e+00
            86         4.1295813126e-06                            47         2.5075568741e+01        -5.1184553754e+00
            87         6.3778703018e-06                           127         4.3260002273e+01        -5.1184563256e+00
           109         3.5610334791e-06                            61         2.3272096744e+01        -5.1184563256e+00
            90         5.6148993646e-06                           153         7.5514847699e+01        -5.1184553540e+00
           113         1.0532188119e-06                            37         2.2622525103e+01        -5.1184563256e+00
           104         3.4334402855e-06                            87         5.1186679025e+01        -5.1184581790e+00
            94         6.3575819964e-06                           109         5.1393045811e+01        -5.1184553754e+00
            95         2.5101263867e-06                            89         4.8696819052e+01        -5.1184563256e+00
           121         4.9156926629e-06                           113         6.8580583303e+01        -5.1184553540e+00
            98         6.7956062185e-07                            17         1.4330853319e+01        -5.1184553754e+00
           112         2.7374806710e-06                            61         2.7752250734e+01        -5.1184563256e+00
            99         1.9795837127e-06                            65         3.8274955290e+01        -5.1184563256e+00
           102         3.9798946299e-06                           107         5.8887319280e+01        -5.1184572972e+00
           116         9.1138000309e-07                            13         1.4266943648e+01        -5.1184553754e+00
           103         7.9635944175e-07                            17         1.0657029377e+01        -5.1184563256e+00
           120         1.3325123062e-05                           291         1.2598347787e+02        -5.1184553540e+00
           107         5.0452300341e-06                           105         6.1993436472e+01        -5.1184563256e+00
           110         3.0183704532e-06                            83         3.9351668242e+01        -5.1184563256e+00
           124         2.8482276571e-06                            67         3.7221415698e+01        -5.1184553754e+00
           137         1.3718497651e-06                            39         2.4841975553e+01        -5.1184553754e+00
           128         3.7209983396e-06                            63         2.8948551079e+01        -5.1184563256e+00
           114         1.3698703541e-05                           281         1.2870996555e+02        -5.1184553540e+00
           119         2.5635065441e-06                            59         3.0096393280e+01        -5.1184563256e+00
           132         1.3488717904e-05                           221         9.2591652071e+01        -5.1184553754e+00
           118         2.5673994387e-06                            89         5.2279776403e+01        -5.1184553540e+00
           123         3.5782928315e-06                           115         5.7386317061e+01        -5.1184553540e+00
           136         1.2936966713e-05                           269         1.3551133169e+02        -5.1184563256e+00
           145         3.0389498581e-06                            59         3.0500612994e+01        -5.1184553540e+00
           122         9.8380356230e-06                           177         8.8555077024e+01        -5.1184553540e+00
           127         5.3117283952e-06                           129         7.3999730053e+01        -5.1184553540e+00
           140         6.1038500094e-07                            11         1.0360506051e+01        -5.1184553540e+00
           149         3.1179174632e-06                            83         5.4276430488e+01        -5.1184553540e+00
           126         8.4142597625e-07                            27         1.9714770091e+01        -5.1184563256e+00
           131         1.2680930681e-06                            33         1.7318374503e+01        -5.1184563256e+00
           144         1.2096251980e-06                            25         2.0633564978e+01        -5.1184553540e+00
           153         7.1954695887e-06                           151         8.7262868727e+01        -5.1184563256e+00
           130         5.0911368827e-06                           105         4.7822238905e+01        -5.1184563256e+00
           135         3.0868569500e-06                            81         3.1592491798e+01        -5.1184563256e+00
           148         1.3394016148e-07                            11         1.3121472693e+01        -5.1184553540e+00
           134         2.1692360263e-07                            13         1.3252952435e+01        -5.1184553540e+00
           139         7.5188070154e-06                           169         8.7226793383e+01        -5.1184563256e+00
           161         5.5870319491e-06                            97         3.6031050581e+01        -5.1184553540e+00
           138         3.0721286841e-06                            51         2.5301888557e+01        -5.1184553540e+00
           165         5.3508077126e-06                           169         9.7151112941e+01        -5.1184572758e+00
           143         1.4332658176e-06                            31         2.3012511037e+01        -5.1184553540e+00
           156         1.1975372538e-06                            45         2.7020822931e+01        -5.1184553540e+00
           169         5.4521919236e-06                           115         6.3571733107e+01        -5.1184553754e+00
           147         5.7798866945e-06                           125         4.0132611968e+01        -5.1184553540e+00
           173         8.7356983259e-06                           215         1.0048528325e+02        -5.1184563256e+00
           164         7.7044761748e-07                            13         1.0598016107e+01        -5.1184553754e+00
           151         1.4297678946e-06                            21         1.6332545391e+01        -5.1184553540e+00
           177         4.9638559953e-06                           139         8.3147022875e+01        -5.1184553540e+00
           154         1.2399327480e-06                            31         1.4568484488e+01        -5.1184563256e+00
           155         5.7853164081e-06                           131         4.7654058648e+01        -5.1184563256e+00
           172         1.0053796268e-06                            15         1.0672516759e+01        -5.1184563256e+00
           158         4.2946235937e-06                            83         3.2828017935e+01        -5.1184563256e+00
           185         5.6019692490e-06                            91         4.5668025370e+01        -5.1184563256e+00
           159         3.2727829484e-06                            69         3.0211327847e+01        -5.1184563256e+00
           176         2.9319520810e-06                            87         4.5679071802e+01        -5.1184563256e+00
           189         1.8463960923e-06                            53         2.6856856678e+01        -5.1184563256e+00
           163         7.9757665735e-06                           135         4.4240132040e+01        -5.1184563256e+00
           180         2.0554687942e-06                            29         1.7490249896e+01        -5.1184553540e+00
           193         2.7603422128e-06                            99         5.5791139289e+01        -5.1184563256e+00
           167         5.2611312646e-07                            29         2.2530524351e+01        -5.1184553540e+00
           184         2.0228665385e-06                            73         4.8516129185e+01        -5.1184553540e+00
           197         1.0318442971e-05                           181         6.6410510719e+01        -5.1184553540e+00
           171         7.8175753344e-07                            33         1.8443581622e+01        -5.1184563256e+00
           188         7.6907152996e-06                           173         8.6358698771e+01        -5.1184553540e+00
           175         2.8018848371e-06                            47         1.3363458060e+01        -5.1184563256e+00
           192         6.5525387892e-06                           127         4.9990910335e+01        -5.1184553540e+00
           205         9.8008932087e-06                           177         8.4892142735e+01        -5.1184563470e+00
           179         2.9714979227e-06                           113         7.4390912410e+01        -5.1184553540e+00
           196         1.5265673501e-06                            23         1.3339837279e+01        -5.1184563256e+00
           183         3.0748850647e-06                            59         3.5276903884e+01        -5.1184553754e+00
           186         2.6057457923e-06                            93         7.2999226409e+01        -5.1184553326e+00
           213         6.0062296401e-07                            17         1.2660070769e+01        -5.1184563256e+00
           190         5.1920833910e-06                           123         5.8778715855e+01        -5.1184563256e+00
           204         8.5024478477e-06                           177         6.9994520093e+01        -5.1184563256e+00
           217         9.8158413201e-06                           221         9.5805375663e+01        -5.1184563256e+00
           194         7.4156088589e-06                           135         5.9174871397e+01        -5.1184563256e+00
           208         3.1182210562e-06                           103         5.4675879917e+01        -5.1184553754e+00
           221         4.2488795770e-07                            13         1.0716519783e+01        -5.1184563256e+00
           198         5.5715096053e-07                            29         2.1990896443e+01        -5.1184563256e+00
           199         3.1249013482e-06                            83         3.5150832456e+01        -5.1184563256e+00
           212         2.2115695101e-06                            67         3.2277489457e+01        -5.1184563256e+00
           225         1.4228863238e-06                            33         2.0039849454e+01        -5.1184553754e+00
           202         4.0172792418e-06                            81         3.1216153992e+01        -5.1184553540e+00
           216         5.2393268718e-06                           137         5.8313046978e+01        -5.1184563256e+00
           206         1.3229674724e-05                           273         1.4354491985e+02        -5.1184553754e+00
           220         8.3818493134e-06                           179         8.0835609153e+01        -5.1184563256e+00
           210         4.1783069369e-06                           111         5.3712867327e+01        -5.1184553540e+00
           224         4.5515753574e-06                           103         3.9033442481e+01        -5.1184553540e+00
           214         4.5002710306e-06                           155         1.0529787698e+02        -5.1184543824e+00
           241         1.0268363187e-06                            27         2.6409985800e+01        -5.1184553540e+00
           207         8.8023436315e-06                           151         5.5516616337e+01        -5.1184563256e+00
           218         1.0102854857e-05                           201         8.9886916740e+01        -5.1184553754e+00
           236         4.4539130897e-06                           129         6.7642336496e+01        -5.1184563256e+00
           211         2.3666021217e-06                            47         1.8702437508e+01        -5.1184563256e+00
           222         6.2442443607e-06                           125         5.1934839967e+01        -5.1184563256e+00
           240         1.4277487167e-05                           277         1.3440803153e+02        -5.1184572972e+00
           215         1.1372122550e-06                            35         2.5639232697e+01        -5.1184553540e+00
           249         5.6010113046e-06                           133         9.4415633211e+01        -5.1184553326e+00
           226         1.8277230540e-06                            55         2.8878756560e+01        -5.1184563256e+00
           244         2.6874758205e-06                            87         5.4269153788e+01        -5.1184553540e+00
           219         4.6482168892e-06                            91         3.1858453671e+01        -5.1184563256e+00
           253         5.7563419062e-06                            83         3.2722178870e+01        -5.1184563256e+00
           248         2.8313698856e-06                            81         3.8783861270e+01        -5.1184553540e+00
           257         1.4762406318e-05                           263         8.8174795258e+01        -5.1184563256e+00
           252         2.5149779108e-06                            63         2.9465363214e+01        -5.1184563256e+00
           223         3.5331456198e-06                            95         4.6359257226e+01        -5.1184563256e+00
           261         5.6624769604e-06                           119         5.2793458732e+01        -5.1184553754e+00
           238         3.1027909502e-06                            83         4.9733777978e+01        -5.1184553540e+00
           260         3.5917414043e-06                            61         2.0117771172e+01        -5.1184563256e+00
           231         1.7673356421e-06                            55         3.7967636225e+01        -5.1184553754e+00
           265         6.5575656067e-06                           127         5.1383828920e+01        -5.1184563256e+00
           242         5.5862044034e-06                           111         6.1171652025e+01        -5.1184563256e+00
           264         1.5109530013e-06                            79         4.9605226571e+01        -5.1184553754e+00
           269         1.5366589853e-06                            37         2.4410133872e+01        -5.1184563256e+00
           246         1.1252536474e-06                            25         1.1539076014e+01        -5.1184553540e+00
           268         1.0080113805e-06                            37         2.3750274009e+01        -5.1184563256e+00
           239         3.7414075336e-06                            73         2.9265522009e+01        -5.1184553540e+00
           250         1.3953369561e-06                            33         2.1357374668e+01        -5.1184563256e+00
           272         5.7058016191e-07                            11         8.5566007352e+00        -5.1184563256e+00
           243         2.1113492161e-06                            61         3.5536851932e+01        -5.1184563256e+00
           277         4.2862125174e-06                            75         3.6535660944e+01        -5.1184563256e+00
           276         5.8022598097e-07                            17         1.2288203017e+01        -5.1184553754e+00
           258         1.2787587740e-06                            51         3.3098631651e+01        -5.1184563256e+00
           247         4.7656919908e-06                            81         4.1728147694e+01        -5.1184563256e+00
           280         1.5098830573e-05                           289         1.2369643475e+02        -5.1184572758e+00
           262         3.0218676035e-06                            75         4.3105730440e+01        -5.1184563256e+00
           284         1.0222052449e-05                           237         9.9254271323e+01        -5.1184553540e+00
           288         2.8503396910e-06                            73         3.9298983307e+01        -5.1184553540e+00
           255         5.4193291081e-06                           117         4.5577659234e+01        -5.1184563256e+00
           293         1.1388783904e-05                           217         9.5936951193e+01        -5.1184563256e+00
           292         6.1102848080e-07                            19         1.9310874633e+01        -5.1184563256e+00
           259         1.7905148620e-06                            45         2.0650216666e+01        -5.1184563256e+00
           297         8.4821520904e-07                            25         1.5587530526e+01        -5.1184563256e+00
           296         3.4740582438e-06                            71         3.3836404773e+01        -5.1184563256e+00
           263         3.7005268198e-06                            75         3.1913302883e+01        -5.1184563256e+00
           301         2.0255558276e-06                            61         3.3054111915e+01        -5.1184553540e+00
           300         1.0872434667e-05                           185         8.4937142195e+01        -5.1184563256e+00
           278         7.5162006365e-07                            19         1.0097218497e+01        -5.1184563256e+00
           305         2.9949878804e-06                            41         2.1692181794e+01        -5.1184563256e+00
           267         2.6608126843e-06                            81         3.3529902523e+01        -5.1184553540e+00
           304         1.4873624063e-06                            37         1.7966258038e+01        -5.1184563256e+00
           282         6.0635941139e-06                           155         8.3679006435e+01        -5.1184553754e+00
           271         6.4387392695e-06                           107         3.9895709556e+01        -5.1184563256e+00
           308         3.0621737064e-06                            65         2.0358668985e+01        -5.1184553540e+00
           313         2.7130400651e-06                           109         6.2909275301e+01        -5.1184563256e+00
           275         1.5716870839e-06                            31         1.6557678527e+01        -5.1184563256e+00
           312         4.1998257785e-06                            87         5.4991271323e+01        -5.1184563256e+00
           317         1.4703030202e-06                            23         1.4814849839e+01        -5.1184563256e+00
           290         2.0359464134e-06                            63         3.4440947903e+01        -5.1184553540e+00
           316         9.6304910448e-06                           227         1.2080699257e+02        -5.1184553754e+00
           321         4.1369462154e-06                           121         5.9642402656e+01        -5.1184563256e+00
           283         3.7867398492e-06                            79         3.0158659628e+01        -5.1184553754e+00
           294         5.3778222926e-07                            15         1.0579288064e+01        -5.1184563256e+00
           325         4.8371189353e-06                           105         2.8989936478e+01        -5.1184553540e+00
           324         1.2456370917e-05                           243         8.9904272248e+01        -5.1184563256e+00
           329         8.5888298238e-07                            33         2.4281954200e+01        -5.1184563256e+00
           298         1.6471099848e-06                            59         3.4296944970e+01        -5.1184563256e+00
           287         4.4949434405e-07                            11         8.8036556230e+00        -5.1184553540e+00
           302         1.2466483556e-05                           251         1.4021591538e+02        -5.1184563256e+00
           291         3.0056007717e-06                            77         4.4743418931e+01        -5.1184563256e+00
           306         4.5182860027e-06                            83         3.5844578560e+01        -5.1184543824e+00
           295         2.8283782667e-06                            69         3.4119234758e+01        -5.1184553540e+00
           310         2.3696065426e-06                            75         3.9854271698e+01        -5.1184563256e+00
           341         1.7803607417e-06                            65         3.4766918218e+01        -5.1184563256e+00
           336         1.2089147143e-06                            53         3.4896348643e+01        -5.1184553540e+00
           299         6.8839324244e-06                           113         4.0752447191e+01        -5.1184563256e+00
           345         2.3219535558e-06                            39         2.3126193128e+01        -5.1184553540e+00
           314         3.1256194278e-06                            75         3.3281778646e+01        -5.1184553754e+00
           340         2.4533390744e-06                            51         1.9831323437e+01        -5.1184563256e+00
           349         4.0871456089e-06                            81         2.6115593984e+01        -5.1184553540e+00
           318         1.2483035323e-06                            27         1.7430178250e+01        -5.1184563256e+00
           353         8.0691733243e-06                           177         8.5886438754e+01        -5.1184563256e+00
           322         1.4635988033e-05                           287         1.2677973017e+02        -5.1184563256e+00
           307         1.4288425368e-06                            27         1.6288802552e+01        -5.1184563256e+00
           357         8.1760530308e-07                            41         2.8821813845e+01        -5.1184553754e+00
           326         7.4745483791e-06                           167         9.2838745816e+01        -5.1184544038e+00
           311         6.6030840645e-06                           145         6.8306598735e+01        -5.1184563256e+00
           348         9.6983762269e-06                           195         9.6024665120e+01        -5.1184553754e+00
           361         4.5367600720e-06                           103         5.4687931254e+01        -5.1184553754e+00
           330         2.7687876721e-06                            51         2.8746001733e+01        -5.1184553540e+00
           315         4.6336058664e-06                            87         3.9862567972e+01        -5.1184553540e+00
           365         2.5097518593e-06                            75         4.0390141567e+01        -5.1184563256e+00
           334         9.9921150823e-06                           229         8.6231602576e+01        -5.1184563256e+00
           352         3.1126257715e-06                            81         4.3500843228e+01        -5.1184563256e+00
           369         2.8914102548e-07                            15         1.5782690004e+01        -5.1184563256e+00
           319         3.2285077682e-07                            21         1.4995956254e+01        -5.1184553540e+00
           338         3.4203522302e-06                            65         2.4744652064e+01        -5.1184553540e+00
           356         1.2418147724e-06                            33         2.3084621885e+01        -5.1184553540e+00
           323         9.2359694478e-06                           161         6.5092325303e+01        -5.1184563256e+00
           342         1.3192991737e-05                           295         1.6625065662e+02        -5.1184563256e+00
           360         6.3334028705e-06                           121         5.3973469171e+01        -5.1184553540e+00
           377         4.8864923822e-06                            79         3.1218715811e+01        -5.1184553754e+00
           327         2.7603758096e-06                            65         4.1086708702e+01        -5.1184563256e+00
           346         5.8209487974e-07                            15         9.1476555972e+00        -5.1184563256e+00
           364         3.5687074314e-06                            79         3.0070873481e+01        -5.1184563256e+00
           381         9.1748440658e-06                           223         1.0655335435e+02        -5.1184572972e+00
           350         2.0684916895e-06                            83         5.4040158838e+01        -5.1184563256e+00
           368         5.4430282486e-06                            91         4.2583590175e+01        -5.1184563256e+00
           385         1.2152660646e-06                            23         1.1525366726e+01        -5.1184553754e+00
           335         2.3847011729e-06                            53         2.6910211727e+01        -5.1184553540e+00
           354         4.1544352076e-06                           113         5.5648349275e+01        -5.1184553540e+00
           339         4.0166286395e-06                           103         5.7869042075e+01        -5.1184553540e+00
           376         2.8094274907e-07                             9         1.4294117362e+01        -5.1184553754e+00
           358         1.8950179341e-06                            41         1.8321715988e+01        -5.1184563256e+00
           393         5.3422175503e-07                            15         1.5867280174e+01        -5.1184563256e+00
           343         2.5591886933e-06                            49         3.2758428655e+01        -5.1184563256e+00
           380         1.9756276568e-06                            49         2.3394705994e+01        -5.1184563256e+00
           362         4.9137897060e-06                            97         3.3636550654e+01        -5.1184553540e+00
           397         5.0434430824e-06                            87         4.1986416570e+01        -5.1184563256e+00
           384         5.7870584770e-07                            19         2.2452041220e+01        -5.1184563256e+00
           347         2.9159233569e-06                            61         2.9080952120e+01        -5.1184563256e+00
           366         3.8575701373e-06                            89         2.2207976015e+01        -5.1184563256e+00
           401         2.8927575664e-06                            99         6.3282700087e+01        -5.1184553754e+00
           351         6.4574359087e-07                             7         7.4411951583e+00        -5.1184563256e+00
           370         4.9323219081e-06                           113         4.5603122069e+01        -5.1184553754e+00
           392         2.0536437763e-06                            33         1.7811454560e+01        -5.1184563256e+00
           405         1.0228206834e-05                           225         1.3345359944e+02        -5.1184543824e+00
           355         2.3667215062e-06                            39         2.3531134392e+01        -5.1184563256e+00
           374         4.0240925143e-06                            61         1.6323625669e+01        -5.1184553540e+00
           396         1.2923057315e-06                            65         3.7388567584e+01        -5.1184563256e+00
           409         1.7804270755e-06                            33         1.2678905284e+01        -5.1184563256e+00
           359         4.5761215376e-06                            91         3.0731196124e+01        -5.1184563256e+00
           378         2.8329766800e-06                            67         3.3586906891e+01        -5.1184553754e+00
           400         3.6320526497e-07                            13         1.2491228429e+01        -5.1184553754e+00
           413         5.5478014269e-06                            87         3.7933936053e+01        -5.1184563256e+00
           363         2.3823132622e-06                            65         4.0781002804e+01        -5.1184553540e+00
           404         3.0664161513e-07                            13         1.0056659919e+01        -5.1184563256e+00
           382         2.6616329156e-07                             7         7.4411951583e+00        -5.1184563256e+00
           417         4.3832346348e-06                           105         3.9145999307e+01        -5.1184563256e+00
           367         4.7211087447e-06                            87         5.1304906452e+01        -5.1184563256e+00
           408         2.4783972989e-06                            73         4.1341860131e+01        -5.1184563256e+00
           386         2.2108185193e-07                            11         1.0122086612e+01        -5.1184563256e+00
           412         8.1660864768e-06                           155         7.1075123569e+01        -5.1184543824e+00
           425         4.0710877992e-06                           105         5.0490453788e+01        -5.1184572758e+00
           375         7.2681790502e-06                           145         5.4500400017e+01        -5.1184563256e+00
           390         1.2125874523e-06                            53         3.7636129372e+01        -5.1184553754e+00
           416         3.9495348563e-06                            83         3.6394410458e+01        -5.1184553540e+00
           429         1.4281430767e-06                            49         2.3448811424e+01        -5.1184563256e+00
           420         5.8451000050e-07                            11         9.7261945199e+00        -5.1184553754e+00
           379         2.4782689979e-06                            71         5.0876161990e+01        -5.1184572758e+00
           433         3.2670034726e-06                            65         2.9686639896e+01        -5.1184563256e+00
           398         1.2317223812e-06                            55         3.9356177027e+01        -5.1184563256e+00
           424         9.5019377690e-07                            19         1.4073248543e+01        -5.1184553754e+00
           437         2.2016424864e-06                            75         4.6065409685e+01        -5.1184563256e+00
           402         5.5342744224e-07                            27         1.8829697091e+01        -5.1184553540e+00
           428         5.6843082472e-07                            31         1.8197081091e+01        -5.1184553754e+00
           441         3.7415484306e-06                            89         4.0279478692e+01        -5.1184563256e+00
           406         2.6565153255e-06                           101         6.4137010263e+01        -5.1184563256e+00
           387         9.2495527632e-06                           195         8.1383024261e+01        -5.1184563256e+00
           445         1.0785529377e-05                           193         8.0926862363e+01        -5.1184553540e+00
           432         2.6510657171e-06                            69         4.6918317806e+01        -5.1184563256e+00
           410         2.2574234953e-06                            33         2.0025829965e+01        -5.1184563256e+00
           449         2.8652906465e-06                            63         2.7738849635e+01        -5.1184563256e+00
           391         2.9667673221e-06                            53         1.8027455550e+01        -5.1184563256e+00
           436         4.0582595908e-06                            85         5.0163332266e+01        -5.1184553754e+00
           414         5.6571387943e-07                             9         8.4468701550e+00        -5.1184553540e+00
           453         1.6730503979e-06                            49         3.4948192472e+01        -5.1184572972e+00
           440         5.0461946676e-06                            85         3.4044569652e+01        -5.1184553754e+00
           418         7.1057312055e-06                           169         7.9447278878e+01        -5.1184563256e+00
           457         1.9816358074e-06                            43         2.5149125455e+01        -5.1184553540e+00
           399         6.4047094936e-06                           119         3.6860821261e+01        -5.1184563256e+00
           422         3.1501982378e-06                            67         4.4348197453e+01        -5.1184572972e+00
           403         2.7615026961e-06                            89         5.0597832735e+01        -5.1184553540e+00
           465         5.0200477001e-06                            97         2.8869225491e+01        -5.1184563256e+00
           407         1.1932386591e-06                            19         1.0993162914e+01        -5.1184553540e+00
           426         4.8180811807e-06                           113         5.4606679670e+01        -5.1184563256e+00
           469         7.6760260903e-07                            29         2.0784621312e+01        -5.1184563256e+00
           456         1.3852299986e-06                            33         2.3090131711e+01        -5.1184563256e+00
           430         6.9761454988e-07                            29         1.5674328097e+01        -5.1184553540e+00
           473         2.1866711768e-06                            53         2.5508233641e+01        -5.1184563256e+00
           434         1.4776860968e-06                            33         2.5620407160e+01        -5.1184563256e+00
           477         1.6093631713e-06                            43         2.0790457929e+01        -5.1184563256e+00
           411         1.1252654032e-05                           199         7.1039105724e+01        -5.1184563256e+00
           464         5.9495609007e-06                           189         9.8503667698e+01        -5.1184553754e+00
           438         5.4668389835e-06                           131         7.5598808237e+01        -5.1184553540e+00
           415         3.8228118932e-06                            73         3.1824903382e+01        -5.1184563256e+00
           468         6.2060708216e-06                           147         6.5962071122e+01        -5.1184563256e+00
           485         5.1889999069e-06                            91         3.1352014903e+01        -5.1184563256e+00
           442         8.1317318490e-07                            31         1.9409414618e+01        -5.1184563256e+00
           419         8.3413407746e-06                           147         6.8005736865e+01        -5.1184553540e+00
           472         4.0017028986e-06                            93         5.8753003433e+01        -5.1184563256e+00
           489         1.1999661517e-06                            25         1.8180649494e+01        -5.1184563256e+00
           423         2.1357111345e-06                            61         4.4248455956e+01        -5.1184563256e+00
           476         2.3540395278e-06                            63         4.1861300993e+01        -5.1184553754e+00
           427         1.9152440185e-06                            35         1.2901837343e+01        -5.1184563256e+00
           480         4.4149714414e-06                           105         5.3126034307e+01        -5.1184563256e+00
           454         1.8472499208e-06                            47         2.6266553409e+01        -5.1184553540e+00
           484         1.6262300968e-06                            35         2.1634903153e+01        -5.1184563256e+00
           501         3.7271739952e-06                            89         4.9151715991e+01        -5.1184563256e+00
           458         8.5220717235e-06                           171         8.1732801783e+01        -5.1184563256e+00
           488         2.7908771726e-06                            61         3.3939219603e+01        -5.1184563256e+00
           505         5.7910210077e-06                           123         5.8922452147e+01        -5.1184553754e+00
           462         3.7431551694e-06                            87         4.4530428430e+01        -5.1184563256e+00
           509         1.1131494677e-05                           233         1.0488788004e+02        -5.1184563256e+00
           466         4.6607211343e-06                           115         3.7407949850e+01        -5.1184563256e+00
           496         1.0917051913e-06                            55         3.1468107393e+01        -5.1184563256e+00
           443         9.5113273419e-07                            21         1.3421834929e+01        -5.1184563256e+00
           470         2.0747946472e-06                            65         4.6338211569e+01        -5.1184563256e+00
           447         1.4189430565e-06                            37         1.6699909740e+01        -5.1184563256e+00
           500         9.1922513462e-07                            27         2.9748722252e+01        -5.1184563256e+00
           474         1.6191550291e-06                            35         2.0763239634e+01        -5.1184553540e+00
           451         6.7240279221e-06                           121         6.5005834087e+01        -5.1184563256e+00
           521         9.0517792619e-07                            27         1.5483385305e+01        -5.1184563256e+00
           478         2.0779030728e-06                            57         3.6867636672e+01        -5.1184563256e+00
           455         2.5954567512e-06                            77         4.4275028437e+01        -5.1184553540e+00
           525         4.7711231747e-06                            91         4.1515616827e+01        -5.1184553540e+00
           482         4.8681456968e-06                            87         3.6657799745e+01        -5.1184563256e+00
           504         8.0055248391e-07                            17         1.2927777588e+01        -5.1184553540e+00
           529         2.8980437744e-07                            15         1.2504937718e+01        -5.1184563256e+00
           463         2.9899166858e-06                            97         5.0341530743e+01        -5.1184563256e+00
           533         5.6686861389e-06                            99         4.1550421066e+01        -5.1184563256e+00
           508         2.9796552753e-06                            79         5.4781397316e+01        -5.1184563256e+00
           490         4.9227728162e-07                            19         1.4560226313e+01        -5.1184563256e+00
           467         2.7218289212e-06                           109         6.8508690686e+01        -5.1184563256e+00
           537         1.9115160975e-06                            33         1.7824934912e+01        -5.1184563256e+00
           512         4.3280416206e-06                           105         6.0103271373e+01        -5.1184553754e+00
           494         6.0400854848e-07                            19         1.4022270524e+01        -5.1184563256e+00
           471         1.5194329511e-06                            29         2.1324180866e+01        -5.1184553540e+00
           516         7.3864129385e-06                           151         6.7358877458e+01        -5.1184563256e+00
           475         1.1469979265e-06                            33         1.9803225764e+01        -5.1184563256e+00
           520         2.9154077355e-06                            69         2.1621533045e+01        -5.1184563256e+00
           502         5.8799330502e-06                           133         8.0280843330e+01        -5.1184563256e+00
           479         9.2759941103e-07                            39         3.4621846089e+01        -5.1184553540e+00
           524         5.2194468179e-06                           113         3.6306423130e+01        -5.1184553754e+00
           553         1.6773407374e-06                            39         2.9002442674e+01        -5.1184563256e+00
           483         1.2659816509e-06                            35         1.7854259720e+01        -5.1184563256e+00
           528         1.6011533033e-06                            41         2.7975689979e+01        -5.1184553540e+00
           557         2.5383766786e-06                            73         4.7309078018e+01        -5.1184563256e+00
           487         1.0158575736e-05                           187         8.7156775465e+01        -5.1184563256e+00
           514         8.0642537976e-07                            33         1.9413634234e+01        -5.1184553754e+00
           561         1.1384608814e-05                           241         9.8205152648e+01        -5.1184563256e+00
           518         3.8109290230e-06                            65         2.5163073680e+01        -5.1184563256e+00
           565         2.7321489508e-06                            59         4.0090310440e+01        -5.1184581790e+00
           536         2.4070287713e-06                            49         1.8439336731e+01        -5.1184563256e+00
           495         3.8710202953e-06                            73         3.6784271293e+01        -5.1184553540e+00
           522         1.9474381107e-06                            57         3.5675881754e+01        -5.1184563256e+00
           540         1.1979950921e-06                            19         1.1787922335e+01        -5.1184563256e+00
           499         5.9358747265e-06                           129         5.8776059459e+01        -5.1184553754e+00
           526         9.4062879201e-06                           171         7.7333256692e+01        -5.1184553754e+00
           544         1.1664714084e-06                            27         1.2699623353e+01        -5.1184563256e+00
           503         5.7000805769e-06                           101         4.9234138055e+01        -5.1184563256e+00
           577         7.4726125010e-06                           131         6.0672380092e+01        -5.1184553540e+00
           548         5.6695623922e-06                           133         6.2857429308e+01        -5.1184563256e+00
           530         1.1738729560e-06                            39         3.0395218955e+01        -5.1184563256e+00
           507         3.8225702900e-06                            83         5.0015894460e+01        -5.1184563256e+00
           552         1.8726528877e-06                            47         2.7271632831e+01        -5.1184553540e+00
           534         1.0382286301e-05                           213         1.0231074261e+02        -5.1184563256e+00
           511         1.0795624498e-06                            31         2.2008203714e+01        -5.1184553540e+00
           585         1.5220567005e-06                            47         3.0688393902e+01        -5.1184553540e+00
           556         2.2960079038e-07                             5         7.2182630999e+00        -5.1184563256e+00
           515         1.6261522941e-07                             9         9.0957596836e+00        -5.1184553540e+00
           589         9.4228027507e-06                           197         9.3352577771e+01        -5.1184563256e+00
           542         3.5856049813e-06                            97         4.7957076348e+01        -5.1184553754e+00
           560         1.2931793540e-05                           235         1.0282887324e+02        -5.1184563256e+00
           519         2.2264865246e-06                            53         3.8637407880e+01        -5.1184563256e+00
           593         5.6671666694e-06                            99         3.5305663761e+01        -5.1184553540e+00
           564         5.6748930775e-07                            11         1.0133423947e+01        -5.1184563256e+00
           597         5.6246558813e-06                           103         4.1617192927e+01        -5.1184563256e+00
           523         5.8980907391e-06                           133         7.1534911458e+01        -5.1184563256e+00
           550         2.6593815622e-06                            75         4.8865965875e+01        -5.1184553540e+00
           527         3.3855696871e-06                            73         3.7196070946e+01        -5.1184563256e+00
           572         3.8961418207e-06                            81         3.6676818644e+01        -5.1184563256e+00
           554         4.3155292715e-06                           105         6.2785292591e+01        -5.1184544038e+00
           605         1.7758754629e-06                            69         4.4223913358e+01        -5.1184553754e+00
           531         1.0877267042e-06                            25         1.0879216151e+01        -5.1184563256e+00
           558         2.9608960757e-06                            69         3.1519490207e+01        -5.1184563256e+00
           535         1.0519244001e-06                            29         1.7786839359e+01        -5.1184563256e+00
           609         8.9038967271e-07                            29         1.9218716824e+01        -5.1184563256e+00
           580         3.0564219872e-06                            73         4.0828831692e+01        -5.1184553540e+00
           562         2.8222891826e-06                            73         4.4387853930e+01        -5.1184553540e+00
           539         9.9210666802e-07                            27         1.9314141337e+01        -5.1184563256e+00
           613         7.1042311262e-06                           117         4.6027412688e+01        -5.1184563256e+00
           584         2.9484549493e-06                            63         1.7620361304e+01        -5.1184563256e+00
           566         1.1974101313e-06                            23         1.5954781145e+01        -5.1184563256e+00
           543         6.2703194204e-06                           117         6.7884740576e+01        -5.1184553540e+00
           617         3.1851297916e-06                            83         4.8418226770e+01        -5.1184563256e+00
           588         2.1393803297e-06                            85         5.4597555413e+01        -5.1184572972e+00
           570         9.1302212687e-07                            29         1.9220806713e+01        -5.1184563256e+00
           621         1.1161567464e-06                            27         1.8242747818e+01        -5.1184563256e+00
           547         4.2948440094e-06                            87         4.6330643856e+01        -5.1184563256e+00
           574         4.9636722834e-06                           113         4.0882211205e+01        -5.1184563256e+00
           625         1.3676077989e-06                            29         1.2699884062e+01        -5.1184563256e+00
           551         3.6706482844e-07                            13         1.3119099026e+01        -5.1184553540e+00
           578         8.5158437766e-07                            33         2.6721542742e+01        -5.1184563256e+00
           596         6.4789590009e-06                           109         2.6583872997e+01        -5.1184563256e+00
           629         1.3486982015e-06                            41         2.3310729894e+01        -5.1184563256e+00
           555         8.0903108325e-07                            27         1.8180807562e+01        -5.1184553540e+00
           582         2.1900169578e-06                            59         2.8979856988e+01        -5.1184563256e+00
           600         5.8818151504e-06                           129         5.6603895066e+01        -5.1184553540e+00
           633         3.0298175112e-06                            79         4.1364905173e+01        -5.1184553540e+00
           604         5.4684488283e-06                           103         4.5372559723e+01        -5.1184563256e+00
           586         1.1235459184e-06                            63         4.3543761588e+01        -5.1184563256e+00
           608         4.8443424959e-06                           123         6.4015818159e+01        -5.1184553540e+00
           641         1.1312250837e-06                            39         2.2461167828e+01        -5.1184563256e+00
           590         1.2853618462e-06                            45         3.0659279600e+01        -5.1184553754e+00
           567         1.3173656089e-05                           245         1.2519354274e+02        -5.1184563256e+00
           612         1.8392660621e-06                            33         1.8051320451e+01        -5.1184563256e+00
           594         2.8121701909e-06                            91         4.9328877026e+01        -5.1184563256e+00
           571         3.9165098512e-06                            93         5.3360216734e+01        -5.1184563256e+00
           649         1.6010296974e-06                            51         2.7356629621e+01        -5.1184553540e+00
           616         2.3350313558e-06                            29         1.6684711647e+01        -5.1184553540e+00
           653         1.5549574692e-06                            41         3.2294061838e+01        -5.1184563256e+00
           602         1.1150434347e-06                            33         2.5172734385e+01        -5.1184553754e+00
           575         5.9478313606e-06                            83         3.1339945514e+01        -5.1184563256e+00
           657         3.1399502944e-06                            59         2.3404269971e+01        -5.1184563256e+00
           624         6.2291699887e-06                           115         3.9372843733e+01        -5.1184563256e+00
           579         1.8605678062e-06                            41         1.6566980125e+01        -5.1184563256e+00
           661         2.1914598866e-06                            51         2.5729204381e+01        -5.1184553754e+00
           583         9.1808093480e-07                            21         1.5041671234e+01        -5.1184553540e+00
           665         2.8564508688e-06                            69         3.8785221836e+01        -5.1184563256e+00
           614         2.6905407895e-06                            43         2.4979546871e+01        -5.1184553540e+00
           669         4.8594348389e-06                            73         3.0780121762e+01        -5.1184553754e+00
           632         2.3024311934e-06                            81         5.1828915212e+01        -5.1184563256e+00
           618         4.4048949481e-06                            99         4.0355603069e+01        -5.1184563256e+00
           587         2.2839378294e-06                            51         2.3061732220e+01        -5.1184563256e+00
           673         1.7716799957e-06                            33         2.2759305498e+01        -5.1184581790e+00
           591         7.4286791996e-06                           179         9.5584582598e+01        -5.1184553754e+00
           640         2.7033871153e-07                             9         9.3634665029e+00        -5.1184553540e+00
           677         4.7417485689e-06                           117         5.6489486094e+01        -5.1184563256e+00
           626         1.2357191114e-06                            31         1.7408395604e+01        -5.1184563256e+00
           644         2.5975437179e-07                            11         1.2123105626e+01        -5.1184563256e+00
           681         5.8219669944e-06                           127         4.5839621631e+01        -5.1184563256e+00
           630         4.5833346080e-07                            13         1.6134189259e+01        -5.1184561842e+00
           599         2.3012226943e-07                             9         1.0447889169e+01        -5.1184563256e+00
           648         4.9626422643e-07                            13         9.0265876814e+00        -5.1184553540e+00
           685         9.8675331775e-07                            15         1.0311214244e+01        -5.1184563256e+00
           603         3.0383035658e-06                           115         5.2761183471e+01        -5.1184563256e+00
           652         1.6272305388e-05                           255         9.9021168380e+01        -5.1184553754e+00
           689         4.1135337895e-06                            87         3.5604997155e+01        -5.1184563256e+00
           638         5.0416103488e-07                            27         2.3751631268e+01        -5.1184563256e+00
           656         3.3559472344e-06                            75         3.5702213337e+01        -5.1184553754e+00
           693         1.8261756182e-06                            45         2.4012651348e+01        -5.1184553540e+00
           607         1.3942554648e-06                            65         4.0562811303e+01        -5.1184563256e+00
           697         3.7715055918e-06                            73         3.1602232032e+01        -5.1184563256e+00
           660         4.9243066942e-06                            71         3.0898976728e+01        -5.1184563256e+00
           646         1.2003468734e-06                            33         2.3491407843e+01        -5.1184553540e+00
           701         4.3181994125e-06                            79         3.6488098258e+01        -5.1184581790e+00
           650         5.0992906364e-07                            13         1.1050281004e+01        -5.1184553540e+00
           668         9.9826033518e-07                            29         1.9718715658e+01        -5.1184553754e+00
           705         7.4480143104e-06                           153         6.7622592786e+01        -5.1184563256e+00
           611         5.1096418561e-06                           103         5.3501548537e+01        -5.1184553540e+00
           672         3.0083896276e-06                            73         3.8032457725e+01        -5.1184563256e+00
           654         2.7406268639e-06                            85         4.3531108256e+01        -5.1184553540e+00
           709         5.4531048872e-06                           107         6.6596787699e+01        -5.1184563470e+00
           615         3.8889954338e-06                            99         4.4471002313e+01        -5.1184553540e+00
           658         3.1735544415e-07                            13         1.0583438110e+01        -5.1184553540e+00
           713         1.7042998622e-06                            29         1.7219353549e+01        -5.1184553540e+00
           619         1.9933146617e-06                            39         2.6784501580e+01        -5.1184563256e+00
           662         1.7704312188e-06                            63         4.6197822374e+01        -5.1184563256e+00
           717         3.2899060143e-06                            77         3.9007413200e+01        -5.1184553754e+00
           623         1.9333790008e-06                            73         4.5096862400e+01        -5.1184563256e+00
           684         2.6599695987e-06                            59         3.0199142905e+01        -5.1184563256e+00
           721         1.9779134016e-06                            69         4.2536208654e+01        -5.1184553540e+00
           670         1.5497850081e-06                            45         3.0977582847e+01        -5.1184563256e+00
           627         7.9926772200e-06                           147         6.4217054953e+01        -5.1184563256e+00
           725         1.0586045042e-06                            25         1.8885442187e+01        -5.1184553540e+00
           674         3.0814415902e-06                            71         4.8462289217e+01        -5.1184553540e+00
           631         2.2997800050e-06                            71         4.8577186245e+01        -5.1184563256e+00
           729         2.4786443668e-06                            43         2.3296096931e+01        -5.1184553754e+00
           678         1.2878778704e-05                           281         1.2863348534e+02        -5.1184572543e+00
           635         5.8640807511e-07                            21         1.9298353978e+01        -5.1184553540e+00
           696         3.7619686122e-06                           103         5.9987417208e+01        -5.1184553540e+00
           682         1.4364285591e-06                            33         2.3741673577e+01        -5.1184563256e+00
           639         1.6776167557e-06                            43         2.4957290697e+01        -5.1184553754e+00
           737         6.4660198117e-06                           143         6.3448817329e+01        -5.1184553540e+00
           686         1.2508944343e-05                           257         1.0875766750e+02        -5.1184563256e+00
           643         2.0204163475e-06                            31         1.6910884367e+01        -5.1184553754e+00
           741         7.6242306748e-07                            23         2.0410632920e+01        -5.1184553540e+00
           704         1.2830985058e-06                            27         1.5810462585e+01        -5.1184563256e+00
           647         2.7695313166e-06                            71         3.7402230516e+01        -5.1184563256e+00
           708         1.0226253997e-05                           171         7.0004615465e+01        -5.1184563256e+00
           694         1.6255105203e-06                            29         1.6189364216e+01        -5.1184563256e+00
           651         9.0440735237e-07                            19         1.4169849647e+01        -5.1184553540e+00
           749         5.8190861683e-06                           125         6.7338420570e+01        -5.1184563256e+00
           712         1.2302551023e-06                            29         1.6189364216e+01        -5.1184563256e+00
           698         6.6936373727e-06                           135         5.7508985247e+01        -5.1184553540e+00
           655         1.9242141034e-05                           323         1.2927609203e+02        -5.1184563256e+00
           753         2.3480116634e-06                            61         3.6240849246e+01        -5.1184563256e+00
           716         1.2771430830e-06                            19         1.2511135076e+01        -5.1184563256e+00
           659         4.0709426589e-06                            61         2.9678544520e+01        -5.1184563256e+00
           702         1.9574933245e-06                            73         4.6550079150e+01        -5.1184553540e+00
           757         9.5083474840e-06                           195         7.7434648193e+01        -5.1184553754e+00
           663         1.8341569431e-06                           107         6.2759093483e+01        -5.1184563256e+00
           706         6.0281850181e-07                            17         1.0802220123e+01        -5.1184563256e+00
           724         4.4182317196e-06                            93         5.9703913936e+01        -5.1184563256e+00
           761         3.5203548187e-06                            69         3.1876879131e+01        -5.1184553540e+00
           667         2.8436157461e-07                             9         8.4788594220e+00        -5.1184563256e+00
           710         1.2999244044e-06                            27         1.4019763571e+01        -5.1184563256e+00
           765         1.2701801184e-05                           297         1.3612498094e+02        -5.1184553540e+00
           728         1.8036068593e-06                            65         3.7647517953e+01        -5.1184563256e+00
           714         1.5162429080e-07                             5         8.0329953052e+00        -5.1184563256e+00
           769         4.1061325474e-07                            19         1.6588826025e+01        -5.1184563256e+00
           732         3.0905405599e-06                            77         4.3549943163e+01        -5.1184553540e+00
           675         2.0203157645e-05                           421         1.8847462584e+02        -5.1184543824e+00
           718         5.8127411046e-06                           145         8.1531000287e+01        -5.1184543824e+00
           773         9.9193265529e-07                            27         1.6268829768e+01        -5.1184563256e+00
           679         6.3977964680e-06                           139         5.4636449282e+01        -5.1184563256e+00
           736         1.4771627578e-06                            47         3.0932900675e+01        -5.1184553540e+00
           722         2.6620951429e-06                            55         2.1392919977e+01        -5.1184563256e+00
           777         2.7763180462e-06                            55         2.5093278277e+01        -5.1184563256e+00
           740         1.0217657764e-06                            55         3.0293485823e+01        -5.1184563256e+00
           726         2.9421953911e-06                            55         3.4083647298e+01        -5.1184563256e+00
           781         3.8760436459e-06                            65         2.3731441213e+01        -5.1184563256e+00
           687         1.5657808803e-06                            23         1.3864960092e+01        -5.1184553754e+00
           744         1.3675822857e-05                           263         1.0434401372e+02        -5.1184553540e+00
           730         6.0855728404e-06                           113         4.4466022483e+01        -5.1184553540e+00
           785         6.2053020795e-06                           121         5.3654550679e+01        -5.1184563256e+00
           748         2.7290726107e-06                            63         3.2585080899e+01        -5.1184563256e+00
           734         5.1699113089e-06                           109         5.0806086878e+01        -5.1184563256e+00
           789         3.5875583403e-07                             7         7.4411951583e+00        -5.1184563256e+00
           752         3.3535385167e-06                           111         6.1532105891e+01        -5.1184553754e+00
           738         2.3526559204e-06                            43         2.3847205392e+01        -5.1184563256e+00
           793         2.6822053489e-06                            63         2.2711727356e+01        -5.1184563256e+00
           699         1.3307298481e-05                           243         9.5907358390e+01        -5.1184563256e+00
           742         8.1290347380e-07                            21         1.7812371083e+01        -5.1184563256e+00
           756         3.5804101769e-06                            91         5.1554944149e+01        -5.1184553540e+00
           797         2.0965272971e-06                            49         2.4071399194e+01        -5.1184563256e+00
           703         2.9486069644e-06                            57         2.9167184512e+01        -5.1184553540e+00
           760         4.3595509934e-06                           101         5.9458174022e+01        -5.1184563256e+00
           801         7.0258209581e-07                            37         2.2807622317e+01        -5.1184563256e+00
           707         1.2900128278e-06                            31         1.7843928741e+01        -5.1184553540e+00
           805         3.3933590586e-06                           113         5.9292831620e+01        -5.1184563256e+00
           750         2.6998663340e-05                           507         2.0375419984e+02        -5.1184544038e+00
           711         1.0967356248e-06                            25         1.1661959089e+01        -5.1184563256e+00
           768         6.2531290155e-07                            17         1.3946917588e+01        -5.1184553540e+00
           809         1.2436005790e-06                            45         2.4815121071e+01        -5.1184553540e+00
           754         7.1234834540e-06                           137         4.3341270478e+01        -5.1184553540e+00
           715         4.7809360090e-06                           105         3.7153057233e+01        -5.1184563256e+00
           772         5.6115453823e-06                            91         4.4216786192e+01        -5.1184553540e+00
           813         4.8342462346e-06                           113         3.8961200359e+01        -5.1184553540e+00
           719         1.1626957315e-06                            33         1.9120136803e+01        -5.1184563256e+00
           776         3.8531532291e-06                            81         3.5118531711e+01        -5.1184553540e+00
           762         5.2614865501e-06                            89         3.4333068229e+01        -5.1184563256e+00
           817         5.6472685927e-07                            29         1.5486124259e+01        -5.1184563256e+00
           780         3.7715730906e-06                            91         3.7328706281e+01        -5.1184553540e+00
           821         5.9098069759e-06                           109         5.2550998424e+01        -5.1184563256e+00
           825         3.2918154494e-06                            69         4.4571223733e+01        -5.1184563256e+00
           784         2.6772773535e-06                            55         2.0887198816e+01        -5.1184563256e+00
           727         4.0839404155e-06                            57         2.3030395062e+01        -5.1184563256e+00
           770         7.7210537398e-06                           141         6.6149875175e+01        -5.1184553540e+00
           829         4.4864931902e-06                            93         5.2771526632e+01        -5.1184553540e+00
           788         1.2839167769e-06                            47         3.2224055209e+01        -5.1184553540e+00
           731         1.0792077975e-05                           209         6.3363580300e+01        -5.1184563256e+00
           774         9.7091614189e-07                            25         2.2566753212e+01        -5.1184563256e+00
           833         2.2129491274e-06                            65         3.4158158801e+01        -5.1184563256e+00
           735         3.6391092603e-07                            13         1.3316863821e+01        -5.1184553754e+00
           778         8.3140563874e-06                           167         9.0431647460e+01        -5.1184553754e+00
           796         2.9880279409e-06                            67         3.1067759324e+01        -5.1184563256e+00
           837         1.4501068987e-06                            23         1.6986457150e+01        -5.1184563256e+00
           739         3.2076558945e-06                            85         4.9729823244e+01        -5.1184553540e+00
           800         5.1225769346e-06                           119         4.2511129898e+01        -5.1184563256e+00
           841         6.9736500981e-06                           171         8.4033375197e+01        -5.1184553754e+00
           804         5.5644936980e-06                           107         5.3407650307e+01        -5.1184563256e+00
           790         4.3920367394e-06                            89         3.6099038786e+01        -5.1184563256e+00
           845         4.5427213532e-06                            83         4.0089357074e+01        -5.1184553754e+00
           747         4.4192856206e-07                            25         1.7474828652e+01        -5.1184563256e+00
           808         1.5891475884e-06                            47         3.0346647967e+01        -5.1184553540e+00
           751         7.0246320958e-07                             9         7.7979806263e+00        -5.1184553540e+00
           849         7.9947172316e-06                           183         8.2453589137e+01        -5.1184553540e+00
           812         7.8652262809e-07                            27         1.7319119788e+01        -5.1184563256e+00
           798         1.1269025514e-06                            43         2.1350650157e+01        -5.1184563256e+00
           853         9.8788216367e-06                           165         8.3337993426e+01        -5.1184553754e+00
           816         4.0814683135e-06                           109         5.8753200964e+01        -5.1184563256e+00
           759         1.8228502304e-06                            45         2.5828745283e+01        -5.1184553754e+00
           802         9.6942458897e-07                            13         1.1027606695e+01        -5.1184563256e+00
           820         3.3232772485e-07                            11         1.1213996553e+01        -5.1184563256e+00
           763         6.0999108849e-06                           121         5.6697708238e+01        -5.1184563256e+00
           861         4.6657823751e-06                            97         4.2084593318e+01        -5.1184563256e+00
           824         3.1639018887e-06                            87         4.0566888380e+01        -5.1184553540e+00
           806         5.3224881301e-06                           147         8.7297209797e+01        -5.1184563256e+00
           767         9.5288828882e-07                            17         8.5558554503e+00        -5.1184563256e+00
           828         2.2466094162e-06                            55         3.1286851544e+01        -5.1184553754e+00
           771         1.1518772927e-06                            25         1.3218809518e+01        -5.1184563256e+00
           869         2.5397343291e-06                            41         2.4836309664e+01        -5.1184563256e+00
           832         2.0934725486e-06                            51         3.2602312188e+01        -5.1184563256e+00
           775         1.9233734860e-06                            47         3.8221003835e+01        -5.1184563256e+00
           873         3.9105139366e-06                            63         2.9358630073e+01        -5.1184563256e+00
           836         7.2253972163e-06                           153         7.1845592027e+01        -5.1184553540e+00
           818         3.2201861121e-06                            89         4.9861726254e+01        -5.1184581790e+00
           877         1.7307372009e-05                           467         2.6702740407e+02        -5.1184543824e+00
           840         9.9601694510e-07                            33         2.9431713918e+01        -5.1184553754e+00
           783         4.3365799340e-07                            15         1.1082986848e+01        -5.1184563256e+00
           822         7.0123741009e-07                            23         1.7359703285e+01        -5.1184553754e+00
           881         5.1249529313e-07                            17         1.9079765143e+01        -5.1184563256e+00
           844         7.9113814972e-06                           201         1.0761151438e+02        -5.1184563470e+00
           787         2.0339535906e-06                            65         3.3925216102e+01        -5.1184563256e+00
           826         1.6637798211e-06                            45         2.1074696564e+01        -5.1184563256e+00
           848         1.5969203697e-06                            49         3.2390340050e+01        -5.1184553540e+00
           791         1.3087289497e-06                            33         2.1665354957e+01        -5.1184563256e+00
           830         9.6423320000e-06                           189         8.8930160728e+01        -5.1184553754e+00
           889         8.7701590719e-07                            21         1.6316654981e+01        -5.1184553540e+00
           852         2.1552863979e-06                            49         2.5500329774e+01        -5.1184553540e+00
           795         3.4251602663e-06                            57         2.9660104468e+01        -5.1184563256e+00
           834         1.3671675781e-06                            23         1.5843183796e+01        -5.1184553754e+00
           799         6.4865588813e-06                           163         7.0510052289e+01        -5.1184563256e+00
           893         1.0439016374e-05                           165         7.7659526437e+01        -5.1184563256e+00
           838         1.0698317245e-06                            31         2.5331105726e+01        -5.1184553754e+00
           860         4.8964128287e-06                           129         5.2954159048e+01        -5.1184563256e+00
           897         3.7302226048e-06                           125         7.4010489566e+01        -5.1184563256e+00
           842         1.0340395544e-05                           277         1.2193611227e+02        -5.1184563256e+00
           864         3.6320386152e-06                            53         2.2994545166e+01        -5.1184553540e+00
           807         5.9394446954e-06                            75         3.3308324459e+01        -5.1184553540e+00
           901         2.0314805028e-06                            45         1.6606822126e+01        -5.1184563256e+00
           868         4.6333638669e-06                           107         5.9452217056e+01        -5.1184563256e+00
           811         1.1349128787e-06                            33         1.7327444101e+01        -5.1184563256e+00
           905         2.6337042152e-06                            73         3.7352761383e+01        -5.1184563256e+00
           850         5.7771173450e-06                           121         6.1233465963e+01        -5.1184572972e+00
           872         2.2413256594e-06                            57         2.8630032592e+01        -5.1184553754e+00
           815         4.3716339220e-06                           105         5.0288042928e+01        -5.1184553540e+00
           909         1.1833013550e-06                            21         9.6712610272e+00        -5.1184563256e+00
           854         1.8008117159e-06                            47         2.7557511654e+01        -5.1184563256e+00
           876         4.9187858191e-06                            89         3.6616506100e+01        -5.1184553540e+00
           819         1.1107161281e-05                           197         7.5383210683e+01        -5.1184563256e+00
           913         1.8852228037e-06                            51         3.0155863735e+01        -5.1184563256e+00
           858         4.1716445563e-07                            13         9.7074664771e+00        -5.1184563256e+00
           823         3.0817443540e-06                            71         4.0984031763e+01        -5.1184563256e+00
           862         3.8205823101e-06                            89         4.0988635025e+01        -5.1184563256e+00
           917         7.6576744357e-06                           147         7.8396447276e+01        -5.1184553540e+00
           866         1.2798664688e-06                            31         2.3872400352e+01        -5.1184553540e+00
           884         5.9049757204e-07                            29         2.4881634483e+01        -5.1184563256e+00
           831         1.9071047353e-05                           347         1.1582936814e+02        -5.1184553540e+00
           925         2.2332634286e-06                            43         2.0513716529e+01        -5.1184553540e+00
           888         8.9389372018e-06                           171         6.9406062178e+01        -5.1184563256e+00
           870         3.1491347751e-07                             9         8.9825582054e+00        -5.1184563256e+00
           835         4.2794090844e-06                            89         4.8820400648e+01        -5.1184563256e+00
           929         8.9297592944e-07                            21         1.1751783023e+01        -5.1184563256e+00
           839         1.7134227796e-06                            39         2.2014520998e+01        -5.1184563256e+00
           896         4.1392182378e-06                            75         3.1437784514e+01        -5.1184553540e+00
           933         3.3900354837e-06                            85         4.8577071059e+01        -5.1184563256e+00
           878         2.0434384207e-06                            67         4.1791441383e+01        -5.1184563256e+00
           900         2.7852827119e-06                            59         2.4335606407e+01        -5.1184563256e+00
           937         2.9980291561e-06                            69         3.9970713086e+01        -5.1184563256e+00
           882         1.9217340032e-06                            49         2.3992106720e+01        -5.1184563256e+00
           847         1.4068820219e-06                            37         2.4634589623e+01        -5.1184563256e+00
           941         1.4714074206e-05                           263         9.3333618604e+01        -5.1184553540e+00
           886         6.4640000893e-06                           143         6.1321276782e+01        -5.1184553540e+00
           851         7.6740615433e-06                           163         7.1600740285e+01        -5.1184563256e+00
           945         3.5710856694e-06                           111         5.0509912950e+01        -5.1184563256e+00
           855         1.2525533963e-06                            43         1.9531065779e+01        -5.1184553540e+00
           912         5.2687927025e-06                           101         3.9180863535e+01        -5.1184553540e+00
           949         2.8956999529e-06                            87         5.1397423772e+01        -5.1184563256e+00
           894         4.8724325526e-06                            99         4.1231859161e+01        -5.1184563256e+00
           953         1.3689801813e-06                            65         3.7544782154e+01        -5.1184563256e+00
           863         4.1681949139e-06                            87         5.3652922010e+01        -5.1184563256e+00
           920         2.6548340711e-06                            59         3.2615073404e+01        -5.1184563256e+00
           867         3.0411271878e-06                            81         4.6148491105e+01        -5.1184553754e+00
           924         4.2863976416e-06                           107         3.8636232839e+01        -5.1184563256e+00
           965         1.1979053565e-05                           203         7.7926470861e+01        -5.1184563256e+00
           906         1.0099114808e-05                           213         9.0193523268e+01        -5.1184553540e+00
           928         1.0936089491e-06                            17         1.1678191755e+01        -5.1184553540e+00
           969         1.5073921683e-05                           283         1.3240406176e+02        -5.1184515573e+00
           875         2.2641654692e-06                            51         3.3299515581e+01        -5.1184553754e+00
           973         3.7521508077e-07                             7         7.4411951583e+00        -5.1184563256e+00
           879         2.8964356606e-06                            77         3.7948556056e+01        -5.1184553540e+00
           936         1.0609760793e-05                           159         6.9468625301e+01        -5.1184563256e+00
           918         9.1205601281e-07                            43         3.1367507775e+01        -5.1184563256e+00
           883         9.0265380555e-06                           195         8.4202996141e+01        -5.1184563256e+00
           985         4.1028731515e-06                           107         4.4879249545e+01        -5.1184553540e+00
           922         7.0541217247e-07                            27         1.9222621872e+01        -5.1184563256e+00
           887         1.1081421903e-05                           233         1.0720102325e+02        -5.1184572972e+00
           944         3.1249789817e-07                            15         1.2514619315e+01        -5.1184563256e+00
           926         2.7195578430e-06                            47         2.9618568604e+01        -5.1184563256e+00
           993         1.1161565672e-05                           213         8.3301081558e+01        -5.1184563256e+00
           948         7.1776784116e-07                            25         2.2048907078e+01        -5.1184563256e+00
           895         6.5516089739e-06                           125         5.0771143300e+01        -5.1184563256e+00
           997         2.7854131138e-06                            63         2.3548820722e+01        -5.1184553540e+00
           899         2.6855887733e-06                            67         3.6568880410e+01        -5.1184553540e+00
           952         7.2703847135e-07                            27         1.5274162535e+01        -5.1184553540e+00
           934         4.5770873361e-06                           171         1.0444054134e+02        -5.1184563256e+00
           903         6.7907668613e-06                           111         4.0070257765e+01        -5.1184553540e+00
           956         1.3161690366e-06                            25         1.9597335537e+01        -5.1184553540e+00
           938         9.8448660106e-06                           177         6.5679926714e+01        -5.1184553540e+00
           907         1.3401255985e-05                           255         9.1270352200e+01        -5.1184553754e+00
           960         9.6978760818e-07                            37         2.6208635776e+01        -5.1184553540e+00
           911         2.5642904217e-06                            51         2.6021890980e+01        -5.1184563256e+00
           942         5.3162687424e-06                           113         5.9601422551e+01        -5.1184563256e+00
           964         5.6469091691e-06                           123         5.5252969817e+01        -5.1184563256e+00
           946         4.4083278841e-06                           141         7.1043620994e+01        -5.1184553540e+00
           915         7.2046408307e-07                            21         1.3843275353e+01        -5.1184563256e+00
           968         2.1180110808e-06                            47         2.1056539430e+01        -5.1184553540e+00
           919         4.7222984840e-06                            89         4.2417789247e+01        -5.1184563256e+00
           972         3.3945419177e-06                            91         4.6396926674e+01        -5.1184563256e+00
           923         1.0348391807e-06                            47         3.2686412177e+01        -5.1184563256e+00
           976         6.2584447267e-06                           151         8.0264793898e+01        -5.1184553754e+00
           954         7.0597070459e-06                           121         5.0282727319e+01        -5.1184563256e+00
           980         4.8852717199e-07                            23         1.5745940915e+01        -5.1184563256e+00
           958         2.7088878495e-06                            53         2.7176486450e+01        -5.1184553754e+00
           984         4.6072145586e-06                            71         3.0423145849e+01        -5.1184553540e+00
           931         9.9969226386e-07                            29         2.3905274894e+01        -5.1184563256e+00
           966         3.6263558240e-06                            65         3.0285977432e+01        -5.1184553754e+00
           935         3.3352409046e-07                            11         1.2947136888e+01        -5.1184563256e+00
           988         9.7646072267e-06                           199         9.5829276096e+01        -5.1184563256e+00
           970         1.2062138057e-06                            35         2.1561454734e+01        -5.1184553754e+00
           939         4.2683429944e-06                            81         3.2609952499e+01        -5.1184563256e+00
           992         9.3838581004e-07                            53         4.0399204920e+01        -5.1184563256e+00
           974         5.5664289631e-06                           165         9.8159225545e+01        -5.1184563256e+00
           943         5.0451873170e-06                            91         3.2453626489e+01        -5.1184563256e+00
           996         4.3702438861e-06                           107         4.2482529582e+01        -5.1184563256e+00
           978         2.0186046731e-05                           365         1.4895937448e+02        -5.1184563256e+00
           947         1.2114482852e-06                            27         1.8938397947e+01        -5.1184563256e+00
           982         3.2933607896e-06                            67         3.0788181570e+01        -5.1184553540e+00
           951         5.4228769429e-07                            15         1.2380765905e+01        -5.1184563256e+00
           986         1.8918369529e-06                            43         2.7506715697e+01        -5.1184563256e+00
           955         7.1191170078e-06                           173         9.7909838534e+01        -5.1184544038e+00
           990         7.4398855471e-06                           155         8.9093399314e+01        -5.1184572758e+00
           959         4.6651522000e-07                            15         1.3229196607e+01        -5.1184553754e+00
           994         1.6829980853e-05                           297         1.1046148909e+02        -5.1184563256e+00
           963         7.8821916518e-06                           191         9.4866002071e+01        -5.1184563256e+00
           998         2.1352412095e-06                            59         3.0691561813e+01        -5.1184563256e+00
           967         1.6934528760e-06                            47         2.4213077461e+01        -5.1184553754e+00
           971         5.8339652903e-07                            45         3.2193683773e+01        -5.1184563256e+00
           975         8.9104865547e-06                           173         7.4934542267e+01        -5.1184553540e+00
           979         2.9242276713e-06                            55         2.0170583609e+01        -5.1184563256e+00
           983         1.9589555244e-06                            41         2.0805820589e+01        -5.1184563256e+00
           987         1.5714934081e-06                            29         2.6866809135e+01        -5.1184563256e+00
           991         1.4860757335e-06                            49         2.8372191420e+01        -5.1184563256e+00
           995         1.1445210214e-06                            13         1.0211165261e+01        -5.1184563256e+00
           999         2.9819245150e-07                            19         1.4835136311e+01        -5.1184553540e+00
