             2         3.0777370849e-06                            85         4.6885564363e+01        -7.1710732812e-01
             3         8.1438895063e-06                           159         1.0234906337e+02        -7.1710736120e-01
             1         2.2002249872e-06                            49         4.0244656415e+01        -7.1710736120e-01
             4         5.9484246301e-06                           105         7.5399745553e+01        -7.1710647170e-01
             5         1.2562727189e-06                            69         4.6454165781e+01        -7.1710736120e-01
            10         1.2666263488e-05                           273         1.9517000846e+02        -7.1710533286e-01
             9         4.3493343162e-06                           163         1.2384771911e+02        -7.1710732812e-01
            11         7.7350530395e-07                            35         3.1799526821e+01        -7.1710736120e-01
            14         1.3585260882e-06                            67         4.4896886154e+01        -7.1710736120e-01
            13         1.0450261749e-05                           125         1.0573697787e+02        -7.1710736120e-01
            16         1.4263938745e-05                           189         1.3941244600e+02        -7.1710739427e-01
            18         9.7213825060e-06                           249         1.7254685250e+02        -7.1710825069e-01
            15         1.8959727912e-06                           123         8.5107102647e+01        -7.1710732812e-01
            17         3.6662535404e-06                            69         5.1358471687e+01        -7.1710736120e-01
            20         6.1911153628e-06                           227         1.4114593751e+02        -7.1710736120e-01
            22         9.2284843076e-06                           193         1.2608677740e+02        -7.1710919106e-01
            21         3.8422139700e-07                            13         1.1093885021e+01        -7.1710736120e-01
            24         1.4291674730e-06                            67         6.3295350347e+01        -7.1710647170e-01
            26         1.5052898771e-06                            43         3.2281111789e+01        -7.1710732812e-01
            25         2.3485650862e-06                            31         2.7982684984e+01        -7.1710732812e-01
            28         1.1910099603e-05                           171         1.5376266082e+02        -7.1710546517e-01
            30         5.3421372617e-06                           111         8.2485321459e+01        -7.1710543209e-01
            29         5.4442313038e-06                           219         1.3314131381e+02        -7.1710546517e-01
            32         7.1556471290e-07                            29         2.3132693941e+01        -7.1710825069e-01
            34         7.0975910428e-06                            89         7.0382811707e+01        -7.1710732812e-01
            33         1.4673147241e-06                            23         1.7927998401e+01        -7.1710736120e-01
            36         1.2541659518e-05                           129         1.0900332791e+02        -7.1710635467e-01
            27         4.5222768738e-06                            75         5.5713047593e+01        -7.1710825069e-01
            38         4.0282590467e-06                           161         1.2311488161e+02        -7.1710729504e-01
            37         3.6670923627e-07                            27         1.5275067115e+01        -7.1710732812e-01
            40         3.0979683416e-06                            65         4.6802239672e+01        -7.1710546517e-01
            42         1.0068158852e-05                           285         1.7266096885e+02        -7.1710825069e-01
            41         1.5926761189e-06                            33         2.5259934294e+01        -7.1710732812e-01
            44         5.7108109831e-06                           115         8.3699388640e+01        -7.1710546517e-01
            46         2.0059603276e-06                            31         2.9410432320e+01        -7.1710732812e-01
            45         2.9864946131e-06                            55         4.6540820841e+01        -7.1710732812e-01
            35         2.2332855333e-07                            11         1.2784411652e+01        -7.1710736120e-01
            50         4.2941948304e-06                            87         5.6596121602e+01        -7.1710732812e-01
            39         8.8981902582e-07                            23         2.1559704086e+01        -7.1710736120e-01
            49         1.1064654240e-06                            23         1.7934993263e+01        -7.1710736120e-01
            54         3.2458627091e-06                            65         4.8916187781e+01        -7.1710825069e-01
            56         1.7229255577e-06                            87         4.7681759843e+01        -7.1710736120e-01
            43         3.2297241701e-06                           129         7.7873026670e+01        -7.1710821761e-01
            53         2.9519234267e-06                            97         6.0363144621e+01        -7.1710736120e-01
            58         1.6183362072e-06                            31         3.6785333879e+01        -7.1710356915e-01
            60         8.7545117272e-08                             5         8.6058076251e+00        -7.1710546517e-01
            47         1.0897056225e-05                           135         1.0936914385e+02        -7.1710353607e-01
            57         2.8233479110e-06                            47         2.9834948251e+01        -7.1710732812e-01
            62         6.6252294262e-06                           165         9.3718195038e+01        -7.1710732812e-01
            64         5.5467509608e-06                            71         6.0159897311e+01        -7.1710729504e-01
            51         4.0477918211e-06                           113         7.7561999246e+01        -7.1710736120e-01
            66         5.2202691124e-06                            79         5.4334849838e+01        -7.1710732812e-01
            68         1.3031015973e-06                            27         1.8506588434e+01        -7.1710732812e-01
            55         1.8678626708e-06                            37         3.8586631481e+01        -7.1710729504e-01
            65         3.4869962832e-06                            85         6.6348587330e+01        -7.1710742735e-01
            70         1.3208865062e-06                            73         4.8184241914e+01        -7.1710732812e-01
            59         3.2122912228e-06                            85         7.8730489301e+01        -7.1710643862e-01
            74         1.9885840069e-06                            45         3.0150809939e+01        -7.1710732812e-01
            63         3.2997990606e-06                            47         3.2031299093e+01        -7.1710736120e-01
            78         2.3361275935e-06                            79         5.0944323230e+01        -7.1710736120e-01
            67         3.3729607219e-06                            25         2.1727124612e+01        -7.1710732812e-01
            82         6.0230371247e-06                            95         8.0983485811e+01        -7.1711014671e-01
            84         1.9606956027e-06                            69         5.0960601308e+01        -7.1710736120e-01
            81         1.5806067301e-06                            65         3.5916874505e+01        -7.1710732812e-01
            75         4.2361298073e-06                            39         3.9248808831e+01        -7.1710546517e-01
            88         2.8440363420e-06                            57         4.2256985439e+01        -7.1710736120e-01
            90         9.3157799462e-07                            31         2.0972690587e+01        -7.1710736120e-01
            85         1.7623911224e-06                            29         1.7729690996e+01        -7.1710736120e-01
            79         1.7956019802e-06                            63         3.9159854783e+01        -7.1710736120e-01
            92         4.5244366109e-07                            25         1.8963302034e+01        -7.1710732812e-01
            94         6.3620222771e-06                           215         1.2634013816e+02        -7.1710546517e-01
            89         9.5418557151e-07                            45         3.3967662920e+01        -7.1710732812e-01
            83         1.9231271710e-06                            63         4.0426818350e+01        -7.1710736120e-01
            96         4.0406228737e-06                            71         5.5009708345e+01        -7.1710732812e-01
            93         2.6340000249e-06                            57         3.3103961905e+01        -7.1710732812e-01
            87         1.3633856413e-05                           321         2.1099378875e+02        -7.1711118632e-01
           100         6.3858811150e-07                            13         1.8051835677e+01        -7.1710546517e-01
            91         2.4111924913e-06                            33         2.8380625705e+01        -7.1710736120e-01
            97         1.9493980724e-06                            25         2.0339259877e+01        -7.1710736120e-01
           104         2.6388974114e-06                           117         6.1630118851e+01        -7.1710925722e-01
           106         8.2546103700e-07                            11         1.2557320301e+01        -7.1710825069e-01
           101         4.0148394570e-06                            97         7.1002578562e+01        -7.1710546517e-01
            95         3.8483682544e-06                            67         5.5119897088e+01        -7.1710454260e-01
           108         1.5284803530e-06                            23         2.1817417186e+01        -7.1710825069e-01
           110         5.3226731863e-07                            13         1.3641163000e+01        -7.1710732812e-01
           105         2.1101059250e-06                            19         1.9100056435e+01        -7.1710732812e-01
            99         2.7056914464e-06                           101         5.9993687178e+01        -7.1710922414e-01
           112         1.0296407569e-05                           167         1.2988556833e+02        -7.1710736120e-01
           114         2.3907540737e-06                            73         5.0904056329e+01        -7.1710732812e-01
           109         5.0482316600e-06                            97         7.2453340231e+01        -7.1710732812e-01
           103         7.5336433167e-06                           129         9.0966068129e+01        -7.1710732812e-01
           116         2.2709771969e-06                            45         2.7101799202e+01        -7.1710825069e-01
           113         2.8237956284e-06                            63         4.5818701270e+01        -7.1710736120e-01
           107         8.7630515360e-07                            19         1.5388890755e+01        -7.1710732812e-01
           120         6.3768776169e-06                            89         5.9024976354e+01        -7.1710736120e-01
           122         6.9430797167e-06                           133         9.8091038479e+01        -7.1710546517e-01
           121         3.2381952978e-06                            33         2.9781908221e+01        -7.1710736120e-01
           115         1.4183695731e-05                           199         1.4702389655e+02        -7.1710732812e-01
           126         8.8203868227e-06                           113         8.3351939832e+01        -7.1710445864e-01
           125         5.2081467629e-07                            37         4.0784855049e+01        -7.1710825069e-01
           119         3.8902765526e-06                            65         4.1571716828e+01        -7.1710732812e-01
           128         3.3584245137e-06                            63         3.7516061622e+01        -7.1710546517e-01
           130         2.4222493089e-06                            63         3.2121004501e+01        -7.1710736120e-01
           129         6.6344526536e-06                           145         9.8313787751e+01        -7.1710546517e-01
           123         6.8168325265e-07                            11         1.2061348077e+01        -7.1710736120e-01
           132         2.3469914972e-06                           113         5.5278229210e+01        -7.1710825069e-01
           133         9.3067720649e-07                            63         5.5710606699e+01        -7.1710739427e-01
           136         2.5024825548e-06                            79         5.3443308970e+01        -7.1710546517e-01
           138         2.5648641467e-06                            47         3.5170869092e+01        -7.1710736120e-01
           137         8.9784274111e-06                           165         1.0248359751e+02        -7.1710732812e-01
           140         8.2054703351e-06                           103         8.0755625082e+01        -7.1710546517e-01
           131         4.2186944149e-06                            49         3.8319059667e+01        -7.1710732812e-01
           142         1.1225413680e-05                           325         2.0473961657e+02        -7.1710919106e-01
           141         4.5937983344e-06                           111         7.8205545623e+01        -7.1710821761e-01
           144         6.0075643241e-06                            73         6.7743595941e+01        -7.1710739427e-01
           135         5.7514388767e-06                            99         6.8020285985e+01        -7.1710736120e-01
           146         1.9133570255e-06                            97         4.5542786593e+01        -7.1710732812e-01
           145         2.3796327899e-06                           101         5.2258322022e+01        -7.1710922414e-01
           139         5.7860899550e-07                            23         1.9015499920e+01        -7.1710736120e-01
           150         7.6188176996e-07                            49         3.4053647848e+01        -7.1710546517e-01
           149         8.7426347043e-06                           177         1.3958689792e+02        -7.1710647170e-01
           152         3.4790758311e-06                            89         6.5480948149e+01        -7.1710736120e-01
           143         2.0358902635e-06                            23         2.3330093238e+01        -7.1710732812e-01
           154         2.5809643968e-06                            83         5.4676405472e+01        -7.1710356915e-01
           153         9.2120683164e-06                           111         8.0877525772e+01        -7.1710546517e-01
           156         1.3188401049e-06                            23         2.0696140742e+01        -7.1710732812e-01
           147         3.2928394294e-06                            73         5.3990565950e+01        -7.1710825069e-01
           157         8.2262002058e-07                            19         2.0081828447e+01        -7.1710825069e-01
           158         6.2460600673e-06                            69         5.6726620813e+01        -7.1710732812e-01
           160         1.7375375025e-06                            61         5.5701086978e+01        -7.1710822903e-01
           151         2.1979589601e-07                             7         1.0585726301e+01        -7.1710736120e-01
           161         1.6133198840e-06                            15         1.5244164031e+01        -7.1710736120e-01
           162         6.5249589474e-06                           153         1.1256185645e+02        -7.1711112016e-01
           165         2.2245805542e-06                            39         3.3015071581e+01        -7.1710736120e-01
           164         6.2129083061e-06                            69         6.9507580247e+01        -7.1710650478e-01
           166         1.1882952714e-05                           211         1.6504859884e+02        -7.1710729504e-01
           168         5.6652722505e-06                           147         9.9820509153e+01        -7.1710736120e-01
           159         8.5289877305e-06                           223         1.6388518893e+02        -7.1711011363e-01
           169         5.5272207079e-06                            89         7.5262801620e+01        -7.1710546517e-01
           170         2.5981868077e-06                            27         2.7291716096e+01        -7.1711014671e-01
           163         7.6169213121e-06                           165         1.0592522559e+02        -7.1710546517e-01
           173         9.4908659500e-06                           143         1.1344237702e+02        -7.1710828377e-01
           172         2.4274552141e-06                           117         7.8921646707e+01        -7.1710729504e-01
           174         2.4744344455e-06                           103         5.0741789244e+01        -7.1710736120e-01
           167         4.5983805445e-06                           149         9.4458435081e+01        -7.1710828377e-01
           177         1.1772692584e-06                            35         2.2545943969e+01        -7.1710825069e-01
           176         1.0237765898e-06                            27         2.0192536745e+01        -7.1710732812e-01
           178         2.4795773772e-06                            47         3.1165817671e+01        -7.1710732812e-01
           171         1.0636423833e-06                            51         2.6915639189e+01        -7.1710546517e-01
           181         3.5953952426e-06                            41         3.8466536685e+01        -7.1710546517e-01
           180         2.2410801937e-06                            27         2.4223312433e+01        -7.1710546517e-01
           175         8.5503323831e-07                            23         1.6409247792e+01        -7.1710732812e-01
           182         6.6784986596e-06                            59         4.4825476294e+01        -7.1710543209e-01
           185         2.0292416202e-06                            61         5.4823934405e+01        -7.1710739427e-01
           184         7.1428451123e-06                           127         8.4325147520e+01        -7.1710546517e-01
           179         1.7394758917e-05                           211         1.5813459554e+02        -7.1710543209e-01
           186         4.7058952473e-06                            67         5.2766341356e+01        -7.1710736120e-01
           183         4.8588042625e-07                            13         1.5298221204e+01        -7.1710732812e-01
           188         1.2072594346e-06                            27         1.9029353660e+01        -7.1710732812e-01
           193         4.8614536437e-06                            85         6.6566326205e+01        -7.1710922414e-01
           190         8.8763535094e-06                           151         1.0643658643e+02        -7.1711112016e-01
           187         4.3745462680e-06                            53         4.1013607466e+01        -7.1710736120e-01
           192         3.7027177423e-06                            47         3.5048686273e+01        -7.1710732812e-01
           194         5.5000310748e-06                           105         7.8406721870e+01        -7.1710736120e-01
           191         3.7616081136e-06                            87         6.7952855545e+01        -7.1710922414e-01
           201         2.0546806477e-06                            25         1.9545257185e+01        -7.1710732812e-01
           196         1.1788449411e-05                           247         1.7090638616e+02        -7.1710732812e-01
           205         2.6863077979e-06                            99         6.1223236833e+01        -7.1710732812e-01
           195         2.2336820519e-06                            43         2.5887587364e+01        -7.1710732812e-01
           200         3.5439884725e-06                            49         4.0207437502e+01        -7.1711014671e-01
           199         9.1876272696e-07                            17         1.4756905781e+01        -7.1710546517e-01
           209         7.1118581050e-06                            91         6.3235213754e+01        -7.1710736120e-01
           202         4.7195406525e-06                           143         9.0012652826e+01        -7.1710353607e-01
           203         7.9748713523e-07                            29         2.6681445916e+01        -7.1710635467e-01
           213         3.8955629784e-06                           139         9.9850110915e+01        -7.1710736120e-01
           206         2.3190332694e-06                            45         3.6217070054e+01        -7.1710546517e-01
           217         3.6604155747e-06                            43         3.8028804011e+01        -7.1710732812e-01
           212         1.1217674170e-06                            29         2.5682607453e+01        -7.1710736120e-01
           210         2.6086253941e-05                           479         3.2318168551e+02        -7.1711204273e-01
           221         1.5210114192e-06                            75         4.4824390195e+01        -7.1710732812e-01
           216         3.8062194147e-06                           225         1.3960960440e+02        -7.1710736120e-01
           211         8.8014178468e-06                           165         1.3719532182e+02        -7.1710546517e-01
           214         3.3660415409e-06                           143         6.9207306745e+01        -7.1710736120e-01
           225         4.9364059763e-07                            23         1.8843768246e+01        -7.1710732812e-01
           220         2.4523535299e-06                           103         6.2985843369e+01        -7.1710732812e-01
           215         7.8670784161e-06                            95         7.1090513192e+01        -7.1710736120e-01
           218         7.3973999982e-06                           197         1.1353229911e+02        -7.1710821761e-01
           224         2.1859307021e-06                            81         3.9326374367e+01        -7.1710736120e-01
           219         2.2167251952e-06                            43         2.7512068898e+01        -7.1710825069e-01
           228         7.4614137629e-06                           159         1.2710377735e+02        -7.1710922414e-01
           226         3.6111527365e-06                            89         6.7181975494e+01        -7.1710356915e-01
           223         8.0290566938e-06                           133         9.7632014279e+01        -7.1710638775e-01
           237         8.5529146295e-06                           155         1.0799200335e+02        -7.1710736120e-01
           230         3.0483488335e-06                            71         4.8519509388e+01        -7.1710825069e-01
           227         2.6598481596e-06                            43         3.6027299013e+01        -7.1710736120e-01
           241         5.8189137760e-06                           195         1.2006240933e+02        -7.1710736120e-01
           234         5.2477902627e-06                           185         1.4809012600e+02        -7.1710925722e-01
           231         6.2261323010e-06                           133         1.0220101684e+02        -7.1710732812e-01
           245         2.7392943220e-06                           109         6.2108706188e+01        -7.1710825069e-01
           240         6.8351631730e-06                           181         1.0478812606e+02        -7.1710922414e-01
           238         7.1819656334e-06                            67         5.5474564862e+01        -7.1710825069e-01
           235         5.1362582742e-06                            85         6.2790254384e+01        -7.1710546517e-01
           249         2.8204399471e-06                           109         7.4873177217e+01        -7.1710736120e-01
           242         9.1727066941e-06                           109         7.7174984771e+01        -7.1710736120e-01
           239         2.8093079376e-06                            33         3.3613163372e+01        -7.1710546517e-01
           253         3.3033350515e-06                            57         5.0755787112e+01        -7.1710549825e-01
           248         1.3719256561e-05                           229         1.6151256220e+02        -7.1711106929e-01
           246         4.2710830001e-06                            67         4.7075140007e+01        -7.1710736120e-01
           243         4.3753581282e-07                            21         1.9687937929e+01        -7.1710732812e-01
           257         3.3379405976e-06                            49         4.1960107049e+01        -7.1710732812e-01
           252         1.5029520061e-06                            47         2.7455963814e+01        -7.1710736120e-01
           250         1.0622228987e-06                            21         1.7825238835e+01        -7.1710732812e-01
           247         1.4734412955e-06                            47         2.9936951796e+01        -7.1710546517e-01
           261         6.2545614905e-06                           117         6.9002397665e+01        -7.1710736120e-01
           254         1.0527513804e-05                           173         1.2918921434e+02        -7.1710736120e-01
           251         1.3649778551e-06                            29         2.5394700641e+01        -7.1710736120e-01
           265         9.1434101708e-07                            33         1.6281697379e+01        -7.1710736120e-01
           260         4.8530286156e-06                            81         6.6274143204e+01        -7.1710732812e-01
           255         5.3685128344e-07                            13         1.1630865173e+01        -7.1710825069e-01
           269         2.6112384240e-06                           109         5.2788739338e+01        -7.1710732812e-01
           262         1.3610074744e-06                            33         2.0136155237e+01        -7.1710546517e-01
           259         2.5970161782e-06                            39         3.8717651345e+01        -7.1710546517e-01
           273         1.5676931613e-06                            15         1.2370749581e+01        -7.1710825069e-01
           264         1.2403751597e-06                            27         2.1505576926e+01        -7.1710825069e-01
           263         4.0118319183e-06                            87         6.4268499622e+01        -7.1710922414e-01
           277         2.0680567896e-06                            35         2.5611400736e+01        -7.1710736120e-01
           268         3.8760980603e-07                            19         1.8752148727e+01        -7.1710736120e-01
           270         3.2144252916e-06                            59         4.0205545614e+01        -7.1710736120e-01
           267         6.2506063674e-06                           139         9.9503926291e+01        -7.1710831685e-01
           281         2.9011701017e-06                            87         7.3664681693e+01        -7.1710828377e-01
           272         8.9007032647e-06                           175         1.0575153219e+02        -7.1710732812e-01
           274         2.8220683381e-06                            37         3.6002210785e+01        -7.1710729504e-01
           271         2.3538070895e-06                            39         2.9802918769e+01        -7.1710736120e-01
           285         7.5901735702e-06                           115         7.7976022339e+01        -7.1711014671e-01
           276         2.7719320088e-06                            93         7.1149441194e+01        -7.1710732812e-01
           278         2.3118229653e-06                            47         3.6148958201e+01        -7.1710643862e-01
           289         1.5718434380e-05                           355         2.3050623796e+02        -7.1710271274e-01
           280         8.2978546186e-06                           139         9.1020718404e+01        -7.1710647170e-01
           279         7.7399092810e-06                           155         1.0806112060e+02        -7.1710914018e-01
           282         4.0588851106e-07                            11         1.1535177474e+01        -7.1710825069e-01
           284         9.2084721458e-07                            31         1.9960859647e+01        -7.1710546517e-01
           283         5.0337276855e-06                            81         6.3997747326e+01        -7.1710736120e-01
           287         2.3001949792e-06                            45         3.9016711020e+01        -7.1710922414e-01
           297         6.9229617957e-06                            95         7.3527871976e+01        -7.1710643862e-01
           288         4.7379684889e-06                            79         5.5340249968e+01        -7.1710647170e-01
           290         4.5490023837e-06                            79         5.1079521103e+01        -7.1710736120e-01
           291         1.8000326464e-06                            21         1.7315584412e+01        -7.1710732812e-01
           292         5.0828014296e-06                           199         1.0367383068e+02        -7.1710736120e-01
           305         2.3697262032e-06                            85         5.1255948828e+01        -7.1710732812e-01
           296         6.9085808009e-07                            19         1.4137296569e+01        -7.1710732812e-01
           295         9.6552403768e-07                            17         1.4323968734e+01        -7.1710732812e-01
           309         7.6144127871e-06                           157         1.0523924833e+02        -7.1710732812e-01
           298         1.2787839553e-06                            51         3.1161196416e+01        -7.1710732812e-01
           299         3.1533120780e-06                            55         4.6708989375e+01        -7.1710732812e-01
           304         2.7077279432e-06                            53         3.6322260462e+01        -7.1710732812e-01
           303         6.5733415741e-06                            75         6.9205137892e+01        -7.1710922414e-01
           302         3.7787359396e-06                            75         6.8532085272e+01        -7.1710830157e-01
           307         5.8991220217e-06                           103         8.2944765274e+01        -7.1710922414e-01
           308         5.1576447106e-06                           157         1.1609966431e+02        -7.1710818453e-01
           306         4.1833174082e-06                           203         1.3785547056e+02        -7.1710543209e-01
           321         1.8428173974e-07                             7         9.5215054013e+00        -7.1710732812e-01
           312         2.6424717888e-07                            15         1.8783498651e+01        -7.1710736120e-01
           310         3.5532859033e-06                            85         5.1047520913e+01        -7.1710736120e-01
           325         2.0751302848e-06                            73         4.6191594011e+01        -7.1710736120e-01
           316         1.0126211625e-06                            17         1.7911480335e+01        -7.1710736120e-01
           315         5.5740377327e-06                            47         4.1228720201e+01        -7.1710736120e-01
           314         5.3128695863e-06                           165         1.0084468083e+02        -7.1710546517e-01
           329         2.4485193557e-06                            65         4.5585288084e+01        -7.1710736120e-01
           320         6.4090814227e-06                           199         1.3554921555e+02        -7.1710647170e-01
           318         7.6074578174e-06                           243         1.5270066347e+02        -7.1711011363e-01
           333         1.2189784033e-05                           153         1.2372888808e+02        -7.1710739427e-01
           323         1.3597641488e-06                            29         2.3402975004e+01        -7.1710736120e-01
           322         4.5906508959e-06                            83         6.9102138751e+01        -7.1710736120e-01
           337         1.0786377930e-05                           113         1.0955353366e+02        -7.1711017979e-01
           328         4.2385923340e-06                           105         8.0799389811e+01        -7.1710546517e-01
           327         5.6974664894e-06                            73         5.0977559732e+01        -7.1710825069e-01
           341         3.9887733049e-06                            49         4.2604884332e+01        -7.1710546517e-01
           332         1.9430858630e-07                            17         1.7728079264e+01        -7.1710546517e-01
           331         1.1620069971e-06                            33         2.5810176567e+01        -7.1710736120e-01
           345         6.5963862037e-06                           117         7.4312494254e+01        -7.1710736120e-01
           335         4.2601328861e-07                            11         1.0449972119e+01        -7.1710546517e-01
           349         2.8562835502e-06                            45         3.4965540712e+01        -7.1710736120e-01
           340         2.3558715301e-06                            93         7.0035486486e+01        -7.1710736120e-01
           339         4.2445212430e-06                           105         7.7135481409e+01        -7.1710549825e-01
           353         5.9070118391e-06                           125         7.9843188358e+01        -7.1710825069e-01
           338         5.2159036213e-07                            23         2.1688393321e+01        -7.1710546517e-01
           343         8.8094545477e-06                           229         1.7876846205e+02        -7.1710742735e-01
           357         5.3800387865e-06                            79         5.3907478290e+01        -7.1710546517e-01
           342         3.6169218555e-06                           105         7.2656585968e+01        -7.1710922414e-01
           347         6.9083317106e-06                           119         8.6570145572e+01        -7.1710546517e-01
           348         1.1873086164e-05                           127         9.8921950010e+01        -7.1710546517e-01
           361         1.4321623765e-06                            53         4.2585903498e+01        -7.1710732812e-01
           346         6.1967986529e-06                           133         1.0121235093e+02        -7.1710549825e-01
           365         9.3628154696e-06                           159         1.0491470578e+02        -7.1710546517e-01
           350         3.1002585467e-06                            75         5.1638026627e+01        -7.1710732812e-01
           369         3.5228905000e-06                            85         6.5460806936e+01        -7.1710825069e-01
           356         4.3832298099e-06                           181         1.1410732061e+02        -7.1710643862e-01
           354         1.0310280634e-05                           131         9.3488645941e+01        -7.1710739427e-01
           359         2.3040821346e-06                            71         3.8037677639e+01        -7.1710732812e-01
           360         1.5468742137e-06                            17         1.7585584603e+01        -7.1710736120e-01
           358         1.1841928110e-07                             7         8.5312795043e+00        -7.1710825069e-01
           373         2.2822061212e-06                            93         4.0304565413e+01        -7.1710732812e-01
           363         2.8360793300e-06                           171         1.2433600934e+02        -7.1710736120e-01
           364         8.9715828954e-06                           113         9.7317394634e+01        -7.1710736120e-01
           362         5.0510993734e-07                            29         1.5619352642e+01        -7.1710732812e-01
           377         4.1914436761e-06                           127         7.1438093205e+01        -7.1710736120e-01
           367         5.0542098425e-06                            39         3.2227527830e+01        -7.1710736120e-01
           381         3.0055300458e-07                            25         1.9603762805e+01        -7.1710736120e-01
           366         1.1644131097e-06                            17         1.7103708428e+01        -7.1710546517e-01
           372         9.7306488807e-06                           115         8.3312118948e+01        -7.1710546517e-01
           370         7.1990976434e-06                           113         8.6715244997e+01        -7.1710825069e-01
           389         2.2680901885e-06                            65         3.7636345041e+01        -7.1710546517e-01
           376         7.1356014736e-06                            97         8.3743972285e+01        -7.1710919106e-01
           374         1.1390051058e-06                            31         2.0879194752e+01        -7.1710736120e-01
           393         3.7916549465e-06                            81         4.7428451603e+01        -7.1710922414e-01
           379         2.9737259070e-06                            35         2.9733777848e+01        -7.1710732812e-01
           380         9.2460340506e-06                           211         1.0882399392e+02        -7.1710736120e-01
           378         5.8339226252e-06                           159         1.0734370994e+02        -7.1711011363e-01
           397         2.5369672754e-06                            99         6.8641346492e+01        -7.1710925722e-01
           382         8.2097934551e-06                           131         9.5430818207e+01        -7.1711112016e-01
           401         1.2778604929e-06                            17         2.0889528307e+01        -7.1710736120e-01
           387         9.5238799899e-07                            39         2.4301502347e+01        -7.1710736120e-01
           388         8.5257843898e-07                            23         2.1503649524e+01        -7.1710736120e-01
           405         4.9575645113e-06                            79         5.4658873181e+01        -7.1710546517e-01
           390         7.3674012880e-07                            15         1.8282719058e+01        -7.1710732812e-01
           391         2.2496053093e-06                            65         3.9726264993e+01        -7.1710736120e-01
           394         1.9422282434e-06                            93         4.9824009784e+01        -7.1710736120e-01
           395         8.2748651835e-06                           231         1.7085074713e+02        -7.1710732812e-01
           396         3.8099354809e-06                            65         6.0575367232e+01        -7.1710922414e-01
           398         2.1216225702e-06                            61         3.7817594712e+01        -7.1710736120e-01
           417         4.0841259878e-07                            13         1.3064756395e+01        -7.1710736120e-01
           399         1.4149567087e-06                            57         4.0380134499e+01        -7.1710732812e-01
           400         2.3004621063e-06                            63         5.4240163661e+01        -7.1710732812e-01
           421         1.7999835427e-06                            37         2.4192116117e+01        -7.1710825069e-01
           403         5.8570049817e-06                           123         9.8439598397e+01        -7.1710739427e-01
           404         6.4280144138e-06                           209         1.3174598008e+02        -7.1710543209e-01
           406         6.7750219148e-07                            15         1.6235462154e+01        -7.1710732812e-01
           425         3.5346884427e-06                            83         4.8725560939e+01        -7.1710732812e-01
           407         6.2800034169e-06                           245         1.3496646138e+02        -7.1710549825e-01
           408         3.0509678467e-06                            57         4.6918594976e+01        -7.1710736120e-01
           429         9.0101969612e-07                            27         2.4465136253e+01        -7.1710732812e-01
           410         2.5532742676e-06                            77         5.1526124909e+01        -7.1710739427e-01
           411         3.7991470051e-06                            81         6.2360444535e+01        -7.1710732812e-01
           412         1.2737234600e-06                            65         3.8988907607e+01        -7.1710732812e-01
           414         6.8742785029e-06                           155         1.0911266419e+02        -7.1710647170e-01
           415         8.4964384480e-06                           199         1.1282260773e+02        -7.1710736120e-01
           416         8.6823972631e-06                           197         1.3051869862e+02        -7.1710825069e-01
           437         2.9947939885e-06                            99         6.6373007714e+01        -7.1710454260e-01
           419         3.5311898060e-06                            37         2.8463715218e+01        -7.1710825069e-01
           420         1.7952987221e-06                            37         2.3009934089e+01        -7.1710825069e-01
           422         5.8067804146e-06                           119         8.4737909214e+01        -7.1710546517e-01
           441         3.1874659237e-06                            39         3.0282269497e+01        -7.1710736120e-01
           424         1.6548287585e-06                            61         3.6928043666e+01        -7.1710736120e-01
           426         4.0173431629e-06                           113         8.1322530437e+01        -7.1710736120e-01
           445         3.5961885718e-06                            67         4.7603766539e+01        -7.1710546517e-01
           428         9.0037161190e-07                            51         2.6657949995e+01        -7.1710825069e-01
           449         3.9408887122e-06                            81         5.6424779346e+01        -7.1711011363e-01
           431         1.3980151755e-05                           375         2.3353724359e+02        -7.1710721108e-01
           432         2.7568504829e-06                            41         2.6206467452e+01        -7.1710736120e-01
           453         7.6102709926e-06                            83         6.6365120794e+01        -7.1710732812e-01
           435         2.0111517260e-06                            41         3.1897837328e+01        -7.1710736120e-01
           436         6.8300766497e-06                           125         8.6072670159e+01        -7.1710925722e-01
           438         2.6608154725e-06                            47         3.9507934152e+01        -7.1710732812e-01
           439         9.2411738979e-06                           201         1.3463204150e+02        -7.1710736120e-01
           440         4.7962902515e-06                            81         4.7828663536e+01        -7.1710546517e-01
           443         9.5574771596e-07                            47         3.9488807397e+01        -7.1710736120e-01
           444         1.3135676754e-06                            21         1.7260027968e+01        -7.1710732812e-01
           465         9.9809506195e-07                            45         3.4386785495e+01        -7.1710736120e-01
           446         3.5619034793e-06                           101         7.0186074434e+01        -7.1710828377e-01
           448         1.6572786305e-06                            29         2.3182671939e+01        -7.1710732812e-01
           469         1.8418714264e-05                           271         2.1563960414e+02        -7.1710643862e-01
           450         1.8683159585e-06                            65         3.9084489774e+01        -7.1710736120e-01
           451         5.6102561301e-06                           103         8.3403204541e+01        -7.1710825069e-01
           454         4.0677975601e-06                           149         8.7719919402e+01        -7.1710821761e-01
           455         9.6289681681e-06                           121         1.1139572227e+02        -7.1710929030e-01
           456         6.0286610583e-07                            15         1.3330128692e+01        -7.1710732812e-01
           458         7.7798553452e-07                            19         1.9214315215e+01        -7.1710732812e-01
           477         2.3762726677e-06                            45         3.4026054326e+01        -7.1710736120e-01
           459         2.2758925084e-06                            65         3.9266588839e+01        -7.1710825069e-01
           462         1.0154737459e-06                            27         2.1200718792e+01        -7.1710825069e-01
           464         2.3137572923e-06                            43         3.3472817558e+01        -7.1710736120e-01
           463         4.3289376005e-06                           135         9.6088266294e+01        -7.1710546517e-01
           485         9.3399000628e-06                           217         1.5677208620e+02        -7.1711195878e-01
           466         2.2306810159e-06                            31         2.4564217019e+01        -7.1710736120e-01
           468         5.8065105201e-07                            15         1.1934943003e+01        -7.1710732812e-01
           467         4.0900150215e-06                            53         4.2439652740e+01        -7.1710736120e-01
           489         4.7101232684e-06                            63         5.7914580710e+01        -7.1710922414e-01
           472         4.8517453759e-06                           153         1.0656962246e+02        -7.1710736120e-01
           471         1.5034891666e-05                           421         3.0055202959e+02        -7.1710914018e-01
           474         3.7513134073e-06                            39         3.8219435181e+01        -7.1710915161e-01
           475         4.1871361468e-06                           135         8.1007540628e+01        -7.1710922414e-01
           478         3.2125268903e-06                            43         3.4323093434e+01        -7.1710732812e-01
           480         2.0833851417e-06                            49         2.2635222225e+01        -7.1710736120e-01
           479         8.7093958436e-06                           113         9.3436120931e+01        -7.1710922414e-01
           501         3.5970594934e-06                           147         9.0939545019e+01        -7.1710546517e-01
           482         3.3863297818e-06                            55         4.5417001122e+01        -7.1710638775e-01
           483         5.3311589557e-06                           127         9.1021950584e+01        -7.1710736120e-01
           484         1.0541322667e-05                           355         2.2493150579e+02        -7.1710635467e-01
           486         8.7151011944e-07                            33         3.1375882161e+01        -7.1710729504e-01
           488         1.5866585609e-06                            35         2.6254923523e+01        -7.1710736120e-01
           487         4.9364648323e-06                           107         7.1713894796e+01        -7.1710736120e-01
           509         5.9668650720e-07                            29         2.4621801666e+01        -7.1710825069e-01
           492         1.7103325619e-06                            67         3.8012021236e+01        -7.1710732812e-01
           491         9.1962012286e-06                           207         1.4368793532e+02        -7.1710546517e-01
           494         3.0276533343e-06                            61         5.3113875231e+01        -7.1710549825e-01
           495         5.6521293136e-06                           147         9.4175244769e+01        -7.1710736120e-01
           517         6.0946018186e-07                            15         1.3584920635e+01        -7.1710546517e-01
           499         7.9723027242e-06                           183         1.3162167521e+02        -7.1710919106e-01
           500         2.2455497409e-06                            65         4.4122611232e+01        -7.1710546517e-01
           521         1.5819874631e-06                            67         3.3966807199e+01        -7.1710825069e-01
           504         5.0371606920e-06                            71         4.2603985535e+01        -7.1710736120e-01
           502         2.7317925565e-06                           101         7.8043343278e+01        -7.1710732812e-01
           525         2.9137031079e-06                            85         6.3660577526e+01        -7.1710546517e-01
           506         1.9938897370e-06                            39         3.3917505608e+01        -7.1710546517e-01
           508         5.1327073091e-06                           143         8.3481458486e+01        -7.1710546517e-01
           507         2.7523734882e-06                            89         5.9299692140e+01        -7.1710549825e-01
           529         7.3576529248e-06                           153         1.1441729551e+02        -7.1710828377e-01
           510         5.0849295777e-06                            85         7.0207141505e+01        -7.1710736120e-01
           512         1.1076699197e-06                            23         1.8448663665e+01        -7.1710732812e-01
           533         7.2838534797e-06                            69         5.8009397485e+01        -7.1710736120e-01
           516         1.4578297482e-05                           451         2.2774559769e+02        -7.1710925722e-01
           515         4.0498156354e-06                            67         5.3928989508e+01        -7.1710736120e-01
           537         7.5453191014e-07                            31         2.4321458137e+01        -7.1710732812e-01
           520         7.9279955730e-06                           135         9.1695589840e+01        -7.1710732812e-01
           518         3.1439998484e-06                            87         8.6783396016e+01        -7.1710543209e-01
           519         4.7804083229e-07                            15         1.3889782752e+01        -7.1710732812e-01
           541         5.2662277737e-06                            51         4.6352767031e+01        -7.1710638775e-01
           524         1.4151495427e-06                            71         3.6125674841e+01        -7.1710732812e-01
           522         1.6424579986e-05                           345         2.3055604898e+02        -7.1710543209e-01
           523         1.5472102603e-05                           235         1.6875892829e+02        -7.1710635467e-01
           545         1.2075598560e-06                            39         3.8868278579e+01        -7.1710736120e-01
           526         5.7452305023e-06                            87         6.0276504862e+01        -7.1710546517e-01
           528         4.5619893941e-06                            47         3.8394762628e+01        -7.1710732812e-01
           527         1.2217273799e-06                            39         2.6372495806e+01        -7.1710825069e-01
           532         4.4048065488e-06                            91         6.4569521999e+01        -7.1710732812e-01
           553         2.3994875918e-07                             9         8.8632827393e+00        -7.1710736120e-01
           531         4.6239442007e-06                            57         4.3478201704e+01        -7.1710736120e-01
           534         3.5489327749e-06                            83         6.0678635172e+01        -7.1710736120e-01
           557         7.0106102387e-07                            27         2.6034980200e+01        -7.1710736120e-01
           535         3.8116664748e-06                           141         8.0560627882e+01        -7.1710736120e-01
           538         4.7851980462e-07                            11         1.7259362460e+01        -7.1710739427e-01
           539         2.4440492341e-07                            15         1.3979066066e+01        -7.1710736120e-01
           544         4.1526430808e-06                            77         6.3964565710e+01        -7.1710732812e-01
           542         6.3359560003e-06                           153         9.0720676745e+01        -7.1710736120e-01
           565         1.0595155915e-05                           149         1.1421359043e+02        -7.1711017979e-01
           543         2.8351969615e-06                            97         5.9736647657e+01        -7.1710736120e-01
           548         1.7784253003e-06                            33         1.7783603814e+01        -7.1710736120e-01
           546         4.8744134992e-07                            11         1.3441766543e+01        -7.1710736120e-01
           569         4.0739251296e-06                           171         9.0915982487e+01        -7.1710825069e-01
           547         2.2642264891e-06                            55         4.5396181236e+01        -7.1710825069e-01
           552         1.5218467165e-06                            49         3.9633419983e+01        -7.1710454260e-01
           550         1.1903818707e-05                           377         2.3879616613e+02        -7.1710729504e-01
           551         2.9237728105e-06                           103         8.0765532913e+01        -7.1710546517e-01
           556         3.3270972125e-06                           107         4.9065038413e+01        -7.1710736120e-01
           577         3.3226546671e-06                            83         5.9551800238e+01        -7.1710546517e-01
           555         4.6841128038e-06                            83         6.5320423626e+01        -7.1710078363e-01
           558         1.4905145144e-06                            31         2.4155813825e+01        -7.1710732812e-01
           559         1.2010928833e-06                            59         3.5700214131e+01        -7.1710546517e-01
           562         5.7420390303e-06                           123         5.8381915817e+01        -7.1710736120e-01
           563         4.2521899817e-06                           101         8.7484622571e+01        -7.1710925722e-01
           564         5.8000613002e-06                           167         1.1385418465e+02        -7.1710830157e-01
           589         1.9763507904e-06                            45         4.1213828823e+01        -7.1710736120e-01
           566         1.2393602908e-05                           313         2.0537439150e+02        -7.1710929030e-01
           568         8.8351268690e-06                           281         1.6880527009e+02        -7.1710922414e-01
           593         1.1168301092e-06                            47         4.0802210318e+01        -7.1710732812e-01
           570         7.5410916310e-06                           127         8.4038899622e+01        -7.1710925722e-01
           572         5.7168408240e-06                            97         7.8863725310e+01        -7.1710825069e-01
           597         5.1672531421e-06                            85         6.9762284222e+01        -7.1710643862e-01
           575         2.9374338214e-06                            61         5.2247119162e+01        -7.1710732812e-01
           574         4.9711536918e-06                           125         7.0244615122e+01        -7.1710736120e-01
           601         1.0500184220e-06                            21         2.1315362485e+01        -7.1710925722e-01
           579         2.6284553746e-06                            81         5.4406458112e+01        -7.1710732812e-01
           578         2.8572486945e-06                            93         6.9902366848e+01        -7.1710546517e-01
           605         3.8514306898e-06                            69         4.5665790475e+01        -7.1710825069e-01
           583         1.2019150826e-06                            43         2.8908231295e+01        -7.1710732812e-01
           584         3.9900637166e-06                            73         4.9101622604e+01        -7.1710732812e-01
           609         2.2367264875e-05                           493         3.4529981269e+02        -7.1710350299e-01
           587         6.8356283146e-06                            85         6.8421419674e+01        -7.1710917326e-01
           586         1.5589789064e-06                           107         4.9583228777e+01        -7.1710736120e-01
           588         4.9086346868e-06                           103         7.5628574278e+01        -7.1710736120e-01
           590         4.2819802498e-06                           173         1.1271870420e+02        -7.1710732812e-01
           591         5.6711545266e-06                           121         1.0290134907e+02        -7.1710543209e-01
           617         1.8955760868e-06                            25         2.3229940462e+01        -7.1710825069e-01
           592         2.5414578469e-06                            67         2.8261720167e+01        -7.1710736120e-01
           594         1.3234375537e-07                             7         9.5933049325e+00        -7.1710736120e-01
           621         2.4431337725e-06                            53         4.5117687437e+01        -7.1710828377e-01
           596         1.7785831247e-05                           337         2.3447420461e+02        -7.1710546517e-01
           599         5.1728338987e-06                            97         7.9756479892e+01        -7.1710736120e-01
           598         6.1050279849e-06                           149         9.7937114587e+01        -7.1710643862e-01
           625         7.1106181682e-07                            27         2.0679331292e+01        -7.1710546517e-01
           600         8.8434061989e-07                            11         1.6967369610e+01        -7.1710822903e-01
           629         6.9292454148e-07                            29         2.0965597217e+01        -7.1710736120e-01
           604         1.0285629782e-06                            49         4.3971849428e+01        -7.1710736120e-01
           607         1.6384804203e-06                            89         5.2152946448e+01        -7.1710825069e-01
           608         1.3143518215e-06                            35         2.3879138822e+01        -7.1710732812e-01
           633         2.2955274787e-06                            53         4.2240106707e+01        -7.1710736120e-01
           606         3.0613112976e-06                            95         5.3432789821e+01        -7.1710732812e-01
           611         1.7993040509e-06                            85         4.2777426597e+01        -7.1710732812e-01
           612         3.2645122414e-06                            77         5.3734313927e+01        -7.1710736120e-01
           637         1.0085641243e-05                           157         1.1046976752e+02        -7.1710271274e-01
           615         1.0468060736e-06                            55         3.7242522738e+01        -7.1710736120e-01
           616         1.0531335188e-05                           203         1.6060612050e+02        -7.1711106929e-01
           641         5.5013898617e-06                           107         7.0073970538e+01        -7.1710546517e-01
           619         1.0449176622e-05                           233         1.5286900456e+02        -7.1710356915e-01
           614         6.2648076724e-06                           215         1.3395831889e+02        -7.1710739427e-01
           620         1.0228262941e-06                            27         2.6895913575e+01        -7.1710736120e-01
           645         2.0205344278e-06                            35         3.5400618892e+01        -7.1710736120e-01
           623         6.3514438561e-06                           153         1.2149361093e+02        -7.1710919106e-01
           624         5.0907327287e-06                           147         1.2668779565e+02        -7.1710736120e-01
           649         6.9305884332e-07                            33         1.8342733771e+01        -7.1710736120e-01
           622         1.8154453461e-06                            63         2.9407642278e+01        -7.1710732812e-01
           627         1.1066488713e-06                            35         2.2680415870e+01        -7.1710546517e-01
           628         1.0785775425e-06                            47         2.5707371760e+01        -7.1710825069e-01
           653         3.1537705481e-06                            73         4.5727737209e+01        -7.1710736120e-01
           631         5.3025235017e-07                            13         1.1061968091e+01        -7.1710732812e-01
           632         8.8994396852e-07                            25         2.1802213080e+01        -7.1710736120e-01
           657         5.8855249139e-06                           127         1.0225406021e+02        -7.1710548297e-01
           630         2.0588278736e-06                            43         3.4198883947e+01        -7.1710546517e-01
           661         9.5588084593e-07                            37         2.5473452399e+01        -7.1710736120e-01
           665         2.4073746080e-06                            49         3.0093379683e+01        -7.1710732812e-01
           640         8.7542435424e-07                            33         2.1791441861e+01        -7.1710736120e-01
           638         9.6448140452e-07                            55         3.7490261928e+01        -7.1710732812e-01
           644         1.0390844174e-05                           205         1.4814118706e+02        -7.1711014671e-01
           647         6.2109059965e-06                           173         1.0969666935e+02        -7.1710736120e-01
           673         7.5821381217e-06                           115         9.4407798152e+01        -7.1710825069e-01
           648         5.5444040520e-06                            77         5.2495890608e+01        -7.1710736120e-01
           651         1.3968342254e-05                           251         1.7294739085e+02        -7.1710821761e-01
           646         2.6244575185e-05                           609         4.0672988225e+02        -7.1710356915e-01
           655         1.7806804928e-06                            45         3.1203284785e+01        -7.1710825069e-01
           656         1.7415322759e-05                           177         1.5292190459e+02        -7.1711008055e-01
           681         4.5289309433e-06                           105         6.7304582643e+01        -7.1710828377e-01
           650         4.9561355228e-06                            61         5.5832416879e+01        -7.1710825069e-01
           660         1.5092008073e-06                            27         2.3901348179e+01        -7.1710732812e-01
           659         2.9886170740e-06                            43         3.5185708138e+01        -7.1710736120e-01
           685         4.5847634846e-06                            95         5.4710205252e+01        -7.1710732812e-01
           654         3.2602692443e-06                           127         5.4401018124e+01        -7.1710736120e-01
           664         7.4603954335e-06                           155         9.3695086437e+01        -7.1710732812e-01
           689         1.2051468826e-05                           161         1.1994379938e+02        -7.1710632159e-01
           658         2.8876291351e-06                            57         4.7238971264e+01        -7.1710732812e-01
           668         8.1241186654e-06                           155         1.2122544746e+02        -7.1710821761e-01
           667         6.0388120102e-06                           209         1.2722321351e+02        -7.1710543209e-01
           693         6.1258628804e-07                             9         1.1309660202e+01        -7.1710732812e-01
           672         5.8448675773e-06                            99         8.0383488110e+01        -7.1710457568e-01
           671         4.1980980820e-06                            73         5.3161555390e+01        -7.1710825069e-01
           697         2.1913823187e-06                            61         4.8997581497e+01        -7.1710736120e-01
           666         3.8013718237e-06                            69         5.0435655604e+01        -7.1710736120e-01
           676         8.1893557411e-06                           161         1.1244025164e+02        -7.1710922414e-01
           675         2.1990265675e-07                             9         8.6027100131e+00        -7.1710732812e-01
           701         1.8855388121e-06                            27         3.0858364510e+01        -7.1710917326e-01
           670         1.4646202642e-06                            59         3.7475168210e+01        -7.1710732812e-01
           680         8.3380384292e-07                            39         2.4264376660e+01        -7.1710736120e-01
           679         1.1214138279e-05                           269         1.7217270298e+02        -7.1710546517e-01
           705         1.0755467163e-06                            29         2.7861516663e+01        -7.1710825069e-01
           684         2.2591025221e-06                            63         4.8330810811e+01        -7.1710821761e-01
           674         6.6528774457e-06                            77         6.1962193849e+01        -7.1710736120e-01
           683         3.8877751077e-06                           127         8.6660304552e+01        -7.1710825069e-01
           709         7.9735982522e-06                           131         8.6994907810e+01        -7.1710732812e-01
           688         1.3712140898e-06                            41         2.8128444501e+01        -7.1710825069e-01
           678         5.7622551655e-06                            81         6.6991741628e+01        -7.1710549825e-01
           687         8.5912731522e-06                           339         2.0501132113e+02        -7.1710650478e-01
           713         5.3243339690e-06                           195         1.1820295042e+02        -7.1710821761e-01
           692         8.5751005134e-07                            33         2.3437635704e+01        -7.1710732812e-01
           682         1.1299546502e-05                           275         1.8731099348e+02        -7.1710643862e-01
           691         3.2201595715e-06                           111         6.7037725821e+01        -7.1710736120e-01
           717         4.6791790116e-06                            57         5.4572887720e+01        -7.1710546517e-01
           696         8.3694808788e-06                           173         1.2796481387e+02        -7.1710549825e-01
           686         6.8617658779e-06                           251         1.5382492546e+02        -7.1710736120e-01
           721         6.1344316002e-06                           111         7.2423455654e+01        -7.1710732812e-01
           700         8.9586914654e-06                           201         1.2966907626e+02        -7.1710919106e-01
           699         7.5596895019e-06                           255         1.9742427347e+02        -7.1710452480e-01
           725         4.0730035838e-06                            65         5.5300941018e+01        -7.1710922414e-01
           704         8.0435555311e-06                           197         1.2832797219e+02        -7.1710825069e-01
           694         3.0201815729e-06                            55         4.3535013640e+01        -7.1710732812e-01
           703         6.6518081315e-07                            21         2.5569892004e+01        -7.1710732812e-01
           708         4.0723757187e-06                           129         7.5605503788e+01        -7.1710638775e-01
           733         4.6425973988e-06                            89         7.6935802650e+01        -7.1710739427e-01
           698         9.0263029815e-06                           149         9.6315461477e+01        -7.1710732812e-01
           707         6.5304318947e-06                            67         5.7694798985e+01        -7.1710732812e-01
           712         1.1367254886e-05                           291         1.7427832987e+02        -7.1710635467e-01
           737         7.0267062575e-06                           105         7.6887586123e+01        -7.1711014671e-01
           702         4.7514559482e-06                            61         5.8100666128e+01        -7.1710825069e-01
           711         1.0221323305e-05                           189         1.3947866894e+02        -7.1710736120e-01
           716         2.7262029839e-06                            79         6.1070740923e+01        -7.1710546517e-01
           741         5.0651399410e-06                           127         7.1428571749e+01        -7.1710736120e-01
           706         1.9132373022e-06                            79         4.0070782656e+01        -7.1710732812e-01
           715         6.0078979288e-06                           121         7.3318110124e+01        -7.1710732812e-01
           720         4.8140580851e-06                            73         5.8559995676e+01        -7.1710546517e-01
           745         7.8859252633e-06                           157         1.1924434293e+02        -7.1710821761e-01
           710         1.3705448283e-06                            15         1.5077528339e+01        -7.1710825069e-01
           719         7.5951685064e-06                            81         6.3735808738e+01        -7.1711011363e-01
           724         5.5789485266e-06                           133         7.4202758597e+01        -7.1710825069e-01
           714         2.5449415151e-06                            29         2.5801204277e+01        -7.1710736120e-01
           723         5.9360467687e-06                           137         1.0739272913e+02        -7.1710543209e-01
           718         5.7048004184e-06                            91         6.4189991427e+01        -7.1710546517e-01
           728         5.8352332817e-06                           151         8.7307122351e+01        -7.1710739427e-01
           727         2.7577193443e-06                            73         5.2886594374e+01        -7.1710739427e-01
           757         2.2736895785e-06                            25         2.1539504465e+01        -7.1710736120e-01
           732         6.5979049493e-06                           193         1.1810921280e+02        -7.1710546517e-01
           722         2.3805287550e-06                            67         3.9309746179e+01        -7.1710825069e-01
           735         6.1990149664e-06                           119         9.4161621722e+01        -7.1711011363e-01
           726         3.4164375814e-06                            55         4.6819372678e+01        -7.1710828377e-01
           765         2.5335044209e-06                            83         5.8227432294e+01        -7.1710732812e-01
           740         1.4143339583e-06                            59         3.6510128818e+01        -7.1710732812e-01
           730         5.9828820181e-06                           131         9.0395438803e+01        -7.1710825069e-01
           744         2.1955772665e-06                           105         6.2018688886e+01        -7.1710732812e-01
           743         1.4499811224e-06                            31         2.4092891592e+01        -7.1710736120e-01
           734         2.3744927450e-06                            31         2.8198398375e+01        -7.1710546517e-01
           773         1.1393380874e-05                            95         7.5809357746e+01        -7.1710736120e-01
           747         6.3622017198e-06                            75         4.8980797755e+01        -7.1710736120e-01
           738         4.6130888635e-06                            63         4.2065294547e+01        -7.1710825069e-01
           751         6.4909822563e-06                            97         7.8065309718e+01        -7.1710736120e-01
           752         1.5537377941e-05                           243         1.9908982661e+02        -7.1710543209e-01
           742         5.9235289556e-07                            35         2.7913094346e+01        -7.1710736120e-01
           755         1.2645123972e-06                            61         3.7506394973e+01        -7.1710736120e-01
           756         7.2586843782e-07                            21         1.8807804993e+01        -7.1710732812e-01
           746         4.3344769063e-06                           165         1.1506451815e+02        -7.1710543209e-01
           785         2.0750312471e-06                           101         6.0286244037e+01        -7.1710546517e-01
           759         1.2195585711e-05                           211         1.4218123251e+02        -7.1710546517e-01
           750         1.2122467777e-05                           249         1.7592060393e+02        -7.1710729504e-01
           789         4.4265141919e-07                            11         1.3736625324e+01        -7.1710732812e-01
           763         1.0479873909e-05                           241         1.9182035402e+02        -7.1710739427e-01
           754         8.4374574054e-07                            51         2.8175913022e+01        -7.1710732812e-01
           793         2.9072348476e-06                            59         3.2735432897e+01        -7.1710736120e-01
           768         6.2001667426e-06                            87         5.3813329291e+01        -7.1710732812e-01
           758         1.0519927084e-06                            27         2.1689916146e+01        -7.1710736120e-01
           797         1.0894882286e-06                            19         1.6927583533e+01        -7.1710732812e-01
           772         1.6930244566e-06                            89         4.0316528056e+01        -7.1710736120e-01
           771         5.9710726306e-07                             9         1.1440539318e+01        -7.1710732812e-01
           762         9.6682049886e-06                           237         1.4015282470e+02        -7.1710729504e-01
           801         1.2554191113e-05                           231         1.5203009267e+02        -7.1710831685e-01
           776         7.3568145698e-07                            13         1.2596833880e+01        -7.1710732812e-01
           775         5.1875874074e-06                           107         7.7740976574e+01        -7.1710732812e-01
           766         9.6983164142e-06                           183         1.4823217497e+02        -7.1710635467e-01
           805         2.5734904210e-06                            49         4.0128746367e+01        -7.1710732812e-01
           779         3.2918756094e-06                            51         3.4377976938e+01        -7.1710732812e-01
           780         3.1338029173e-06                            59         3.9898837930e+01        -7.1710732812e-01
           770         1.0444134773e-05                           177         1.3877038334e+02        -7.1710914018e-01
           809         1.7755106114e-06                            27         2.3173963314e+01        -7.1710736120e-01
           783         2.0136285589e-06                            85         6.3112720880e+01        -7.1710736120e-01
           784         3.4808760279e-06                            59         3.9025128522e+01        -7.1710736120e-01
           774         1.1462301591e-06                            17         1.9906623362e+01        -7.1710732812e-01
           787         2.9225496413e-07                            21         1.7393102555e+01        -7.1710825069e-01
           788         1.7392537955e-06                            49         3.4554083691e+01        -7.1710732812e-01
           778         1.4230078053e-06                            21         1.8870094687e+01        -7.1710546517e-01
           817         2.6675277179e-06                           121         6.8044394742e+01        -7.1710546517e-01
           792         7.1529781558e-07                            27         2.0958216260e+01        -7.1710732812e-01
           782         5.5268057739e-07                            23         2.2995266559e+01        -7.1710736120e-01
           821         2.5993719292e-06                            39         4.2487887843e+01        -7.1710736120e-01
           795         1.7615154769e-06                            25         1.9701298755e+01        -7.1710546517e-01
           796         3.2086788500e-06                           155         7.5008713973e+01        -7.1710736120e-01
           786         1.4936819313e-06                            71         4.0281083542e+01        -7.1710825069e-01
           825         2.6645329855e-06                            65         5.7653680801e+01        -7.1710732812e-01
           800         1.2758282226e-06                            35         2.7654557738e+01        -7.1710546517e-01
           790         6.0293528644e-06                            67         5.7787698812e+01        -7.1710729504e-01
           829         1.7069427224e-06                            89         4.7291804226e+01        -7.1710825069e-01
           803         8.6519145200e-07                            41         2.5470377303e+01        -7.1710825069e-01
           804         1.2991534473e-06                            31         2.7698313458e+01        -7.1710732812e-01
           794         5.2148455639e-07                            23         1.7205030482e+01        -7.1710825069e-01
           833         1.1738107489e-06                            39         3.2570324765e+01        -7.1710736120e-01
           807         4.1815862441e-06                           107         6.4900467598e+01        -7.1710732812e-01
           808         6.5185377176e-06                           133         1.0640844578e+02        -7.1710732812e-01
           798         4.6271755941e-06                           119         9.1260461653e+01        -7.1710736120e-01
           837         2.2658447412e-07                            11         1.3185155106e+01        -7.1710546517e-01
           811         4.7458891906e-06                           167         1.2544822618e+02        -7.1710546517e-01
           812         7.9672338071e-06                           277         1.7141348702e+02        -7.1710457568e-01
           841         3.6327538514e-06                           123         8.2941103350e+01        -7.1710825069e-01
           815         6.5563346685e-06                            63         5.4770871193e+01        -7.1710736120e-01
           806         7.3817662189e-06                           197         1.3897809873e+02        -7.1710454260e-01
           845         1.1258288526e-06                            27         2.7680578429e+01        -7.1710549825e-01
           819         8.0173358541e-06                           215         1.2584349452e+02        -7.1710732812e-01
           810         4.4554428407e-06                            43         3.7478802903e+01        -7.1710736120e-01
           849         8.9555865258e-06                           145         9.6416128859e+01        -7.1710356915e-01
           823         6.8481870196e-06                           119         9.5013048530e+01        -7.1710549825e-01
           853         4.2905787252e-07                            29         2.7096104534e+01        -7.1710732812e-01
           824         9.9975932933e-06                           187         1.3933692534e+02        -7.1710457568e-01
           827         1.5230558970e-06                            37         2.4143610714e+01        -7.1710732812e-01
           857         9.9209035245e-06                           155         1.0645153662e+02        -7.1710546517e-01
           828         1.4247435473e-06                            83         4.8081970804e+01        -7.1710825069e-01
           861         5.1593233153e-06                           155         1.0619177456e+02        -7.1710543209e-01
           832         6.5860481776e-06                           227         1.4890951288e+02        -7.1710830157e-01
           865         1.6715273658e-06                            49         4.1843641351e+01        -7.1710732812e-01
           835         3.3441472741e-06                            97         8.6490872446e+01        -7.1710929030e-01
           836         1.9981183122e-06                            35         2.7756771653e+01        -7.1710825069e-01
           869         2.5160862556e-06                            55         4.6469881128e+01        -7.1710732812e-01
           830         2.9028636729e-06                            67         5.1331465845e+01        -7.1710736120e-01
           840         1.3902713346e-06                            39         2.5843035457e+01        -7.1710736120e-01
           873         5.6360186099e-06                           135         1.0346678309e+02        -7.1710922414e-01
           844         1.7400069023e-06                            89         7.0809224222e+01        -7.1711011363e-01
           834         3.2204898654e-06                            59         3.8731146865e+01        -7.1710732812e-01
           877         1.9434012218e-06                            49         3.4339144600e+01        -7.1710736120e-01
           848         2.8448030595e-06                            71         6.5802493313e+01        -7.1710549825e-01
           838         9.3423293181e-08                             7         9.7342106907e+00        -7.1710732812e-01
           881         3.2392375149e-06                           177         1.0164891358e+02        -7.1710546517e-01
           851         3.3526034400e-06                           115         9.1217800134e+01        -7.1710825069e-01
           852         4.2777894190e-06                            57         4.9104872351e+01        -7.1710732812e-01
           885         1.2910777906e-05                           293         2.0497803262e+02        -7.1711115324e-01
           855         2.0571164620e-06                            31         2.4679269417e+01        -7.1710736120e-01
           889         2.8184517378e-05                           401         2.9706369325e+02        -7.1710635467e-01
           859         6.0038242278e-06                           249         1.6273240608e+02        -7.1710546517e-01
           850         8.0352055445e-06                           265         1.9225411665e+02        -7.1710543209e-01
           863         4.2397413762e-06                            85         6.7240938084e+01        -7.1710643862e-01
           897         2.8470634874e-06                            97         6.3647594123e+01        -7.1710914018e-01
           854         4.0057772371e-06                            65         5.9004132486e+01        -7.1710732812e-01
           864         2.7047966914e-06                            71         5.1114931792e+01        -7.1710732812e-01
           867         4.8132728382e-07                            37         2.1620714724e+01        -7.1710736120e-01
           858         3.9704755541e-06                            81         5.5585102958e+01        -7.1710736120e-01
           868         9.9654491512e-07                            15         1.6332161795e+01        -7.1710825069e-01
           871         1.3816667841e-06                            35         1.8703616749e+01        -7.1710732812e-01
           905         2.0507908790e-06                            47         4.1729548966e+01        -7.1710736120e-01
           872         4.5242387428e-06                            83         4.5355254062e+01        -7.1710732812e-01
           862         8.0847260553e-07                            19         2.1626479531e+01        -7.1710729504e-01
           875         4.5130724395e-06                            57         4.1362117518e+01        -7.1710546517e-01
           909         2.1473189601e-06                            73         5.6564870211e+01        -7.1710732812e-01
           876         2.6472770436e-06                            75         6.2233128775e+01        -7.1710729504e-01
           866         3.2343016164e-06                           151         8.6055996502e+01        -7.1710640554e-01
           879         1.0173102765e-05                           159         1.0415697944e+02        -7.1710732812e-01
           880         7.8103384525e-06                           245         1.3988801932e+02        -7.1710736120e-01
           913         1.0068669773e-05                           143         1.2529685367e+02        -7.1710732812e-01
           870         2.0694269755e-06                            77         3.4170674796e+01        -7.1710732812e-01
           883         1.2776011786e-06                            67         3.8600722147e+01        -7.1710825069e-01
           884         5.5008630387e-06                           145         1.1132561036e+02        -7.1710647170e-01
           917         7.1202598859e-06                            87         6.7000223777e+01        -7.1710736120e-01
           887         7.9327605772e-06                           265         1.7262553509e+02        -7.1710356915e-01
           888         7.5488565502e-06                           201         1.2693633388e+02        -7.1710729504e-01
           878         7.7240834646e-06                           165         1.2490832203e+02        -7.1710549825e-01
           921         2.5415609940e-06                           121         4.8427740784e+01        -7.1710736120e-01
           891         1.4726310756e-06                            41         4.0740784564e+01        -7.1710732812e-01
           882         1.7138407176e-06                             9         1.1713394336e+01        -7.1710732812e-01
           925         3.0144521809e-06                            67         4.2182488492e+01        -7.1710736120e-01
           895         1.9880671198e-06                            81         5.0722492085e+01        -7.1710825069e-01
           896         3.0251266478e-06                            97         6.8108935576e+01        -7.1710546517e-01
           886         3.2839654100e-06                            37         2.8562204118e+01        -7.1710732812e-01
           899         1.9833153564e-06                            25         2.0361413297e+01        -7.1710825069e-01
           929         1.7165110773e-05                           357         2.5349330495e+02        -7.1710546517e-01
           900         5.5874921824e-06                            75         5.4771941338e+01        -7.1710732812e-01
           890         3.3866447139e-06                           159         6.6471806610e+01        -7.1710736120e-01
           933         2.5679379039e-06                            27         2.9001874938e+01        -7.1710736120e-01
           904         6.5264784582e-06                           137         7.9013129150e+01        -7.1710543209e-01
           894         9.3437278322e-07                            39         1.6773988496e+01        -7.1710546517e-01
           937         8.5492491635e-06                           315         2.1501562409e+02        -7.1710727724e-01
           911         8.5169510693e-06                           145         1.1829959775e+02        -7.1710739427e-01
           908         1.0811541023e-05                           331         2.1750536295e+02        -7.1710724416e-01
           898         4.7059989628e-06                           121         1.0499518437e+02        -7.1710825069e-01
           941         3.0019568312e-06                           159         9.8277955071e+01        -7.1710546517e-01
           915         6.1544569815e-06                           129         8.3443597201e+01        -7.1710736120e-01
           902         3.2182717808e-06                            47         4.3738830347e+01        -7.1710643862e-01
           945         1.1134267563e-05                           159         1.2283328341e+02        -7.1710732812e-01
           919         9.4373940758e-06                           267         1.8298363604e+02        -7.1710914018e-01
           916         8.5911331270e-06                           201         1.3934907115e+02        -7.1710739427e-01
           906         2.1326053954e-06                            31         2.7571347385e+01        -7.1710915161e-01
           949         5.2201896025e-06                            67         5.0738838510e+01        -7.1710736120e-01
           920         4.5562815988e-06                            53         3.5921006241e+01        -7.1710736120e-01
           910         1.1587574953e-05                           121         9.2763497486e+01        -7.1710736120e-01
           953         1.6623556627e-05                           239         1.7821842856e+02        -7.1710539901e-01
           924         1.2725393850e-06                            65         4.2581509611e+01        -7.1710736120e-01
           957         6.0838249486e-07                            27         1.8654065421e+01        -7.1710732812e-01
           928         9.1994469953e-07                            13         1.3802295651e+01        -7.1710736120e-01
           961         1.1984948830e-05                           337         2.3243865772e+02        -7.1711014671e-01
           932         1.8366544350e-05                           229         1.7253218071e+02        -7.1710546517e-01
           935         1.5407235671e-06                            41         2.3995617351e+01        -7.1710825069e-01
           965         8.4130630156e-06                           181         1.2650617650e+02        -7.1710635467e-01
           922         5.6415014726e-06                           119         9.9806400924e+01        -7.1710546517e-01
           936         4.3163143353e-06                            79         6.2417328921e+01        -7.1710732812e-01
           939         1.6975923003e-05                           181         1.3320621956e+02        -7.1710647170e-01
           969         1.7304565839e-06                            27         2.1673524473e+01        -7.1710732812e-01
           926         9.6354677875e-06                           131         1.0358946853e+02        -7.1710729504e-01
           940         2.0536797757e-06                            63         4.2727065382e+01        -7.1710736120e-01
           973         1.0625514419e-06                            29         2.8878519860e+01        -7.1710736120e-01
           930         5.7892881267e-06                            57         4.7984767930e+01        -7.1710736120e-01
           944         3.1136095042e-07                            11         1.0901745120e+01        -7.1710546517e-01
           947         3.6546058763e-06                            59         4.0309964486e+01        -7.1710736120e-01
           977         4.5463515099e-07                            29         2.4725930575e+01        -7.1710736120e-01
           934         9.4557376158e-06                           111         9.4827879428e+01        -7.1710638775e-01
           948         2.1296428120e-06                           107         7.7784170150e+01        -7.1710925722e-01
           951         3.2785614606e-06                           135         7.1821913045e+01        -7.1710647170e-01
           981         1.6734200668e-06                            73         4.6229871218e+01        -7.1710732812e-01
           938         3.0826146442e-06                            43         3.4231134387e+01        -7.1710736120e-01
           952         6.7057921027e-06                           207         1.3885649460e+02        -7.1710546517e-01
           955         1.1995694930e-05                           217         1.4067866626e+02        -7.1710925722e-01
           985         6.1812735284e-07                            19         1.3725747181e+01        -7.1710736120e-01
           942         6.7247367262e-07                            11         1.3180010534e+01        -7.1710732812e-01
           956         4.5234431251e-06                            41         3.5353933675e+01        -7.1710736120e-01
           959         3.7169430755e-06                            83         3.9380875716e+01        -7.1710736120e-01
           960         5.3943822072e-06                           243         1.2716977245e+02        -7.1710635467e-01
           963         6.6811148562e-06                           111         1.0122312399e+02        -7.1710919106e-01
           997         6.8813367795e-06                           113         8.6480654049e+01        -7.1710919106e-01
           967         1.0932449428e-05                           209         1.5871524156e+02        -7.1710549825e-01
           964         1.6040703506e-05                           377         2.4535451701e+02        -7.1711115324e-01
           950         1.7718234746e-06                            93         5.7425326530e+01        -7.1710732812e-01
           971         5.1571261494e-06                           111         6.8491154796e+01        -7.1710736120e-01
           972         2.7281144650e-07                             9         1.0105686592e+01        -7.1710546517e-01
           975         1.0300875695e-06                            23         1.7772409627e+01        -7.1710546517e-01
           976         1.1411019893e-06                            55         3.2867063137e+01        -7.1710732812e-01
           979         7.7682729947e-07                            19         1.6482981733e+01        -7.1710736120e-01
           958         1.1764178016e-06                            41         3.0019069000e+01        -7.1710736120e-01
           980         1.0585864170e-06                            27         2.4471336239e+01        -7.1710546517e-01
           983         1.0182007315e-05                           153         1.1564519257e+02        -7.1710732812e-01
           962         2.9431597528e-06                            79         4.8842013513e+01        -7.1710736120e-01
           984         2.4950820265e-06                            23         2.1860770740e+01        -7.1710356915e-01
           987         3.3282534684e-06                            53         5.1261349967e+01        -7.1710729504e-01
           966         3.9643439617e-06                           137         1.0311736643e+02        -7.1710925722e-01
           988         4.1527279372e-06                            95         6.3221716416e+01        -7.1710736120e-01
           970         1.6951866113e-05                           301         2.1922540237e+02        -7.1711108708e-01
           995         4.2729335520e-06                            83         6.0206161205e+01        -7.1710828377e-01
           992         1.5393293245e-06                            31         3.1031485364e+01        -7.1710732812e-01
           974         3.2088453169e-06                            63         4.9105200895e+01        -7.1710825069e-01
           999         4.8872906287e-06                            91         7.1388903786e+01        -7.1710732812e-01
           978         9.0006562056e-06                           103         9.3391574262e+01        -7.1710729504e-01
           982         1.4186915156e-05                           485         2.9047190936e+02        -7.1710830157e-01
           986         1.5633813620e-06                            59         4.1141332037e+01        -7.1710736120e-01
           990         6.8598936095e-07                            19         2.2289042985e+01        -7.1710736120e-01
           994         3.6323963270e-06                           143         9.1692000911e+01        -7.1710635467e-01
           998         4.1332325784e-06                            49         3.9347514078e+01        -7.1710732812e-01
