             1         9.6364232786e-04                        103405         3.4880451279e+04         2.9158559045e+00
             3         2.3026899008e-04                         24627         8.2675565602e+03         2.9158559045e+00
             4         4.3713247877e-04                         46587         1.5727490899e+04         2.9158549588e+00
             6         9.0204384968e-04                         96665         3.1641310666e+04         2.9158549588e+00
             7         2.7819981184e-04                         29753         9.8420251429e+03         2.9158549588e+00
             8         4.5272106681e-04                         48055         1.6276430657e+04         2.9158559045e+00
            10         1.0462411564e-03                        111823         3.7584274516e+04         2.9158549646e+00
             9         1.6245219183e-03                        173833         5.8310586630e+04         2.9158549646e+00
            11         1.0266925264e-03                        110279         3.6961093837e+04         2.9158559046e+00
            12         1.2565874214e-04                         13427         4.6573989183e+03         2.9158559045e+00
            14         1.4137031695e-03                        151083         5.0977851209e+04         2.9158559045e+00
            13         4.9666025260e-04                         53213         1.7906420759e+04         2.9158531464e+00
            16         3.0467574148e-05                          3357         1.1925608555e+03         2.9158531464e+00
            18         1.4606776664e-03                        156061         5.2353752573e+04         2.9158559046e+00
            17         3.5227917999e-06                           355         1.2886093836e+02         2.9158559045e+00
            19         4.9117365602e-04                         52401         1.7591581339e+04         2.9158549588e+00
            22         7.7601039167e-06                           831         2.7942783271e+02         2.9158559045e+00
            21         6.5907626919e-05                          7031         2.3607586274e+03         2.9158559045e+00
            24         7.0081827968e-05                          7669         2.4797216371e+03         2.9158559045e+00
            23         3.7577263051e-04                         40209         1.4068758684e+04         2.9158531464e+00
            26         1.2737976447e-04                         13655         4.7153289955e+03         2.9158549646e+00
            25         1.0985253183e-04                         11819         4.1777468021e+03         2.9158559045e+00
            27         8.6823608069e-05                          9447         3.1770635567e+03         2.9158549646e+00
            28         4.5589937306e-05                          4845         1.6744391187e+03         2.9158559045e+00
            30         4.0034081566e-04                         42845         1.4412474939e+04         2.9158549646e+00
            29         7.0511167927e-04                         75609         2.5784068044e+04         2.9158549646e+00
            31         5.0158347870e-04                         53623         1.8223486582e+04         2.9158559045e+00
            33         3.9361565735e-05                          4259         1.4334717150e+03         2.9158531464e+00
            36         2.3107372243e-04                         24827         8.4369831199e+03         2.9158550255e+00
            35         5.7939429057e-05                          6201         2.1635479921e+03         2.9158559045e+00
            38         4.8698697586e-04                         52133         1.7405930014e+04         2.9158550255e+00
            37         2.1226082002e-04                         22783         7.7532461539e+03         2.9158549588e+00
            39         2.8203502769e-04                         29925         1.0015661942e+04         2.9158531464e+00
            42         5.9952112399e-04                         64169         2.1362483423e+04         2.9158550255e+00
            43         6.2149995324e-05                          6631         2.4837276606e+03         2.9158549588e+00
            45         1.8289484533e-04                         19731         6.8083088866e+03         2.9158559045e+00
            46         1.5843575772e-03                        169355         5.7439290900e+04         2.9158559046e+00
            48         8.5930026307e-04                         91997         3.1179708539e+04         2.9158549588e+00
            49         5.8840213225e-04                         63351         2.1313037561e+04         2.9158549646e+00
            50         1.0985608901e-05                          1207         4.2401740491e+02         2.9158549588e+00
            51         4.5783541424e-04                         48873         1.6414385215e+04         2.9158550255e+00
            53         7.2829915218e-05                          7845         2.9164419690e+03         2.9158549588e+00
            56         2.3638698958e-04                         25259         8.4586666067e+03         2.9158549588e+00
            58         2.3336355067e-04                         24883         8.4183661367e+03         2.9158549588e+00
            57         1.6157251658e-04                         17439         5.8611608953e+03         2.9158559045e+00
            60         2.4354001288e-04                         25865         8.6524063952e+03         2.9158549588e+00
            59         1.4460270099e-04                         15629         5.3225268207e+03         2.9158531464e+00
            61         5.2579377024e-04                         56265         1.9555127922e+04         2.9158559045e+00
            64         1.5517968437e-05                          1689         5.4298356262e+02         2.9158559045e+00
            63         6.2426203688e-05                          6649         2.3573518624e+03         2.9158549588e+00
            65         3.0785527966e-04                         33419         1.1094332980e+04         2.9158549646e+00
            68         1.4888914296e-04                         15897         5.1792504506e+03         2.9158559045e+00
            67         3.0356916103e-04                         32645         1.0949377000e+04         2.9158531464e+00
            72         1.2660742291e-04                         13527         4.3463881779e+03         2.9158549588e+00
            74         1.4528700602e-05                          1571         5.2903548029e+02         2.9158549588e+00
            71         1.9304023718e-04                         20745         7.0618662900e+03         2.9158549588e+00
            73         5.3364314853e-05                          5809         2.0292319418e+03         2.9158559045e+00
            78         1.9188115084e-04                         20669         6.8258984929e+03         2.9158531464e+00
            75         1.5727400595e-04                         17035         5.8309026007e+03         2.9158549588e+00
            80         4.6230084312e-04                         49727         1.6612960546e+04         2.9158559045e+00
            77         3.0471962192e-05                          3349         1.0910139283e+03         2.9158559045e+00
            79         1.0496794243e-05                          1149         3.9746519987e+02         2.9158549646e+00
            84         2.1785099455e-04                         23293         7.7303179368e+03         2.9158531464e+00
            86         6.4519791218e-06                           711         2.7889706877e+02         2.9158559045e+00
            81         4.3899245849e-05                          4667         1.6167897880e+03         2.9158549646e+00
            83         3.5633293700e-05                          3755         1.2550741799e+03         2.9158549646e+00
            88         2.3006523592e-04                         24325         8.0334703009e+03         2.9158549646e+00
            90         6.0833728477e-04                         65279         2.2175258890e+04         2.9158549588e+00
            87         2.0318570753e-04                         22073         7.5468280118e+03         2.9158549646e+00
            94         3.6561229399e-05                          3837         1.2546133722e+03         2.9158559045e+00
            92         3.4959684574e-04                         37529         1.2885778096e+04         2.9158549588e+00
            89         3.3437753086e-04                         35961         1.2183955433e+04         2.9158549588e+00
            98         1.0331137784e-04                         11063         3.7828882429e+03         2.9158549646e+00
            96         1.1162873906e-04                         12101         4.1615542791e+03         2.9158549588e+00
            95         8.1167493234e-05                          8627         2.8971392854e+03         2.9158549646e+00
            93         8.9340631232e-05                          9517         3.2162393216e+03         2.9158549646e+00
           102         4.2505396907e-04                         45921         1.5669476582e+04         2.9158550255e+00
           100         6.0344961407e-04                         64891         2.2184860610e+04         2.9158549588e+00
            97         6.1913736864e-05                          6637         2.3713018232e+03         2.9158559045e+00
           106         8.1411490026e-05                          8743         2.9497561844e+03         2.9158559045e+00
           104         6.7701029848e-04                         72873         2.4249446428e+04         2.9158559045e+00
           103         1.1889910446e-04                         12753         4.3525909087e+03         2.9158559045e+00
           101         4.8580306101e-05                          5355         1.7503334285e+03         2.9158549646e+00
           108         6.8257783041e-04                         73333         2.4612103960e+04         2.9158549588e+00
           107         2.1225801076e-04                         22571         7.5154349315e+03         2.9158549646e+00
           114         2.9350991231e-04                         31551         1.0547250692e+04         2.9158559045e+00
           112         8.4270545706e-04                         90099         3.0480970086e+04         2.9158549588e+00
           111         5.4901867679e-05                          5901         2.0218194296e+03         2.9158549646e+00
           118         3.5864779851e-05                          3677         1.2439374595e+03         2.9158550255e+00
           109         5.2489539641e-04                         55815         1.8777659666e+04         2.9158550255e+00
           115         3.6036633590e-04                         38627         1.3372818629e+04         2.9158559046e+00
           122         6.5322893597e-06                           705         2.4223400096e+02         2.9158559045e+00
           120         6.5046898150e-04                         70013         2.3445369919e+04         2.9158531464e+00
           113         1.7821794360e-04                         19151         6.4637181818e+03         2.9158559045e+00
           126         2.8688176448e-04                         30511         1.0341713264e+04         2.9158531464e+00
           119         5.7868388848e-04                         62153         2.1093084977e+04         2.9158549588e+00
           124         3.9767713453e-05                          4319         1.4901036493e+03         2.9158549588e+00
           117         3.0723597599e-04                         33019         1.1106938551e+04         2.9158559045e+00
           130         6.9916324831e-04                         74699         2.4973989683e+04         2.9158549646e+00
           123         1.4388503424e-04                         15409         5.1188072620e+03         2.9158559045e+00
           128         4.0183877312e-04                         42951         1.4486596052e+04         2.9158559045e+00
           121         5.0066089016e-04                         53741         1.8111752195e+04         2.9158549646e+00
           127         9.7144498164e-05                         10393         3.6213156100e+03         2.9158559045e+00
           132         5.8925761297e-04                         63129         2.1337111169e+04         2.9158549588e+00
           138         2.9200291447e-04                         31261         1.0620327175e+04         2.9158559045e+00
           131         2.3783865006e-05                          2523         8.5873945700e+02         2.9158549646e+00
           136         2.0566381868e-04                         22109         7.3728006081e+03         2.9158531464e+00
           125         6.0354220982e-04                         64215         2.1386338689e+04         2.9158549646e+00
           142         7.2612367833e-05                          8017         2.8537501952e+03         2.9158559045e+00
           140         2.2264096913e-04                         24195         7.9445571894e+03         2.9158549588e+00
           129         8.5202887240e-04                         91179         3.0839120086e+04         2.9158559046e+00
           146         1.2046737232e-04                         12825         4.2557010774e+03         2.9158559045e+00
           144         6.5914554380e-04                         70319         2.3695126494e+04         2.9158549646e+00
           133         1.6307361871e-03                        174551         5.8963849011e+04         2.9158549646e+00
           139         1.1956279291e-03                        127921         4.3000597156e+04         2.9158549646e+00
           148         1.2957610004e-04                         13735         4.4322415438e+03         2.9158549588e+00
           143         2.0315793537e-03                        217077         7.3631158787e+04         2.9158559045e+00
           154         5.9302479980e-05                          6271         2.0901094076e+03         2.9158550255e+00
           141         3.1294709344e-04                         33745         1.1486002318e+04         2.9158549646e+00
           152         1.4361007585e-04                         15381         5.2016162921e+03         2.9158549588e+00
           158         4.1052371678e-04                         44227         1.4677437718e+04         2.9158549646e+00
           156         3.9159472022e-05                          4265         1.4663096472e+03         2.9158549646e+00
           162         3.4906730882e-05                          3749         1.2181846299e+03         2.9158549588e+00
           149         1.6418391688e-04                         17627         5.9084942386e+03         2.9158559045e+00
           160         9.5918116877e-05                         10243         3.4813028289e+03         2.9158531464e+00
           166         7.7761276303e-04                         83235         2.7584024650e+04         2.9158559045e+00
           153         3.9341589983e-04                         42505         1.4636167326e+04         2.9158549588e+00
           164         6.8204198424e-04                         72945         2.4372355041e+04         2.9158549646e+00
           170         2.2411169553e-05                          2435         8.2619706948e+02         2.9158549588e+00
           159         5.9455576712e-04                         63915         2.1309724967e+04         2.9158549588e+00
           157         7.8155909546e-06                           851         2.7101256449e+02         2.9158549646e+00
           168         3.6009774158e-04                         38753         1.3257034097e+04         2.9158559045e+00
           174         2.9465110979e-04                         31147         1.0459554412e+04         2.9158549646e+00
           163         8.4644774326e-04                         90915         3.0772048314e+04         2.9158531464e+00
           172         2.9073556179e-04                         31221         1.0463680579e+04         2.9158559045e+00
           178         2.1905381557e-04                         23713         8.0230624616e+03         2.9158549646e+00
           167         4.2352005892e-04                         45257         1.5547015331e+04         2.9158549646e+00
           176         2.8181415763e-04                         30029         1.0384993132e+04         2.9158531464e+00
           182         8.2760661798e-04                         88345         2.9419025475e+04         2.9158531464e+00
           171         4.2952850883e-04                         46205         1.5363893496e+04         2.9158549588e+00
           180         1.0834369095e-04                         11491         3.9192788774e+03         2.9158559045e+00
           186         1.4580790409e-04                         15675         5.3625462213e+03         2.9158550255e+00
           173         8.6394424364e-06                           935         3.6666370099e+02         2.9158549588e+00
           175         2.7113796166e-04                         29267         9.8386076627e+03         2.9158550255e+00
           177         7.3202143439e-05                          7785         2.6294283956e+03         2.9158550255e+00
           184         1.5814645488e-04                         17103         5.8222866935e+03         2.9158549646e+00
           179         2.0771136233e-05                          2285         7.8308582262e+02         2.9158559045e+00
           194         1.3435051830e-03                        144047         4.8278448862e+04         2.9158549646e+00
           181         2.1510097323e-05                          2323         7.5513641802e+02         2.9158559045e+00
           198         3.6095068781e-04                         38479         1.2756620598e+04         2.9158559045e+00
           185         8.6325850098e-04                         92661         3.1149532344e+04         2.9158549646e+00
           183         1.0331688753e-03                        111015         3.7130860325e+04         2.9158531464e+00
           192         3.0392876630e-04                         31891         1.0474429022e+04         2.9158549646e+00
           202         1.1934900741e-04                         12773         4.3341570450e+03         2.9158549646e+00
           189         7.6122108132e-04                         81469         2.7632733622e+04         2.9158549646e+00
           196         8.2790470687e-05                          8809         3.0852057646e+03         2.9158549588e+00
           187         7.4240007908e-04                         79767         2.7041806509e+04         2.9158549646e+00
           193         1.6100439010e-04                         17185         5.8665314043e+03         2.9158559045e+00
           210         2.4509188254e-04                         25985         8.6670480264e+03         2.9158549646e+00
           195         3.6836542005e-04                         39673         1.2981103887e+04         2.9158549646e+00
           200         2.6832575099e-04                         28563         9.4109014992e+03         2.9158549646e+00
           199         7.8624321088e-04                         83599         2.8341907829e+04         2.9158559045e+00
           218         9.0585010291e-05                          9647         3.2547492589e+03         2.9158559045e+00
           205         4.8886907514e-04                         51571         1.6829532366e+04         2.9158549646e+00
           204         8.2598752476e-04                         88125         2.9489703132e+04         2.9158559045e+00
           222         8.4467175351e-04                         90787         3.0611953855e+04         2.9158549646e+00
           209         6.3636463580e-04                         67685         2.2686209933e+04         2.9158559046e+00
           208         5.0695535062e-04                         54307         1.8459443072e+04         2.9158549588e+00
           226         1.0182060992e-03                        108997         3.6567216485e+04         2.9158559046e+00
           207         6.7584096418e-04                         72339         2.4685948658e+04         2.9158549588e+00
           212         1.2015914741e-03                        128009         4.2543132684e+04         2.9158549646e+00
           217         1.4491443454e-04                         15411         5.1750946841e+03         2.9158549646e+00
           211         4.8757597445e-04                         52159         1.7720664045e+04         2.9158559045e+00
           216         3.5712769851e-04                         38215         1.3012625617e+04         2.9158531464e+00
           230         1.2797010565e-03                        136951         4.6728617236e+04         2.9158531464e+00
           221         6.9423696756e-04                         74501         2.5260995158e+04         2.9158559046e+00
           220         2.0772999843e-04                         22087         7.3596589484e+03         2.9158549646e+00
           234         2.1305050530e-04                         22815         7.8199617492e+03         2.9158549646e+00
           224         3.5189201924e-04                         37449         1.2552948032e+04         2.9158549646e+00
           219         5.9672037328e-04                         63773         2.0989901243e+04         2.9158549646e+00
           229         1.6577926150e-04                         17475         5.9097077969e+03         2.9158549588e+00
           238         1.7193129213e-04                         18253         6.0925431267e+03         2.9158559045e+00
           228         3.7282864387e-04                         39907         1.3182417250e+04         2.9158549646e+00
           242         4.5408937676e-04                         48819         1.6911933967e+04         2.9158549646e+00
           232         1.6886657425e-04                         17795         6.0228081653e+03         2.9158549646e+00
           246         1.3576826603e-04                         14531         4.9799291672e+03         2.9158559045e+00
           237         4.1200504241e-04                         44049         1.4613874962e+04         2.9158549646e+00
           231         8.3320918947e-04                         89589         3.0023918457e+04         2.9158559046e+00
           236         9.5032895218e-06                          1029         3.5000597658e+02         2.9158550255e+00
           250         6.7702495521e-04                         72517         2.4456235792e+04         2.9158549588e+00
           241         2.7237563970e-04                         29093         9.8001971081e+03         2.9158559045e+00
           240         1.5175488395e-05                          1537         4.7222916503e+02         2.9158550255e+00
           254         3.7835196894e-04                         40719         1.3744863077e+04         2.9158559045e+00
           245         3.1970893085e-05                          3483         1.2342108376e+03         2.9158559045e+00
           244         1.3479363022e-04                         14201         4.7617681167e+03         2.9158531464e+00
           239         6.3410058828e-04                         67835         2.2884438915e+04         2.9158549646e+00
           258         1.1944000366e-04                         12945         4.2901118168e+03         2.9158550255e+00
           248         1.2938633915e-06                           133         5.0370742793e+01         2.9158549588e+00
           243         1.8547370133e-05                          1935         6.7737374240e+02         2.9158549588e+00
           262         2.7912449959e-04                         29565         9.8873355188e+03         2.9158549646e+00
           253         5.4971292220e-05                          6003         2.1378326117e+03         2.9158559045e+00
           252         2.1180708584e-04                         22837         7.6819207947e+03         2.9158550255e+00
           247         5.9500786189e-04                         63933         2.1297604763e+04         2.9158559045e+00
           266         6.3597144326e-05                          6729         2.2700100082e+03         2.9158549588e+00
           257         7.1555790833e-04                         76953         2.6025312351e+04         2.9158559046e+00
           256         3.7276289309e-04                         40077         1.3353774124e+04         2.9158559045e+00
           251         8.8305933829e-04                         94595         3.1672185161e+04         2.9158549646e+00
           270         1.2449138482e-04                         13495         4.4839889425e+03         2.9158549588e+00
           260         2.6700051475e-04                         28801         9.6697437704e+03         2.9158550255e+00
           255         2.3587971098e-04                         25293         8.4094800421e+03         2.9158559045e+00
           274         2.6225787889e-05                          2949         1.0300024010e+03         2.9158549588e+00
           265         1.1261200952e-04                         11875         4.1383018299e+03         2.9158559045e+00
           259         4.5269801877e-06                           505         1.4403226238e+02         2.9158549588e+00
           278         1.3823939855e-04                         15005         5.0596133151e+03         2.9158549646e+00
           269         2.1508235422e-04                         23323         7.7711368839e+03         2.9158549646e+00
           263         2.7851402991e-04                         29915         1.0244788591e+04         2.9158549646e+00
           282         2.0518547380e-03                        220143         7.4686612125e+04         2.9158549646e+00
           273         3.4652238550e-04                         36975         1.2711004755e+04         2.9158559045e+00
           267         2.3856742818e-04                         25661         8.6458348902e+03         2.9158559045e+00
           286         9.9838272388e-05                         10467         3.7359678874e+03         2.9158549588e+00
           272         6.5574430441e-05                          6957         2.2992928278e+03         2.9158559045e+00
           275         2.4712578296e-05                          2547         9.1442033181e+02         2.9158549646e+00
           294         1.9494917412e-05                          2139         6.8187928272e+02         2.9158549588e+00
           281         5.0513875426e-04                         54027         1.8263527912e+04         2.9158559045e+00
           279         1.9716408041e-04                         21017         6.9911244449e+03         2.9158550255e+00
           298         6.5358757267e-04                         70101         2.3237188484e+04         2.9158549646e+00
           280         1.0200603398e-03                        108911         3.6280998316e+04         2.9158559045e+00
           283         1.0220490559e-03                        109673         3.7027206693e+04         2.9158549588e+00
           302         9.8404913876e-05                         10513         3.5673050910e+03         2.9158549646e+00
           289         6.2134488438e-05                          6749         2.2044193701e+03         2.9158559045e+00
           284         6.3202620800e-04                         67847         2.3012543350e+04         2.9158549588e+00
           287         3.5880249417e-04                         38273         1.2633959890e+04         2.9158549588e+00
           306         8.5694303652e-05                          9205         3.1249926220e+03         2.9158549588e+00
           293         7.8714643893e-05                          8427         2.6668710919e+03         2.9158549646e+00
           288         2.2380431370e-04                         24179         8.3135745205e+03         2.9158550255e+00
           291         5.5647614871e-04                         59653         1.9901592850e+04         2.9158549588e+00
           297         1.8418789083e-04                         19317         6.4032363581e+03         2.9158559045e+00
           292         6.9095311236e-04                         74223         2.4744877459e+04         2.9158549588e+00
           295         1.0106622339e-05                          1019         3.1837672530e+02         2.9158549588e+00
           314         2.1718320922e-04                         23213         8.0134400067e+03         2.9158550255e+00
           296         2.1244455221e-04                         22629         7.7756978678e+03         2.9158549588e+00
           299         7.8422237962e-04                         83333         2.8082814766e+04         2.9158559045e+00
           305         5.9311911773e-04                         63749         2.1215198515e+04         2.9158549646e+00
           300         5.2430205280e-04                         56303         1.8851384993e+04         2.9158549588e+00
           318         4.8396139715e-04                         51801         1.7797924233e+04         2.9158549646e+00
           303         7.3411452556e-04                         78347         2.6366916094e+04         2.9158549646e+00
           309         1.2545599802e-03                        135865         4.5525481030e+04         2.9158559045e+00
           322         7.3703955093e-04                         78627         2.6377705595e+04         2.9158549646e+00
           304         1.1493450463e-03                        123197         4.1415985882e+04         2.9158550255e+00
           313         4.8446460806e-04                         51845         1.7359136838e+04         2.9158559045e+00
           307         2.5250375240e-04                         27091         9.1111397697e+03         2.9158550255e+00
           326         7.1701169033e-05                          7735         2.7025034000e+03         2.9158549646e+00
           308         5.8209520760e-04                         62529         2.0873485565e+04         2.9158549646e+00
           311         3.0448959783e-04                         32503         1.1072586539e+04         2.9158549646e+00
           330         2.4188409809e-04                         25793         8.5096802774e+03         2.9158549588e+00
           321         3.4842956302e-05                          3733         1.2425042343e+03         2.9158549588e+00
           312         9.8840557141e-05                         10487         3.5184793794e+03         2.9158559045e+00
           315         2.8242830020e-04                         30579         1.0312428892e+04         2.9158549646e+00
           334         7.6115763047e-04                         81597         2.7851733556e+04         2.9158549646e+00
           316         1.1842869134e-04                         12667         4.2671761345e+03         2.9158549588e+00
           319         1.0522430797e-04                         11271         3.6784636195e+03         2.9158549588e+00
           338         4.5777853065e-04                         49219         1.6761987916e+04         2.9158549588e+00
           320         8.8616800810e-05                          9541         3.1106375495e+03         2.9158549646e+00
           342         2.0658368200e-04                         22277         7.7711807557e+03         2.9158559045e+00
           333         1.9728326469e-04                         21159         7.1743301801e+03         2.9158549646e+00
           324         7.0896692620e-04                         75879         2.5766432250e+04         2.9158550255e+00
           346         6.5412614529e-04                         70183         2.3618889953e+04         2.9158549646e+00
           337         3.8881985182e-04                         41741         1.3995263374e+04         2.9158549588e+00
           328         1.2392507361e-03                        133095         4.4718712414e+04         2.9158549646e+00
           331         1.8433698569e-04                         19789         6.6170340119e+03         2.9158531464e+00
           341         1.0711820613e-04                         11467         4.0080121462e+03         2.9158549588e+00
           350         1.1326453296e-03                        121343         4.1001590667e+04         2.9158549646e+00
           332         3.3504222528e-04                         35507         1.2081487868e+04         2.9158559045e+00
           335         5.6534052704e-04                         60529         2.0547059662e+04         2.9158549646e+00
           345         5.0675261348e-04                         54477         1.8352950314e+04         2.9158549646e+00
           354         1.1586629962e-03                        123241         4.1143391669e+04         2.9158531464e+00
           336         7.2003942502e-04                         76753         2.6449341477e+04         2.9158549588e+00
           339         4.6920035733e-04                         50131         1.7308882126e+04         2.9158549588e+00
           349         1.1486631937e-04                         12085         4.0806822749e+03         2.9158531464e+00
           358         3.7312878655e-04                         40021         1.3299292353e+04         2.9158559045e+00
           340         1.2726205651e-04                         13517         4.7656855120e+03         2.9158550255e+00
           343         1.4327440721e-03                        153971         5.1988197053e+04         2.9158549646e+00
           362         2.8458106764e-04                         30709         1.0387772775e+04         2.9158559045e+00
           344         2.0142150531e-03                        216581         7.3431528122e+04         2.9158550255e+00
           347         1.2389543301e-03                        132887         4.4645257331e+04         2.9158549588e+00
           357         7.4929885294e-06                           799         2.7553129439e+02         2.9158559045e+00
           348         2.6129465734e-05                          2825         9.7757115285e+02         2.9158559045e+00
           351         1.6790883978e-04                         18013         6.1473271148e+03         2.9158559045e+00
           361         3.4485795379e-04                         36941         1.2485143585e+04         2.9158549588e+00
           352         3.4090306052e-04                         35897         1.2283209645e+04         2.9158550255e+00
           355         8.0052034852e-04                         85953         2.9251486662e+04         2.9158549646e+00
           374         1.1155955926e-04                         12041         3.9634334508e+03         2.9158550255e+00
           365         2.3333650714e-05                          2493         8.1401028055e+02         2.9158549646e+00
           356         7.5276746082e-05                          8173         2.7936314215e+03         2.9158549588e+00
           359         6.6009773256e-05                          7211         2.4151979486e+03         2.9158549646e+00
           369         9.8952102248e-06                          1075         3.4582900895e+02         2.9158559045e+00
           360         4.1948883214e-04                         44577         1.5026605524e+04         2.9158559045e+00
           363         1.1456224656e-04                         12175         4.0688857910e+03         2.9158559045e+00
           382         2.9496014523e-04                         31727         1.0709176049e+04         2.9158550255e+00
           364         3.2276502353e-04                         34477         1.1490751730e+04         2.9158550255e+00
           377         7.5377869346e-05                          8205         2.8573794116e+03         2.9158549646e+00
           386         3.1304301004e-04                         33637         1.1491697106e+04         2.9158559045e+00
           371         1.9076639486e-04                         20445         6.8807528862e+03         2.9158549588e+00
           368         1.9694326363e-04                         21083         6.9689227262e+03         2.9158559045e+00
           381         4.0981156868e-04                         43887         1.4653587538e+04         2.9158549588e+00
           375         1.3421044739e-03                        142943         4.7541027036e+04         2.9158549646e+00
           394         1.8514521923e-04                         19871         6.6635441128e+03         2.9158549646e+00
           385         3.8622064391e-04                         41151         1.3630101224e+04         2.9158550255e+00
           376         1.7903004025e-04                         19343         6.2972449198e+03         2.9158559045e+00
           398         2.4202993387e-04                         25947         8.9269844426e+03         2.9158549588e+00
           389         4.0411642807e-04                         43437         1.4725740660e+04         2.9158559046e+00
           380         5.5364313428e-04                         58479         1.9495886047e+04         2.9158559045e+00
           383         1.0594845934e-04                         11689         4.0948249652e+03         2.9158549646e+00
           402         1.3764352400e-03                        147229         4.9348576628e+04         2.9158549646e+00
           393         3.6813066425e-04                         39079         1.3077853001e+04         2.9158549646e+00
           384         2.9571826391e-04                         31945         1.0857886883e+04         2.9158549588e+00
           406         1.4329546807e-04                         15355         5.1264846371e+03         2.9158559045e+00
           387         2.1040660199e-04                         22385         7.8016927724e+03         2.9158549646e+00
           410         5.5120991105e-04                         59043         2.0262211592e+04         2.9158531464e+00
           391         5.8958125415e-04                         62943         2.1289868669e+04         2.9158559045e+00
           392         3.4753359335e-04                         36919         1.2719092503e+04         2.9158549646e+00
           399         7.7412856433e-05                          8125         2.6690301279e+03         2.9158559045e+00
           405         8.4020641825e-04                         89727         3.0084826806e+04         2.9158549646e+00
           422         3.1976811420e-04                         34447         1.1266115340e+04         2.9158559045e+00
           403         2.1923523318e-04                         23243         7.9604897338e+03         2.9158549588e+00
           400         8.2905483771e-04                         88969         2.9710706545e+04         2.9158549646e+00
           409         2.3261945509e-04                         25071         8.4459840015e+03         2.9158549646e+00
           426         7.3936442357e-04                         78749         2.6641509355e+04         2.9158531464e+00
           407         1.1364725843e-04                         12247         4.1311866093e+03         2.9158549646e+00
           404         2.9919711842e-04                         31965         1.0991623098e+04         2.9158549588e+00
           413         5.6101887496e-04                         60393         2.0258751504e+04         2.9158531464e+00
           430         5.7916289901e-04                         61737         2.0690747548e+04         2.9158549646e+00
           411         1.5344442466e-04                         16341         5.6308545078e+03         2.9158549646e+00
           408         3.8998530786e-04                         41583         1.4081333350e+04         2.9158549646e+00
           417         6.7234022094e-05                          7107         2.3361881035e+03         2.9158559045e+00
           415         1.1802934945e-03                        126675         4.2384899603e+04         2.9158549646e+00
           412         5.2925469106e-04                         56193         1.8920225408e+04         2.9158549646e+00
           421         1.4831597746e-04                         16145         5.2865718560e+03         2.9158549646e+00
           438         1.8707120303e-05                          1997         7.1565892679e+02         2.9158549646e+00
           419         7.9070771712e-04                         84713         2.8460552749e+04         2.9158549588e+00
           425         4.0306225202e-04                         43065         1.4318118916e+04         2.9158550255e+00
           423         1.8411083989e-04                         19637         6.3913612491e+03         2.9158549646e+00
           442         5.1100447733e-05                          5375         1.7122084978e+03         2.9158549646e+00
           420         4.9581999780e-04                         53093         1.8362964711e+04         2.9158559045e+00
           429         3.8500625357e-05                          4179         1.4641739178e+03         2.9158559045e+00
           424         4.6818068578e-04                         50187         1.6713150319e+04         2.9158559045e+00
           446         1.7792245921e-04                         19185         6.2596027929e+03         2.9158559045e+00
           433         3.6221318107e-04                         38897         1.2944302283e+04         2.9158549588e+00
           431         3.2535765964e-05                          3501         1.2675420459e+03         2.9158549646e+00
           428         7.0337271081e-04                         74897         2.4873494860e+04         2.9158559045e+00
           437         2.5885267834e-04                         27617         9.1714540489e+03         2.9158559045e+00
           454         2.6724063823e-04                         28603         9.6074109661e+03         2.9158550255e+00
           432         2.3280501149e-04                         25181         8.4190991861e+03         2.9158549646e+00
           441         1.7624527205e-05                          1889         6.0780400090e+02         2.9158549646e+00
           458         3.9798555535e-05                          4225         1.4940739016e+03         2.9158559045e+00
           436         3.0453770729e-05                          3321         1.1121398495e+03         2.9158549646e+00
           439         4.3110284783e-04                         46295         1.5978050427e+04         2.9158549646e+00
           445         3.9109254170e-04                         41957         1.4079607040e+04         2.9158549588e+00
           462         9.6006654542e-04                        103367         3.4970460406e+04         2.9158550255e+00
           440         5.7587740378e-04                         61185         2.0725146999e+04         2.9158549646e+00
           443         9.3587481758e-04                        100531         3.3531890171e+04         2.9158559046e+00
           449         4.7471012195e-04                         50457         1.7061530728e+04         2.9158549646e+00
           466         1.4077587845e-04                         15111         5.0719881078e+03         2.9158549646e+00
           444         1.2080615704e-04                         13029         4.2976515906e+03         2.9158549646e+00
           447         5.1924501908e-05                          5519         1.9893073433e+03         2.9158549588e+00
           448         1.0030929644e-04                         10697         3.4755657081e+03         2.9158549646e+00
           453         1.9510473717e-04                         20969         7.0991281694e+03         2.9158549588e+00
           451         3.5230461389e-06                           399         1.5053603353e+02         2.9158549588e+00
           474         2.2235087176e-05                          2389         7.9733163173e+02         2.9158550255e+00
           457         2.7396170232e-05                          2973         9.8289880799e+02         2.9158549588e+00
           455         1.9535254660e-04                         20815         7.0598733951e+03         2.9158559045e+00
           478         3.3617820282e-04                         36125         1.2051986938e+04         2.9158549588e+00
           461         1.0491247573e-03                        112215         3.7465266649e+04         2.9158549646e+00
           459         6.2512063849e-04                         67051         2.2418117599e+04         2.9158559045e+00
           482         5.4645638054e-04                         59067         1.9710896600e+04         2.9158549588e+00
           465         7.6231340805e-04                         82579         2.8028166388e+04         2.9158549588e+00
           463         6.5907242463e-04                         71081         2.4010665024e+04         2.9158559046e+00
           486         1.2585619123e-04                         13745         4.7599553614e+03         2.9158549646e+00
           464         5.1309944117e-04                         54481         1.7996302386e+04         2.9158559045e+00
           469         2.0742245648e-03                        222055         7.5003913814e+04         2.9158549588e+00
           490         8.9830025172e-06                           925         3.4246143142e+02         2.9158559045e+00
           467         5.4508796807e-04                         58197         2.0021261004e+04         2.9158549588e+00
           473         1.3980931253e-03                        149867         5.0771325068e+04         2.9158549646e+00
           494         8.6635678858e-04                         93025         3.1218653948e+04         2.9158549588e+00
           471         1.6634436434e-04                         18081         6.0237906155e+03         2.9158549646e+00
           477         2.8039779453e-04                         30183         1.0172639080e+04         2.9158549646e+00
           472         2.8609718077e-04                         30739         1.0237613092e+04         2.9158549646e+00
           475         2.5432285769e-04                         27493         9.1999313249e+03         2.9158549588e+00
           498         7.8446397919e-04                         84629         2.8516846535e+04         2.9158531464e+00
           476         2.7710714281e-04                         29453         9.7715314754e+03         2.9158549646e+00
           479         1.0900197377e-04                         11641         3.8526982635e+03         2.9158531464e+00
           502         2.9103654934e-04                         31489         1.0442440581e+04         2.9158549588e+00
           485         8.3865372627e-04                         89789         3.0138639852e+04         2.9158531464e+00
           480         4.0842326636e-05                          4365         1.5232923305e+03         2.9158559045e+00
           506         6.9948732230e-04                         74831         2.5070249343e+04         2.9158549646e+00
           489         1.8467010573e-04                         19871         6.9473384045e+03         2.9158550255e+00
           487         4.1199849533e-04                         44125         1.5148965412e+04         2.9158550255e+00
           484         1.3951402348e-04                         15013         4.9515822535e+03         2.9158549588e+00
           493         4.0339607965e-05                          4279         1.4971764270e+03         2.9158549588e+00
           510         1.6675865460e-04                         17805         5.8282779454e+03         2.9158550255e+00
           491         4.4973061245e-04                         48257         1.6006642208e+04         2.9158559045e+00
           488         1.4689604955e-03                        157853         5.2961070816e+04         2.9158549646e+00
           497         4.8635684016e-04                         52031         1.7576090818e+04         2.9158559046e+00
           514         8.1737381979e-07                            69         3.7105398569e+01         2.9158549588e+00
           495         8.8954015490e-05                          9437         3.0763231944e+03         2.9158549646e+00
           492         8.1414822767e-06                           839         3.0572263586e+02         2.9158549588e+00
           501         5.2927530238e-05                          5781         1.9860014654e+03         2.9158549588e+00
           518         2.0374661470e-06                           233         8.3268301300e+01         2.9158559045e+00
           496         4.6055784766e-05                          5067         1.8181292632e+03         2.9158531464e+00
           499         5.9379393116e-04                         63361         2.1204470628e+04         2.9158550255e+00
           522         1.9590576545e-05                          2187         8.1955791571e+02         2.9158549646e+00
           500         8.7129458589e-05                          9291         3.1941193747e+03         2.9158549588e+00
           509         9.0400034530e-05                          9647         3.2763012150e+03         2.9158549646e+00
           503         2.6567294331e-04                         28463         9.8325365367e+03         2.9158549646e+00
           526         2.5617140988e-05                          2677         9.2721777293e+02         2.9158550255e+00
           504         6.2972592469e-04                         67151         2.2702367443e+04         2.9158549588e+00
           513         8.6680838071e-04                         92567         3.1484425273e+04         2.9158549588e+00
           507         1.2997224311e-04                         14121         4.8335171838e+03         2.9158559045e+00
           530         1.5221033867e-04                         16385         5.4636219044e+03         2.9158549646e+00
           508         1.0555444742e-03                        113291         3.8130382263e+04         2.9158549646e+00
           517         5.8486096651e-04                         62291         2.1435690476e+04         2.9158550255e+00
           511         1.1512561794e-04                         12415         4.3104796984e+03         2.9158559045e+00
           534         2.0533033733e-04                         21905         7.4665829695e+03         2.9158549646e+00
           512         4.6330944926e-04                         49289         1.6544527479e+04         2.9158549646e+00
           521         3.9008734382e-05                          4149         1.3486805100e+03         2.9158550255e+00
           515         5.2061451902e-04                         55605         1.8939020147e+04         2.9158549646e+00
           538         7.1565920845e-04                         76367         2.5637092027e+04         2.9158549646e+00
           516         4.2000843625e-04                         44967         1.5180277390e+04         2.9158549646e+00
           542         7.5011678979e-04                         80321         2.7516199189e+04         2.9158549646e+00
           520         1.2974901440e-04                         13635         4.4281515915e+03         2.9158549588e+00
           523         6.9636023110e-04                         74449         2.5238369340e+04         2.9158549646e+00
           524         6.9869512514e-04                         74735         2.5270361037e+04         2.9158549646e+00
           527         1.1652346323e-04                         12433         4.1136333190e+03         2.9158549588e+00
           528         4.2306513216e-04                         45605         1.5287247739e+04         2.9158549646e+00
           554         5.0437195130e-04                         53811         1.8263952713e+04         2.9158550255e+00
           537         7.1058873210e-04                         76531         2.6029099530e+04         2.9158549646e+00
           531         6.6611472558e-04                         71129         2.3717461777e+04         2.9158549588e+00
           558         1.8046771140e-04                         19447         6.3592917402e+03         2.9158559045e+00
           541         4.5253249072e-05                          4707         1.6341622630e+03         2.9158549646e+00
           536         1.4661565234e-04                         15779         5.3297408254e+03         2.9158549588e+00
           535         8.8540037368e-04                         94467         3.1470455133e+04         2.9158549646e+00
           562         2.5705936673e-04                         27493         9.1505464006e+03         2.9158549646e+00
           540         2.3098662872e-04                         24689         8.0157966538e+03         2.9158549646e+00
           539         5.4194570040e-04                         58037         1.9560122981e+04         2.9158559045e+00
           549         1.5327349392e-03                        164261         5.5295575821e+04         2.9158559045e+00
           566         4.6910112993e-04                         50009         1.6857623890e+04         2.9158549588e+00
           544         1.5060697597e-04                         15885         5.5608682840e+03         2.9158559045e+00
           543         7.8412743947e-04                         83277         2.7752280085e+04         2.9158559045e+00
           553         9.5912609918e-04                        103107         3.5426683231e+04         2.9158549588e+00
           570         4.2808225239e-06                           469         1.6496116120e+02         2.9158549588e+00
           548         5.2566987413e-04                         55895         1.8475384834e+04         2.9158549646e+00
           557         7.5600007396e-04                         80647         2.7105218241e+04         2.9158549646e+00
           574         6.5456835766e-04                         70159         2.3814905931e+04         2.9158559045e+00
           552         4.0186924149e-05                          4331         1.4869659154e+03         2.9158549588e+00
           551         2.8898382834e-03                        309213         1.0393412494e+05         2.9158549646e+00
           561         1.5657377073e-04                         16785         5.8433331971e+03         2.9158549588e+00
           578         6.3886835387e-04                         68067         2.3440445440e+04         2.9158549588e+00
           555         4.2563257513e-04                         45297         1.5126631605e+04         2.9158559045e+00
           565         8.9710554198e-05                          9401         3.0327755271e+03         2.9158549646e+00
           560         4.0333113217e-05                          4329         1.4853661752e+03         2.9158549588e+00
           586         2.3325871849e-04                         24789         8.6662844754e+03         2.9158559045e+00
           559         5.0101723051e-04                         53479         1.8307546165e+04         2.9158559045e+00
           564         1.4947138711e-04                         15955         5.3903225823e+03         2.9158549588e+00
           573         1.8220708246e-05                          1989         6.2448362210e+02         2.9158549588e+00
           563         4.6845086121e-04                         49957         1.6553264588e+04         2.9158531464e+00
           568         1.2326293540e-04                         13165         4.5290912138e+03         2.9158549646e+00
           594         7.2136313002e-04                         77317         2.5925643897e+04         2.9158559045e+00
           567         5.7081089750e-04                         60765         2.0219483501e+04         2.9158549588e+00
           577         3.2758499653e-04                         34897         1.1649954596e+04         2.9158559045e+00
           572         2.1851779951e-04                         23199         7.8370986406e+03         2.9158549646e+00
           598         1.1985421820e-04                         12865         4.2656021220e+03         2.9158549646e+00
           571         3.4411946615e-04                         36745         1.2693654433e+04         2.9158549646e+00
           581         4.5114221842e-04                         48313         1.6274874232e+04         2.9158549646e+00
           602         5.8335768110e-05                          6137         2.0363656297e+03         2.9158549588e+00
           575         2.1155379602e-04                         22419         7.8993742253e+03         2.9158549646e+00
           585         1.5288527712e-04                         16171         5.3455315981e+03         2.9158549588e+00
           580         2.1665635802e-04                         23255         7.8115788532e+03         2.9158549646e+00
           606         6.7518657805e-04                         71981         2.4191849121e+04         2.9158559045e+00
           579         6.8644810021e-04                         73561         2.5289644366e+04         2.9158549646e+00
           589         2.6807023082e-04                         28863         9.6511400683e+03         2.9158559045e+00
           584         8.9958326872e-04                         96413         3.2901296686e+04         2.9158549646e+00
           610         9.2679029526e-05                          9821         3.4369580340e+03         2.9158549646e+00
           583         9.2028568429e-05                          9843         3.2905934074e+03         2.9158550255e+00
           593         5.8022237044e-04                         62263         2.0919681006e+04         2.9158549588e+00
           614         5.8220162164e-04                         61847         2.1111436270e+04         2.9158559045e+00
           587         7.9227305309e-06                           839         3.0529574753e+02         2.9158549646e+00
           597         4.3349868333e-05                          4697         1.6781796429e+03         2.9158550255e+00
           592         1.2287508817e-03                        132149         4.4698892418e+04         2.9158559045e+00
           618         3.6388351558e-04                         38989         1.3186819513e+04         2.9158549588e+00
           591         3.0601098064e-04                         32341         1.0820236726e+04         2.9158559045e+00
           601         6.4140823104e-05                          6845         2.3494570664e+03         2.9158549588e+00
           596         4.8045873409e-05                          5295         1.8006057822e+03         2.9158549588e+00
           622         1.6253177133e-04                         17535         6.2721539661e+03         2.9158559045e+00
           595         2.8345329626e-04                         30073         1.0192671918e+04         2.9158549646e+00
           605         3.3294417793e-04                         35653         1.2149479630e+04         2.9158549646e+00
           626         1.2824691796e-06                           127         5.3086719610e+01         2.9158549646e+00
           600         8.2063436260e-04                         88223         2.9663142021e+04         2.9158559045e+00
           599         2.1050238173e-05                          2333         7.7209797210e+02         2.9158549646e+00
           609         5.8251290763e-04                         62129         2.0663871959e+04         2.9158559045e+00
           630         1.3141710565e-05                          1457         4.7006177568e+02         2.9158559045e+00
           604         2.2299598889e-04                         23791         8.0979598042e+03         2.9158531464e+00
           603         3.4245289870e-04                         36895         1.2429222442e+04         2.9158549646e+00
           613         7.3589723946e-04                         79353         2.6991424709e+04         2.9158549588e+00
           634         2.5499697732e-04                         27093         9.1792181543e+03         2.9158549646e+00
           608         6.0118313928e-05                          6461         2.3336676628e+03         2.9158549588e+00
           617         6.8292903373e-05                          7313         2.4611365587e+03         2.9158531464e+00
           638         1.7193057181e-04                         18109         6.1665427434e+03         2.9158559045e+00
           612         2.5584571289e-04                         27373         9.4001266520e+03         2.9158559045e+00
           621         1.4050019773e-03                        150423         5.1111170984e+04         2.9158549588e+00
           642         1.9840083408e-04                         21565         7.3561293447e+03         2.9158559045e+00
           615         9.5239642032e-04                        102533         3.4253735277e+04         2.9158549646e+00
           625         3.6050708609e-05                          3915         1.3161369220e+03         2.9158550255e+00
           646         2.3279363131e-04                         24735         8.3621877627e+03         2.9158549588e+00
           620         7.8978939825e-04                         84685         2.8524275396e+04         2.9158559045e+00
           619         5.6683684752e-04                         60511         2.0282185483e+04         2.9158549646e+00
           650         3.9060343519e-04                         41903         1.4068326054e+04         2.9158559045e+00
           633         1.0422043720e-03                        111401         3.7914496051e+04         2.9158550255e+00
           623         9.9743366840e-04                        106803         3.5641768723e+04         2.9158549588e+00
           654         3.0508366244e-05                          3319         1.1517536768e+03         2.9158549588e+00
           628         3.2991852889e-04                         35673         1.1817832107e+04         2.9158549588e+00
           627         2.0602925892e-04                         22269         7.6721668357e+03         2.9158549646e+00
           658         3.3193424933e-05                          3659         1.2121312686e+03         2.9158549588e+00
           641         5.5293733339e-05                          5791         2.1267012516e+03         2.9158549588e+00
           632         2.0605846177e-04                         22133         7.4759249647e+03         2.9158549646e+00
           631         6.9600393129e-04                         74239         2.4826417684e+04         2.9158549646e+00
           662         2.3787725404e-04                         25451         8.2666400538e+03         2.9158559045e+00
           645         2.5059285596e-04                         26759         8.6742916034e+03         2.9158549646e+00
           636         5.8412791078e-04                         62615         2.1436001334e+04         2.9158559045e+00
           635         2.2061302708e-04                         23737         8.0561863693e+03         2.9158559045e+00
           666         2.7001297673e-05                          2961         1.0627820282e+03         2.9158559045e+00
           649         5.9169918010e-05                          6303         2.1561459838e+03         2.9158559045e+00
           639         3.8817402340e-05                          4235         1.3031215570e+03         2.9158549646e+00
           670         2.7521564862e-04                         29431         1.0152672756e+04         2.9158549646e+00
           644         8.7109092683e-04                         93213         3.1443603974e+04         2.9158549588e+00
           653         2.8724437156e-04                         30891         1.0270818134e+04         2.9158531464e+00
           643         1.1704707700e-03                        124913         4.1632690401e+04         2.9158550255e+00
           674         1.6781404349e-04                         18085         6.0794080026e+03         2.9158549646e+00
           648         2.6817036351e-05                          2889         9.8503226884e+02         2.9158559045e+00
           647         3.3057911099e-04                         35227         1.1624399534e+04         2.9158549646e+00
           657         4.9003015724e-04                         52993         1.8053735731e+04         2.9158550255e+00
           652         3.6269563684e-04                         39089         1.2924690122e+04         2.9158550255e+00
           651         4.7321234912e-04                         50721         1.7192657539e+04         2.9158531464e+00
           661         4.3305260054e-04                         46233         1.5456448849e+04         2.9158559045e+00
           656         4.4293898707e-04                         47483         1.6070747687e+04         2.9158550255e+00
           682         9.1166731029e-04                         97619         3.2664805304e+04         2.9158559046e+00
           665         3.0033604299e-04                         32165         1.0963376839e+04         2.9158549588e+00
           686         1.9633242713e-04                         20757         7.2993833506e+03         2.9158549588e+00
           660         2.8432074098e-04                         30513         1.0328925579e+04         2.9158549588e+00
           669         1.5776144211e-04                         16785         5.5541627152e+03         2.9158549588e+00
           690         1.5488763398e-04                         16761         5.6519763322e+03         2.9158550255e+00
           664         6.3638725944e-04                         67367         2.2678190175e+04         2.9158550255e+00
           663         3.3188265084e-04                         35699         1.1775998070e+04         2.9158549588e+00
           673         5.7415406568e-04                         61473         2.0999771608e+04         2.9158549588e+00
           668         7.0866474645e-05                          7489         2.4770673929e+03         2.9158559045e+00
           667         2.5815251214e-04                         27871         9.5314282289e+03         2.9158559045e+00
           677         3.7444482225e-04                         40179         1.3458445497e+04         2.9158549646e+00
           672         4.8172251264e-04                         52263         1.7379990093e+04         2.9158549588e+00
           681         4.2687903475e-04                         45891         1.5427644621e+04         2.9158549588e+00
           671         3.4357431351e-04                         36807         1.2341710823e+04         2.9158549646e+00
           702         2.9721453775e-04                         31697         1.0330970434e+04         2.9158549646e+00
           675         7.0677555276e-04                         75573         2.5724453303e+04         2.9158549588e+00
           680         1.1018929797e-03                        118407         3.9760159829e+04         2.9158549646e+00
           689         8.0683072012e-06                           873         2.9946193253e+02         2.9158549646e+00
           679         3.4706515346e-04                         37587         1.2617726376e+04         2.9158549588e+00
           684         5.6383394433e-05                          5925         1.9582310558e+03         2.9158549646e+00
           693         3.0775758829e-04                         32691         1.1190643698e+04         2.9158549588e+00
           683         1.4127512442e-05                          1525         5.3886687700e+02         2.9158549646e+00
           710         8.0249206741e-04                         85817         2.9114979901e+04         2.9158549588e+00
           688         1.7048403839e-04                         18247         6.1688539218e+03         2.9158549646e+00
           714         3.8049165830e-04                         40771         1.3940745411e+04         2.9158550255e+00
           692         1.5707109382e-04                         16827         5.6663898318e+03         2.9158549588e+00
           691         5.4021096544e-04                         57531         1.9308464974e+04         2.9158559046e+00
           701         1.3679570686e-03                        146541         4.9143868996e+04         2.9158531464e+00
           696         1.8027160263e-04                         19271         6.5154330627e+03         2.9158549646e+00
           695         1.4473090150e-04                         15679         5.3206973413e+03         2.9158549646e+00
           722         4.4525088900e-04                         47665         1.5929350063e+04         2.9158549588e+00
           705         4.9573548037e-04                         52971         1.7919019474e+04         2.9158549588e+00
           700         3.0748857440e-04                         33169         1.1403909045e+04         2.9158549588e+00
           699         8.5080065048e-05                          9191         3.1744988651e+03         2.9158559045e+00
           726         1.2547249329e-03                        134857         4.5357286226e+04         2.9158559045e+00
           709         3.3001313876e-04                         35239         1.1674828080e+04         2.9158559045e+00
           704         1.8174353953e-03                        194411         6.5042868645e+04         2.9158559045e+00
           713         1.2957093598e-03                        138767         4.7246928176e+04         2.9158549646e+00
           730         2.6590040252e-04                         28421         9.8517276080e+03         2.9158549646e+00
           708         3.5949858364e-04                         38389         1.3108036015e+04         2.9158550255e+00
           717         9.4279314675e-04                        101305         3.4334044223e+04         2.9158559046e+00
           734         8.5136421757e-04                         91481         3.0459384531e+04         2.9158559045e+00
           712         3.3207887900e-04                         35421         1.1881865084e+04         2.9158549646e+00
           721         1.6642770168e-04                         17837         6.0990492403e+03         2.9158549646e+00
           738         9.6351250047e-04                        103505         3.4395026950e+04         2.9158549646e+00
           716         1.1760548923e-03                        125543         4.2763337942e+04         2.9158549646e+00
           715         6.9154055559e-04                         74393         2.5238551989e+04         2.9158549588e+00
           742         9.4361688030e-05                         10157         3.4951194459e+03         2.9158549588e+00
           725         4.1035810690e-04                         44219         1.4783383235e+04         2.9158549646e+00
           720         1.8270994951e-04                         19535         6.4157995486e+03         2.9158549646e+00
           719         1.4255686165e-03                        152713         5.1343595348e+04         2.9158549646e+00
           724         8.0441207392e-04                         86283         2.9134494371e+04         2.9158559045e+00
           729         2.2761613229e-04                         24749         8.1761929587e+03         2.9158549588e+00
           723         6.4530588282e-04                         68857         2.3432114890e+04         2.9158559045e+00
           728         6.3280052901e-04                         68017         2.2995417389e+04         2.9158549646e+00
           733         4.3414101100e-07                            41         2.8150653967e+01         2.9158549588e+00
           727         5.9419998195e-04                         63375         2.1298707611e+04         2.9158559046e+00
           754         4.1389982857e-04                         44383         1.4873116770e+04         2.9158549646e+00
           732         7.3343498171e-04                         78241         2.6496129295e+04         2.9158559045e+00
           731         5.4910857901e-04                         58657         1.9684801956e+04         2.9158549588e+00
           736         3.4194482974e-05                          3679         1.1089696319e+03         2.9158559045e+00
           758         4.0457178967e-04                         43289         1.4539062406e+04         2.9158549646e+00
           745         6.1002962068e-05                          6537         2.1389099531e+03         2.9158550255e+00
           739         9.8817371412e-05                         10605         3.5228584532e+03         2.9158550255e+00
           762         2.3425545264e-04                         24869         8.4820869276e+03         2.9158549646e+00
           749         3.5834878281e-04                         38249         1.2893236934e+04         2.9158559045e+00
           766         6.1732348370e-05                          6551         2.2369600940e+03         2.9158549646e+00
           753         9.9232701358e-04                        106325         3.5621795919e+04         2.9158531464e+00
           747         1.6563811422e-03                        177383         5.9481663969e+04         2.9158549646e+00
           757         5.0333010968e-05                          5357         1.8036775678e+03         2.9158559045e+00
           774         5.8056248445e-04                         62063         2.0841119897e+04         2.9158549646e+00
           751         6.9489271074e-04                         74389         2.5538311101e+04         2.9158549646e+00
           761         1.5339195251e-04                         16379         5.4532151488e+03         2.9158549646e+00
           778         9.8447947932e-04                        104969         3.5329726500e+04         2.9158550255e+00
           756         1.9461686858e-04                         20937         7.1824208886e+03         2.9158549646e+00
           755         4.2608551198e-04                         45503         1.5128126782e+04         2.9158549646e+00
           765         2.4409506088e-04                         26329         8.7755669166e+03         2.9158549588e+00
           782         2.5485811740e-03                        273489         9.2223370627e+04         2.9158559045e+00
           760         1.7457352573e-04                         18651         6.3489584068e+03         2.9158559045e+00
           759         1.5034844551e-03                        160977         5.3754367573e+04         2.9158549646e+00
           769         1.2908389386e-04                         13777         4.6147564532e+03         2.9158559045e+00
           764         3.3666909595e-04                         35897         1.1997906359e+04         2.9158549588e+00
           786         6.1020143584e-04                         65201         2.1924402537e+04         2.9158550255e+00
           763         9.5480343542e-05                         10371         3.4179521077e+03         2.9158559045e+00
           773         3.2417738145e-04                         34973         1.1850208751e+04         2.9158549646e+00
           768         3.9660545208e-04                         42181         1.4282543902e+04         2.9158549646e+00
           790         1.3703459253e-04                         14853         5.1439206329e+03         2.9158559045e+00
           767         1.1528737838e-03                        123843         4.2274743528e+04         2.9158549646e+00
           777         1.2429806081e-04                         13311         4.6070971102e+03         2.9158550255e+00
           772         4.9030594975e-04                         52455         1.7642865421e+04         2.9158549588e+00
           771         2.1914170438e-04                         23447         8.0594190734e+03         2.9158549588e+00
           781         1.1306474412e-03                        120851         4.0442124834e+04         2.9158531464e+00
           776         1.4365521214e-04                         15491         5.0042118353e+03         2.9158549588e+00
           775         7.7329595059e-05                          8163         2.8462226217e+03         2.9158559045e+00
           785         1.9214871427e-04                         20147         6.7819506921e+03         2.9158549646e+00
           780         1.4082695821e-04                         15245         5.0348259385e+03         2.9158549646e+00
           802         1.0062203244e-03                        107569         3.6052413698e+04         2.9158549588e+00
           779         1.4223856815e-03                        152257         5.1906160169e+04         2.9158531464e+00
           789         3.9609475777e-05                          4229         1.4258258578e+03         2.9158559045e+00
           784         3.3062986812e-04                         35197         1.1616471689e+04         2.9158559045e+00
           806         1.9742160747e-04                         21095         7.0971295362e+03         2.9158559045e+00
           783         1.4036129398e-04                         14977         5.0056521078e+03         2.9158549646e+00
           793         1.6452306922e-04                         17667         5.8789225065e+03         2.9158559045e+00
           788         3.9955692267e-04                         42877         1.4510468041e+04         2.9158531464e+00
           810         4.0946141231e-05                          4383         1.5547498224e+03         2.9158559045e+00
           797         1.4474171079e-04                         15815         5.4701104498e+03         2.9158549646e+00
           792         7.8160518594e-05                          8445         2.9731459034e+03         2.9158549588e+00
           791         3.2660620497e-04                         35033         1.1687293674e+04         2.9158549646e+00
           801         7.0280819433e-04                         75363         2.5264214456e+04         2.9158549646e+00
           796         4.2742072765e-04                         45921         1.5577618188e+04         2.9158549588e+00
           818         1.1176988827e-05                          1171         4.1581316148e+02         2.9158549646e+00
           795         2.2003014092e-05                          2481         8.7920034058e+02         2.9158549646e+00
           800         2.8435357867e-04                         30731         1.0353781396e+04         2.9158549588e+00
           822         8.3586562441e-04                         89771         3.0556705974e+04         2.9158550255e+00
           799         2.7755908151e-04                         30067         1.0105753543e+04         2.9158549646e+00
           809         1.9080491763e-03                        204529         6.9163520645e+04         2.9158559046e+00
           804         1.0361214556e-04                         11179         3.6842573865e+03         2.9158549588e+00
           803         6.2149638960e-04                         66831         2.2170405071e+04         2.9158559046e+00
           813         7.8690760355e-04                         84481         2.8476268688e+04         2.9158559046e+00
           830         2.3341434187e-03                        250857         8.4789561985e+04         2.9158559045e+00
           817         1.6501541103e-05                          1715         5.8569446753e+02         2.9158549646e+00
           834         1.4827753576e-06                           173         6.9218964570e+01         2.9158549588e+00
           821         5.1693228163e-04                         55209         1.8822800671e+04         2.9158559045e+00
           811         8.5632931897e-04                         91653         3.0868932532e+04         2.9158549646e+00
           838         4.5912839029e-04                         48993         1.6800247868e+04         2.9158549646e+00
           816         6.7497936973e-05                          7193         2.3226060752e+03         2.9158549588e+00
           825         1.0209267726e-03                        109349         3.6681854632e+04         2.9158549588e+00
           815         5.1538096146e-04                         54871         1.8457571693e+04         2.9158559046e+00
           842         7.1965741788e-04                         77241         2.5843815356e+04         2.9158559046e+00
           820         3.2236274348e-04                         34425         1.1459219385e+04         2.9158549588e+00
           819         9.0657439733e-04                         96965         3.2391579681e+04         2.9158559045e+00
           846         3.2663204374e-04                         34971         1.1595461774e+04         2.9158559045e+00
           824         1.8224102180e-04                         19105         6.2704804331e+03         2.9158559045e+00
           823         4.4056610292e-04                         47269         1.6194170529e+04         2.9158550255e+00
           850         5.7965674024e-05                          5953         1.9812085865e+03         2.9158559045e+00
           828         7.7912160495e-04                         83163         2.8164006254e+04         2.9158549588e+00
           837         4.3529173305e-05                          4543         1.4873573334e+03         2.9158559045e+00
           854         2.6547651966e-04                         28197         9.4577274421e+03         2.9158549588e+00
           832         4.3481942331e-04                         46753         1.5938501109e+04         2.9158549646e+00
           858         4.4639026129e-04                         48003         1.6018991281e+04         2.9158549646e+00
           836         5.8973083621e-04                         62765         2.1168172823e+04         2.9158559045e+00
           862         7.4335952942e-04                         79317         2.6939866421e+04         2.9158549588e+00
           835         2.9678514720e-04                         31603         1.0546730661e+04         2.9158549646e+00
           840         2.6587204169e-04                         28315         9.5723593477e+03         2.9158549588e+00
           849         5.5596745408e-04                         59827         2.0150837832e+04         2.9158559045e+00
           839         8.4742295729e-05                          9197         3.3002923420e+03         2.9158549646e+00
           844         2.0425737529e-04                         21711         7.4510759167e+03         2.9158559045e+00
           870         9.3918832750e-04                         99807         3.3492199666e+04         2.9158549646e+00
           853         3.6002395094e-04                         38617         1.2835214556e+04         2.9158559045e+00
           848         4.5674825774e-04                         48771         1.6516931625e+04         2.9158549646e+00
           874         6.5597131691e-04                         70391         2.3770547409e+04         2.9158549588e+00
           847         2.4303969886e-04                         26323         8.8928344961e+03         2.9158549646e+00
           857         1.3493730235e-04                         14521         4.8391692108e+03         2.9158549646e+00
           852         5.6526678665e-04                         61009         2.0875628224e+04         2.9158549646e+00
           878         1.3516232222e-04                         14467         4.9179084554e+03         2.9158550255e+00
           851         1.6371420768e-03                        174967         5.8536117489e+04         2.9158549588e+00
           861         1.3097397010e-04                         14033         4.7424499870e+03         2.9158559045e+00
           856         8.6366930457e-04                         92415         3.0896068394e+04         2.9158549588e+00
           882         8.6323549310e-04                         91741         3.0988790078e+04         2.9158549588e+00
           865         1.5549780091e-04                         16709         5.4360031205e+03         2.9158559045e+00
           860         8.0510499615e-04                         86355         2.8759089302e+04         2.9158549646e+00
           855         6.6166842747e-04                         71091         2.3892165099e+04         2.9158549646e+00
           869         5.0416218022e-04                         53867         1.8495764884e+04         2.9158549646e+00
           864         5.0028952345e-04                         53509         1.8195105093e+04         2.9158549588e+00
           890         5.4668844289e-04                         58117         1.9441789387e+04         2.9158549588e+00
           859         5.7441025944e-05                          6131         2.0657257335e+03         2.9158549646e+00
           873         2.9610062051e-04                         31813         1.0766289392e+04         2.9158559045e+00
           868         8.5660536102e-05                          9103         3.0986367678e+03         2.9158559045e+00
           894         2.6116905180e-04                         28087         9.6197601291e+03         2.9158549646e+00
           863         8.0778142115e-04                         85939         2.8881732232e+04         2.9158559045e+00
           877         1.4877630007e-04                         15945         5.3924971970e+03         2.9158559045e+00
           872         7.1227176631e-04                         76337         2.5519063598e+04         2.9158549588e+00
           898         2.7647744104e-04                         29461         9.7227662220e+03         2.9158549646e+00
           881         1.3420873278e-05                          1405         4.4438246634e+02         2.9158549588e+00
           876         6.7695721540e-04                         72679         2.4418573379e+04         2.9158549646e+00
           902         3.1106331115e-04                         33101         1.1038353133e+04         2.9158549646e+00
           871         3.0315934041e-04                         32081         1.0890139746e+04         2.9158559045e+00
           885         1.2255229581e-03                        131535         4.4329045376e+04         2.9158559045e+00
           880         1.0503686277e-04                         11287         3.7508490404e+03         2.9158531464e+00
           875         8.4187694659e-04                         89701         3.0261256927e+04         2.9158549646e+00
           889         1.8773710762e-04                         19947         6.7919195166e+03         2.9158549588e+00
           884         1.3174887250e-03                        140489         4.6890109931e+04         2.9158549588e+00
           910         6.2731971345e-04                         66953         2.2470798301e+04         2.9158549646e+00
           879         1.6035975191e-04                         17311         5.7775598710e+03         2.9158549646e+00
           893         6.4118881179e-04                         69295         2.3470305532e+04         2.9158549646e+00
           888         7.3854754792e-04                         79117         2.6355655004e+04         2.9158549646e+00
           914         8.1863496850e-05                          8855         2.9213093696e+03         2.9158549588e+00
           883         2.6744925514e-05                          2879         8.9095574924e+02         2.9158549646e+00
           897         5.6041031463e-04                         59841         2.0173920017e+04         2.9158549588e+00
           892         2.5468835011e-04                         27465         9.3461549837e+03         2.9158559045e+00
           887         1.4766111138e-04                         15607         5.2283702923e+03         2.9158549588e+00
           896         2.5001626256e-04                         26895         8.9532182528e+03         2.9158549588e+00
           922         7.1922017174e-06                           733         2.5380984917e+02         2.9158549588e+00
           905         3.2892168948e-04                         35291         1.1954301293e+04         2.9158549646e+00
           891         3.7199855132e-04                         39753         1.3114410995e+04         2.9158549588e+00
           900         9.0145534318e-05                          9757         3.2190099822e+03         2.9158549646e+00
           926         2.1594998312e-04                         22671         7.6778732454e+03         2.9158549588e+00
           895         1.5333189586e-04                         16359         5.4060955165e+03         2.9158549646e+00
           930         3.4627192989e-04                         36969         1.2581228217e+04         2.9158549646e+00
           908         3.7292328312e-04                         39947         1.3350335999e+04         2.9158549588e+00
           899         1.6909358736e-04                         18245         6.2528898452e+03         2.9158531464e+00
           934         4.5019103194e-05                          4837         1.5676086949e+03         2.9158549588e+00
           912         9.6947093030e-04                        103899         3.4185657532e+04         2.9158531464e+00
           917         9.1175991171e-06                           955         3.0836238347e+02         2.9158559045e+00
           903         1.1745701502e-04                         12517         4.1326869524e+03         2.9158559045e+00
           938         9.0666452650e-04                         96451         3.2478477908e+04         2.9158549588e+00
           916         1.0054474665e-03                        107557         3.5954006029e+04         2.9158549646e+00
           942         8.1761885685e-05                          8809         2.9787084965e+03         2.9158559045e+00
           907         4.6023609378e-04                         49307         1.7154027392e+04         2.9158559045e+00
           920         4.9885387476e-04                         53437         1.7833246825e+04         2.9158549588e+00
           925         4.1371660704e-05                          4363         1.4495592841e+03         2.9158550255e+00
           911         1.2832714924e-03                        138079         4.6462907674e+04         2.9158549646e+00
           946         9.9266642447e-04                        105827         3.5550713619e+04         2.9158549588e+00
           924         1.4155858646e-03                        151887         5.0248164221e+04         2.9158559045e+00
           915         5.6412793577e-04                         60187         2.0152293528e+04         2.9158549646e+00
           928         1.6534311830e-05                          1815         5.5260317171e+02         2.9158559045e+00
           950         4.7739683297e-04                         51255         1.7012086622e+04         2.9158549646e+00
           933         1.4817035326e-04                         15815         5.1473654718e+03         2.9158549588e+00
           932         5.7055801871e-05                          5963         1.9025358442e+03         2.9158549646e+00
           954         1.0828829842e-05                          1167         3.8264048474e+02         2.9158549588e+00
           937         5.5661397334e-06                           589         1.9213376216e+02         2.9158549646e+00
           936         9.7622828853e-05                         10497         3.5974918634e+03         2.9158549646e+00
           958         1.0326774385e-04                         10935         3.7147990327e+03         2.9158550255e+00
           941         1.1829527108e-04                         12907         4.4026278125e+03         2.9158531464e+00
           940         2.0928381401e-04                         22729         7.7430022074e+03         2.9158549588e+00
           962         3.8340743185e-04                         40625         1.3654008254e+04         2.9158549646e+00
           945         8.3485726806e-04                         89359         2.9410032022e+04         2.9158549646e+00
           931         1.0212011656e-05                          1081         3.5028422564e+02         2.9158559045e+00
           944         1.4353333245e-05                          1485         5.8116226396e+02         2.9158549646e+00
           966         6.7943871393e-04                         72581         2.4377608562e+04         2.9158549588e+00
           949         4.6359467676e-04                         49469         1.6698713666e+04         2.9158549646e+00
           935         9.9898768666e-04                        107807         3.6171125745e+04         2.9158549646e+00
           970         1.6949077370e-04                         18177         6.1004687099e+03         2.9158549646e+00
           939         2.6241544301e-04                         28067         9.2356171118e+03         2.9158550255e+00
           974         2.5073169207e-04                         26771         8.8677305013e+03         2.9158559045e+00
           943         2.4799029102e-06                           275         7.5130637259e+01         2.9158549646e+00
           956         5.1589411424e-04                         54901         1.8469813143e+04         2.9158531464e+00
           978         1.3965765876e-03                        150069         5.0207061265e+04         2.9158549588e+00
           947         5.9312281989e-04                         63501         2.1397198518e+04         2.9158549646e+00
           960         7.8607563641e-05                          8563         2.9784193223e+03         2.9158549588e+00
           982         5.5962517658e-05                          5981         2.0775496817e+03         2.9158549646e+00
           964         1.8640497962e-05                          2019         7.0914945484e+02         2.9158549646e+00
           986         1.6735572974e-04                         17915         6.0833657200e+03         2.9158559045e+00
           969         9.0028558005e-05                          9465         3.1238383219e+03         2.9158550255e+00
           955         1.1318581243e-04                         12287         4.1708849873e+03         2.9158549646e+00
           968         3.7595883913e-04                         40353         1.3980119899e+04         2.9158559045e+00
           990         3.1441325460e-04                         33607         1.1453550448e+04         2.9158549646e+00
           973         3.7409522546e-05                          4135         1.4761546889e+03         2.9158531464e+00
           959         1.6178751518e-04                         17271         5.6415372549e+03         2.9158531464e+00
           994         3.8163726778e-04                         40859         1.3716716016e+04         2.9158549646e+00
           977         3.9274249124e-04                         42179         1.4057729640e+04         2.9158549646e+00
           963         2.2498858751e-04                         24211         8.2142734240e+03         2.9158531464e+00
           976         1.0148093024e-03                        108097         3.6559658710e+04         2.9158549588e+00
           981         3.9115588548e-04                         41577         1.3936797759e+04         2.9158549646e+00
           967         3.3698527652e-04                         36355         1.2310131697e+04         2.9158559045e+00
           980         7.1098294482e-04                         76557         2.5934787372e+04         2.9158549646e+00
           985         5.0060745037e-04                         53599         1.8432541069e+04         2.9158559046e+00
           984         2.4458086584e-05                          2607         8.6640855551e+02         2.9158549588e+00
           971         1.5224014550e-04                         16311         5.4662958308e+03         2.9158559045e+00
           989         4.6405839434e-04                         50099         1.6697662964e+04         2.9158559045e+00
           988         1.8760753570e-05                          2023         7.0763321700e+02         2.9158559045e+00
           975         4.1516284835e-04                         44471         1.4997973515e+04         2.9158559045e+00
           993         3.6431543180e-04                         39055         1.2991858870e+04         2.9158559046e+00
           992         4.9880493681e-04                         52725         1.7825738250e+04         2.9158559045e+00
           979         2.4981458572e-04                         26613         9.1407931425e+03         2.9158549588e+00
           997         1.9319535233e-04                         20481         6.9801645769e+03         2.9158531464e+00
           996         2.8482561406e-04                         30603         1.0282705806e+04         2.9158549588e+00
           983         3.2918334441e-04                         35611         1.1801486887e+04         2.9158549588e+00
           987         6.8500761101e-05                          7479         2.4224613568e+03         2.9158549646e+00
           991         2.5543788634e-04                         27383         9.4042588366e+03         2.9158549588e+00
           995         4.7681569949e-04                         51703         1.7300498032e+04         2.9158549588e+00
           999         1.9241821829e-04                         20783         7.1053032016e+03         2.9158531464e+00
