10.835365699808133	15.317467649965245
14.789706414672255	15.317467649965245
14.292614831251377	15.317467649965245
14.199939719152473	15.317467649965245
15.317467649965245	9.072953858162055
15.317467649965245	15.155753597192401
15.317467649965245	14.903882641198479
15.317467649965245	14.903882641198479
11.746946590062263	15.317467649965245
11.746946590062267	15.317467649965245
9.59184004525124	12.510500404889264
10.864933713833555	15.317467649965245
9.59184004525124	12.510500404889264
10.97910994035978	15.317467649965245
11.369264915624223	15.317467649965245
11.982739169596273	12.510500404889264
12.208055930635375	12.912842098200715
11.008547565021486	12.510500404889264
14.002086995083996	15.317467649965245
8.585436684660323	12.912842098200715
13.556395437591343	15.317467649965245
12.510500404889264	10.493957790698776
12.510500404889264	12.485891791781288
12.626881025229652	15.317467649965245
12.20805593063539	12.912842098200715
12.510500404889264	12.082209695637625
14.42391762447945	15.317467649965245
11.746946590062263	15.317467649965245
12.366478639387676	15.317467649965245
14.199939719152473	15.317467649965245
8.585436684660321	12.912842098200715
11.982739169596273	12.510500404889264
13.352087070277497	15.317467649965245
15.041577370666177	15.317467649965245
12.510500404889264	12.082209695637625
11.369264915624221	15.317467649965245
8.585436684660317	12.912842098200715
12.013369287943908	15.317467649965245
11.369264915624223	15.317467649965245
12.510500404889264	8.971347081923046
11.369264915624223	15.317467649965245
12.626881025229673	15.317467649965245
15.317467649965245	14.903882641198463
8.585436684660323	12.912842098200715
8.585436684660323	12.912842098200715
15.317467649965245	13.414128820617954
10.864933713833555	15.317467649965245
11.746946590062281	15.317467649965245
11.98273916959627	12.510500404889264
11.369264915624223	15.317467649965245
13.624094748993109	15.317467649965245
9.348128894905418	12.510500404889264
15.317467649965245	10.982895198282407
15.317467649965245	12.62688102522967
12.626881025229656	15.317467649965245
12.510500404889264	10.181865133098347
10.914673547494326	12.510500404889264
15.317467649965245	12.719556137328574
11.008547565021484	12.510500404889264
10.914673547494308	12.510500404889264
8.585436684660323	12.912842098200715
8.585436684660323	12.912842098200715
14.199939719152473	15.317467649965245
8.585436684660323	12.912842098200715
11.464395990853765	12.510500404889264
10.864933713833555	15.317467649965245
12.626881025229673	15.317467649965245
12.62688102522967	15.317467649965245
11.746946590062267	15.317467649965245
8.585436684660323	12.912842098200715
15.317467649965245	10.835365699808134
15.155753597192387	15.317467649965245
14.292614831251392	15.317467649965245
12.220937919335503	12.510500404889264
12.510500404889264	8.971347081923025
12.626881025229673	15.317467649965245
11.369264915624223	15.317467649965245
10.864933713833555	15.317467649965245
15.317467649965245	10.102496232865022
12.510500404889264	12.485891791781292
9.072953858162037	15.317467649965245
15.317467649965245	12.626881025229673
15.317467649965245	10.982895198282407
12.510500404889264	12.082209695637625
11.369264915624223	15.317467649965245
9.348128894905418	12.510500404889264
15.317467649965245	12.62688102522967
12.510500404889264	8.971347081923046
15.317467649965245	15.155753597192385
14.19993971915249	15.317467649965245
9.072953858162052	15.317467649965245
13.98076016507645	15.317467649965245
12.510500404889264	10.493957790698776
14.423917624479467	15.317467649965245
15.041577370666177	15.317467649965245
10.864933713833555	15.317467649965245
8.585436684660323	12.912842098200715
12.510500404889264	8.971347081923025
14.309741397953243	15.317467649965245
8.585436684660323	12.912842098200715
11.985839678867167	-1.748514434259735
11.36926491562424	15.317467649965245
12.20805593063539	12.912842098200715
13.624094748993123	15.317467649965245
12.20805593063539	12.912842098200715
12.510500404889264	10.489583242973323
15.317467649965245	13.414128820617954
12.510500404889264	10.18186513309836
12.62688102522966	15.317467649965245
13.624094748993109	15.317467649965245
12.626881025229673	15.317467649965245
13.556395437591325	15.317467649965245
15.317467649965245	13.414128820617954
11.008547565021486	12.510500404889264
9.072953858162037	15.317467649965245
8.585436684660323	12.912842098200715
11.008547565021484	12.510500404889264
12.208055930635375	12.912842098200715
-4.555481679335718	11.427589049070427
15.317467649965245	13.414128820617954
14.292614831251395	15.317467649965245
10.589053769014676	12.510500404889264
12.366478639387656	15.317467649965245
15.317467649965245	9.072953858162041
12.398807290327222	15.317467649965245
13.98076016507643	15.317467649965245
8.585436684660323	12.912842098200715
12.510500404889264	10.49395779069879
12.626881025229673	15.317467649965245
13.205013919443411	-1.748514434259735
10.864933713833555	15.317467649965245
13.352087070277499	15.317467649965245
-2.150856127571187	11.49091577950681
11.36926491562424	15.317467649965245
12.510500404889264	10.489583242973309
11.746946590062267	15.317467649965245
15.317467649965245	10.982895198282407
12.366478639387672	15.317467649965245
13.624094748993109	15.317467649965245
12.20805593063539	12.912842098200715
15.317467649965245	15.155753597192401
15.317467649965245	12.124938836153138
12.626881025229673	15.317467649965245
12.20805593063539	12.912842098200715
12.510500404889264	8.971347081923042
13.556395437591343	15.317467649965245
11.746946590062267	15.317467649965245
12.626881025229673	15.317467649965245
13.624094748993109	15.317467649965245
9.3481288949054	12.510500404889264
12.626881025229673	15.317467649965245
11.369264915624239	15.317467649965245
11.746946590062263	15.317467649965245
10.914673547494326	12.510500404889264
12.510500404889264	12.485891791781306
11.369264915624221	15.317467649965245
13.396021014090657	15.317467649965245
9.59184004525124	12.510500404889264
13.624094748993109	15.317467649965245
8.585436684660323	12.912842098200715
14.309741397953243	15.317467649965245
11.36926491562424	15.317467649965245
15.317467649965245	10.98289519828242
14.002086995083982	15.317467649965245
15.317467649965245	10.10249623286504
12.013369287943926	15.317467649965245
10.835365699808134	15.317467649965245
15.317467649965245	13.414128820617954
11.369264915624239	15.317467649965245
12.208055930635373	12.912842098200715
12.20805593063539	12.912842098200715
9.072953858162037	15.317467649965245
11.369264915624223	15.317467649965245
12.20805593063539	12.912842098200715
15.317467649965245	12.71955613732856
14.789706414672255	15.317467649965245
12.20805593063539	12.912842098200715
11.008547565021502	12.510500404889264
13.624094748993125	15.317467649965245
13.624094748993109	15.317467649965245
12.626881025229673	15.317467649965245
15.041577370666177	15.317467649965245
12.208055930635373	12.912842098200715
13.624094748993109	15.317467649965245
15.317467649965245	10.102496232865036
9.3481288949054	12.510500404889264
11.985839678867166	-1.748514434259735
12.626881025229673	15.317467649965245
12.510500404889264	10.181865133098363
8.585436684660323	12.912842098200715
12.208055930635375	12.912842098200715
14.309741397953244	15.317467649965245
10.864933713833572	15.317467649965245
10.864933713833555	15.317467649965245
11.369264915624223	15.317467649965245
12.20805593063539	12.912842098200715
12.626881025229673	15.317467649965245
14.199939719152473	15.317467649965245
11.369264915624223	15.317467649965245
11.369264915624221	15.317467649965245
11.369264915624221	15.317467649965245
8.585436684660317	12.912842098200715
8.585436684660307	12.912842098200715
12.234610125590194	12.510500404889264
9.540823786735842	-4.555481679335718
8.585436684660307	12.912842098200715
10.914673547494326	12.510500404889264
11.369264915624239	15.317467649965245
13.624094748993109	15.317467649965245
12.510500404889264	8.971347081923028
10.864933713833555	15.317467649965245
12.366478639387672	15.317467649965245
15.317467649965245	15.155753597192401
15.317467649965245	12.378391849455552
11.0085475650215	12.510500404889264
10.864933713833555	15.317467649965245
15.317467649965245	14.90388264119846
10.914673547494322	12.510500404889264
9.953352823579426	15.317467649965245
12.366478639387656	15.317467649965245
10.914673547494322	12.510500404889264
8.585436684660307	12.912842098200715
15.317467649965245	13.414128820617954
11.369264915624223	15.317467649965245
12.510500404889264	10.493957790698776
13.980760165076434	15.317467649965245
12.208055930635375	12.912842098200715
13.556395437591343	15.317467649965245
12.398807290327222	15.317467649965245
12.208055930635373	12.912842098200715
13.3520870702775	15.317467649965245
15.317467649965245	15.1557535971924
11.746946590062263	15.317467649965245
11.985839678867167	-1.748514434259735
15.317467649965245	13.414128820617954
9.540823786735844	-4.555481679335718
12.62688102522966	15.317467649965245
12.208055930635373	12.912842098200715
11.746946590062285	15.317467649965245
11.746946590062267	15.317467649965245
14.19993971915249	15.317467649965245
15.317467649965245	10.982895198282407
12.912842098200715	8.585436684660323
11.369264915624223	15.317467649965245
11.008547565021486	12.510500404889264
12.510500404889264	10.489583242973302
15.317467649965245	15.155753597192385
13.352087070277513	15.317467649965245
15.317467649965245	12.378391849455534
12.510500404889264	12.082209695637625
13.624094748993125	15.317467649965245
11.985839678867166	-1.748514434259735
10.864933713833555	15.317467649965245
15.317467649965245	15.155753597192401
10.979109940359777	15.317467649965245
10.864933713833555	15.317467649965245
13.624094748993109	15.317467649965245
9.3481288949054	12.510500404889264
12.398807290327222	15.317467649965245
9.348128894905415	12.510500404889264
-2.150856127571187	11.490915779506812
15.317467649965245	12.378391849455552
11.008547565021486	12.510500404889264
13.352087070277515	15.317467649965245
11.746946590062267	15.317467649965245
12.208055930635373	12.912842098200715
14.292614831251374	15.317467649965245
15.317467649965245	10.102496232865036
10.589053769014692	12.510500404889264
15.317467649965245	12.378391849455552
14.423917624479468	15.317467649965245
12.510500404889264	9.62907148117193
11.464395990853765	12.510500404889264
11.982739169596273	12.510500404889264
8.585436684660323	12.912842098200715
11.464395990853768	12.510500404889264
9.953352823579426	15.317467649965245
13.624094748993109	15.317467649965245
12.510500404889264	10.489583242973323
10.864933713833555	15.317467649965245
12.748531889112245	-2.150856127571187
12.510500404889264	10.489583242973323
15.317467649965245	15.1557535971924
12.208055930635396	12.912842098200715
12.510500404889264	9.62907148117193
12.510500404889264	9.629071481171934
12.366478639387658	15.317467649965245
12.220937919335503	12.510500404889264
12.510500404889264	10.493957790698776
12.20805593063539	12.912842098200715
11.982739169596258	12.510500404889264
13.624094748993109	15.317467649965245
12.510500404889264	10.489583242973323
10.835365699808133	15.317467649965245
11.369264915624221	15.317467649965245
13.624094748993109	15.317467649965245
9.348128894905415	12.510500404889264
13.624094748993109	15.317467649965245
8.585436684660323	12.912842098200715
13.352087070277497	15.317467649965245
11.369264915624223	15.317467649965245
12.626881025229657	15.317467649965245
9.348128894905418	12.510500404889264
11.746946590062267	15.317467649965245
15.317467649965245	12.124938836153138
12.220937919335489	12.510500404889264
15.317467649965245	12.626881025229675
11.982739169596273	12.510500404889264
12.20805593063539	12.912842098200715
15.317467649965245	15.155753597192385
13.352087070277497	15.317467649965245
13.624094748993123	15.317467649965245
11.0085475650215	12.510500404889264
9.3481288949054	12.510500404889264
10.864933713833555	15.317467649965245
15.317467649965245	15.155753597192401
15.317467649965245	12.626881025229675
15.317467649965245	15.1557535971924
14.19993971915249	15.317467649965245
14.78970641467224	15.317467649965245
11.746946590062263	15.317467649965245
14.292614831251377	15.317467649965245
11.98273916959627	12.510500404889264
15.317467649965245	12.378391849455552
12.234610125590194	12.510500404889264
10.589053769014676	12.510500404889264
13.624094748993109	15.317467649965245
11.746946590062267	15.317467649965245
11.369264915624223	15.317467649965245
12.748531889112261	-2.150856127571187
14.199939719152473	15.317467649965245
15.317467649965245	12.378391849455552
12.626881025229673	15.317467649965245
14.199939719152473	15.317467649965245
14.199939719152473	15.317467649965245
9.348128894905415	12.510500404889264
15.317467649965245	10.102496232865036
13.624094748993109	15.317467649965245
13.624094748993109	15.317467649965245
8.585436684660323	12.912842098200715
13.980760165076433	15.317467649965245
15.317467649965245	12.378391849455552
11.746946590062263	15.317467649965245
14.199939719152487	15.317467649965245
10.864933713833555	15.317467649965245
15.317467649965245	12.124938836153138
12.626881025229673	15.317467649965245
12.01336928794391	15.317467649965245
13.624094748993109	15.317467649965245
-4.555481679335718	11.42758904907043
15.317467649965245	15.155753597192382
10.589053769014676	12.510500404889264
12.74853188911226	-2.150856127571187
9.59184004525124	12.510500404889264
10.864933713833555	15.317467649965245
15.317467649965245	14.903882641198463
15.317467649965245	15.155753597192382
8.585436684660323	12.912842098200715
15.317467649965245	10.835365699808134
15.317467649965245	13.414128820617954
8.585436684660323	12.912842098200715
13.624094748993125	15.317467649965245
12.208055930635375	12.912842098200715
8.585436684660317	12.912842098200715
10.835365699808133	15.317467649965245
11.746946590062267	15.317467649965245
8.585436684660323	12.912842098200715
8.585436684660323	12.912842098200715
8.585436684660321	12.912842098200715
10.864933713833555	15.317467649965245
11.369264915624223	15.317467649965245
15.317467649965245	15.155753597192385
12.626881025229673	15.317467649965245
8.585436684660323	12.912842098200715
10.864933713833555	15.317467649965245
9.072953858162055	15.317467649965245
12.366478639387674	15.317467649965245
14.292614831251392	15.317467649965245
13.396021014090657	15.317467649965245
12.20805593063539	12.912842098200715
10.86493371383356	15.317467649965245
11.746946590062267	15.317467649965245
12.510500404889264	12.082209695637625
15.317467649965245	15.155753597192401
12.366478639387672	15.317467649965245
12.510500404889264	9.629071481171934
13.624094748993125	15.317467649965245
13.396021014090657	15.317467649965245
11.369264915624223	15.317467649965245
11.369264915624223	15.317467649965245
11.369264915624235	15.317467649965245
11.36926491562424	15.317467649965245
14.309741397953244	15.317467649965245
10.864933713833555	15.317467649965245
11.008547565021486	12.510500404889264
12.510500404889264	12.48589179178129
12.626881025229673	15.317467649965245
12.510500404889264	12.48589179178131
8.585436684660323	12.912842098200715
15.317467649965245	15.155753597192383
15.317467649965245	15.1557535971924
11.369264915624223	15.317467649965245
12.208055930635375	12.912842098200715
12.62688102522967	15.317467649965245
15.317467649965245	15.155753597192385
11.746946590062263	15.317467649965245
12.20805593063539	12.912842098200715
11.369264915624239	15.317467649965245
12.510500404889264	12.082209695637628
10.589053769014676	12.510500404889264
12.626881025229673	15.317467649965245
12.20805593063539	12.912842098200715
13.624094748993109	15.317467649965245
12.626881025229673	15.317467649965245
8.585436684660323	12.912842098200715
14.199939719152473	15.317467649965245
10.864933713833555	15.317467649965245
12.626881025229673	15.317467649965245
11.369264915624223	15.317467649965245
9.59184004525124	12.510500404889264
12.510500404889264	12.082209695637642
12.366478639387674	15.317467649965245
9.59184004525124	12.510500404889264
15.317467649965245	14.903882641198463
15.317467649965245	10.982895198282424
14.309741397953244	15.317467649965245
12.626881025229673	15.317467649965245
11.746946590062267	15.317467649965245
11.982739169596273	12.510500404889264
12.510500404889264	10.181865133098363
11.464395990853781	12.510500404889264
11.746946590062267	15.317467649965245
15.317467649965245	10.102496232865036
15.317467649965245	15.155753597192385
12.912842098200715	8.585436684660321
14.19993971915249	15.317467649965245
12.510500404889264	8.971347081923028
12.013369287943927	15.317467649965245
13.352087070277499	15.317467649965245
11.746946590062267	15.317467649965245
11.0085475650215	12.510500404889264
11.746946590062267	15.317467649965245
12.510500404889264	12.485891791781292
12.626881025229673	15.317467649965245
12.234610125590194	12.510500404889264
15.317467649965245	10.10249623286504
12.626881025229673	15.317467649965245
15.317467649965245	12.378391849455552
14.292614831251376	15.317467649965245
10.864933713833555	15.317467649965245
11.36926491562424	15.317467649965245
13.980760165076434	15.317467649965245
15.317467649965245	12.378391849455552
13.556395437591325	15.317467649965245
12.510500404889264	10.489583242973305
8.585436684660321	12.912842098200715
13.624094748993109	15.317467649965245
12.208055930635373	12.912842098200715
10.864933713833555	15.317467649965245
15.317467649965245	12.378391849455552
14.19993971915249	15.317467649965245
12.208055930635373	12.912842098200715
8.585436684660323	12.912842098200715
15.041577370666177	15.317467649965245
11.369264915624221	15.317467649965245
12.220937919335503	12.510500404889264
12.20805593063539	12.912842098200715
12.20805593063539	12.912842098200715
15.317467649965245	15.155753597192401
11.008547565021486	12.510500404889264
10.97910994035978	15.317467649965245
14.19993971915249	15.317467649965245
9.3481288949054	12.510500404889264
14.19993971915249	15.317467649965245
11.369264915624239	15.317467649965245
11.008547565021503	12.510500404889264
15.317467649965245	10.102496232865036
12.366478639387672	15.317467649965245
12.912842098200715	8.585436684660307
15.317467649965245	12.378391849455552
12.208055930635373	12.912842098200715
11.746946590062263	15.317467649965245
8.585436684660323	12.912842098200715
12.208055930635373	12.912842098200715
13.396021014090671	15.317467649965245
8.585436684660323	12.912842098200715
11.008547565021486	12.510500404889264
12.626881025229673	15.317467649965245
14.19993971915249	15.317467649965245
11.98273916959627	12.510500404889264
10.864933713833555	15.317467649965245
8.585436684660323	12.912842098200715
15.317467649965245	10.982895198282407
12.510500404889264	8.971347081923046
11.746946590062267	15.317467649965245
8.585436684660323	12.912842098200715
9.072953858162055	15.317467649965245
8.585436684660323	12.912842098200715
10.864933713833555	15.317467649965245
11.369264915624218	15.317467649965245
12.510500404889264	12.485891791781306
8.585436684660323	12.912842098200715
9.072953858162037	15.317467649965245
11.369264915624235	15.317467649965245
12.626881025229673	15.317467649965245
12.208055930635396	12.912842098200715
8.585436684660317	12.912842098200715
15.041577370666177	15.317467649965245
14.002086995083982	15.317467649965245
12.208055930635373	12.912842098200715
13.980760165076433	15.317467649965245
9.072953858162037	15.317467649965245
10.864933713833555	15.317467649965245
13.980760165076433	15.317467649965245
9.540823786735857	-4.555481679335718
9.540823786735839	-4.555481679335718
15.317467649965245	13.414128820617954
8.585436684660323	12.912842098200715
12.510500404889264	9.629071481171934
11.369264915624239	15.317467649965245
11.369264915624239	15.317467649965245
15.317467649965245	13.414128820617952
9.072953858162037	15.317467649965245
11.369264915624223	15.317467649965245
9.072953858162037	15.317467649965245
8.585436684660323	12.912842098200715
14.309741397953243	15.317467649965245
13.624094748993109	15.317467649965245
12.20805593063539	12.912842098200715
8.585436684660323	12.912842098200715
13.98076016507643	15.317467649965245
12.234610125590194	12.510500404889264
12.626881025229673	15.317467649965245
11.982739169596258	12.510500404889264
15.317467649965245	10.982895198282407
11.369264915624223	15.317467649965245
13.556395437591343	15.317467649965245
14.309741397953244	15.317467649965245
9.072953858162041	15.317467649965245
14.292614831251376	15.317467649965245
12.626881025229673	15.317467649965245
14.42391762447945	15.317467649965245
12.220937919335503	12.510500404889264
12.510500404889264	10.493957790698776
12.20805593063539	12.912842098200715
12.366478639387672	15.317467649965245
10.58905376901469	12.510500404889264
12.398807290327222	15.317467649965245
14.789706414672255	15.317467649965245
15.317467649965245	12.124938836153138
14.199939719152487	15.317467649965245
11.369264915624239	15.317467649965245
14.199939719152473	15.317467649965245
14.292614831251374	15.317467649965245
10.864933713833555	15.317467649965245
13.396021014090671	15.317467649965245
12.510500404889264	10.48958324297332
11.982739169596273	12.510500404889264
-4.555481679335718	11.427589049070427
12.366478639387672	15.317467649965245
11.36926491562424	15.317467649965245
9.3481288949054	12.510500404889264
12.510500404889264	12.48589179178129
12.20805593063539	12.912842098200715
8.585436684660323	12.912842098200715
8.585436684660323	12.912842098200715
14.19993971915249	15.317467649965245
12.208055930635375	12.912842098200715
15.317467649965245	12.719556137328574
14.002086995083996	15.317467649965245
12.20805593063539	12.912842098200715
12.220937919335503	12.510500404889264
13.352087070277497	15.317467649965245
9.540823786735858	-4.555481679335718
12.626881025229652	15.317467649965245
13.396021014090653	15.317467649965245
12.510500404889264	12.485891791781288
9.072953858162037	15.317467649965245
11.982739169596273	12.510500404889264
12.626881025229673	15.317467649965245
15.317467649965245	15.155753597192401
13.624094748993125	15.317467649965245
12.626881025229675	15.317467649965245
13.624094748993125	15.317467649965245
12.510500404889264	10.489583242973323
15.317467649965245	12.626881025229672
12.748531889112261	-2.150856127571187
9.3481288949054	12.510500404889264
12.62688102522967	15.317467649965245
15.317467649965245	15.155753597192401
15.317467649965245	15.155753597192385
10.589053769014676	12.510500404889264
8.585436684660323	12.912842098200715
11.369264915624223	15.317467649965245
12.510500404889264	10.493957790698792
9.072953858162055	15.317467649965245
11.369264915624239	15.317467649965245
14.292614831251374	15.317467649965245
15.317467649965245	10.10249623286504
11.369264915624223	15.317467649965245
12.366478639387658	15.317467649965245
12.510500404889264	9.62907148117193
12.510500404889264	12.082209695637642
12.208055930635373	12.912842098200715
11.464395990853783	12.510500404889264
12.510500404889264	10.489583242973305
12.208055930635373	12.912842098200715
8.585436684660321	12.912842098200715
8.585436684660321	12.912842098200715
13.556395437591325	15.317467649965245
12.510500404889264	10.489583242973323
12.510500404889264	10.489583242973323
12.510500404889264	9.629071481171913
8.585436684660323	12.912842098200715
11.369264915624221	15.317467649965245
12.510500404889264	10.181865133098347
14.19993971915249	15.317467649965245
9.59184004525124	12.510500404889264
15.317467649965245	12.124938836153154
14.19993971915249	15.317467649965245
12.626881025229673	15.317467649965245
12.208055930635373	12.912842098200715
12.510500404889264	12.48589179178129
11.746946590062267	15.317467649965245
14.199939719152475	15.317467649965245
8.585436684660307	12.912842098200715
15.317467649965245	13.414128820617954
15.317467649965245	12.378391849455538
13.556395437591325	15.317467649965245
12.208055930635373	12.912842098200715
14.292614831251395	15.317467649965245
14.292614831251392	15.317467649965245
9.072953858162037	15.317467649965245
8.585436684660323	12.912842098200715
11.369264915624223	15.317467649965245
10.914673547494322	12.510500404889264
8.585436684660323	12.912842098200715
11.985839678867167	-1.748514434259735
12.20805593063539	12.912842098200715
11.746946590062267	15.317467649965245
11.982739169596273	12.510500404889264
11.369264915624223	15.317467649965245
8.585436684660323	12.912842098200715
15.317467649965245	12.378391849455552
12.510500404889264	12.082209695637625
8.585436684660317	12.912842098200715
15.041577370666177	15.317467649965245
8.585436684660321	12.912842098200715
13.98076016507643	15.317467649965245
10.914673547494322	12.510500404889264
12.366478639387672	15.317467649965245
14.78970641467224	15.317467649965245
15.317467649965245	13.414128820617954
10.864933713833555	15.317467649965245
14.199939719152473	15.317467649965245
10.864933713833569	15.317467649965245
12.510500404889264	12.082209695637642
12.01336928794391	15.317467649965245
10.914673547494312	12.510500404889264
12.208055930635375	12.912842098200715
10.914673547494308	12.510500404889264
12.510500404889264	12.485891791781292
12.626881025229673	15.317467649965245
15.317467649965245	12.12493883615314
12.912842098200715	8.585436684660323
12.626881025229673	15.317467649965245
15.317467649965245	13.414128820617952
12.510500404889264	9.629071481171916
10.914673547494322	12.510500404889264
12.626881025229673	15.317467649965245
15.317467649965245	12.378391849455552
12.208055930635375	12.912842098200715
13.918718414735977	15.317467649965245
11.746946590062263	15.317467649965245
10.864933713833555	15.317467649965245
11.369264915624223	15.317467649965245
14.789706414672255	15.317467649965245
12.234610125590194	12.510500404889264
15.317467649965245	10.102496232865022
11.746946590062267	15.317467649965245
12.510500404889264	10.489583242973305
15.317467649965245	12.124938836153138
15.317467649965245	15.155753597192385
13.624094748993109	15.317467649965245
15.317467649965245	12.378391849455552
12.510500404889264	10.181865133098363
9.348128894905399	12.510500404889264
12.208055930635373	12.912842098200715
10.97910994035978	15.317467649965245
11.369264915624235	15.317467649965245
14.19993971915249	15.317467649965245
12.510500404889264	8.971347081923042
8.585436684660323	12.912842098200715
15.317467649965245	10.982895198282424
15.317467649965245	13.414128820617968
8.585436684660307	12.912842098200715
11.982739169596273	12.510500404889264
11.369264915624223	15.317467649965245
10.589053769014678	12.510500404889264
12.510500404889264	8.971347081923025
14.423917624479465	15.317467649965245
8.585436684660307	12.912842098200715
12.510500404889264	8.971347081923025
12.626881025229673	15.317467649965245
12.208055930635373	12.912842098200715
9.072953858162037	15.317467649965245
12.208055930635375	12.912842098200715
12.208055930635375	12.912842098200715
13.624094748993109	15.317467649965245
12.366478639387674	15.317467649965245
11.464395990853767	12.510500404889264
-2.150856127571187	11.49091577950681
12.398807290327207	15.317467649965245
12.510500404889264	12.082209695637625
12.626881025229673	15.317467649965245
12.626881025229673	15.317467649965245
11.369264915624221	15.317467649965245
13.396021014090657	15.317467649965245
14.19993971915249	15.317467649965245
13.352087070277499	15.317467649965245
12.208055930635373	12.912842098200715
9.072953858162037	15.317467649965245
12.626881025229673	15.317467649965245
13.396021014090657	15.317467649965245
10.864933713833555	15.317467649965245
13.556395437591343	15.317467649965245
14.19993971915249	15.317467649965245
12.510500404889264	9.629071481171913
13.98076016507643	15.317467649965245
12.912842098200715	8.585436684660323
14.789706414672255	15.317467649965245
-4.555481679335718	11.427589049070413
14.002086995083996	15.317467649965245
11.369264915624239	15.317467649965245
8.585436684660323	12.912842098200715
12.398807290327222	15.317467649965245
8.585436684660317	12.912842098200715
12.208055930635375	12.912842098200715
12.510500404889264	10.181865133098363
11.369264915624221	15.317467649965245
12.74853188911226	-2.150856127571187
12.208055930635373	12.912842098200715
11.369264915624223	15.317467649965245
15.317467649965245	15.155753597192385
15.317467649965245	10.102496232865036
9.072953858162037	15.317467649965245
12.626881025229656	15.317467649965245
12.208055930635375	12.912842098200715
12.208055930635375	12.912842098200715
10.835365699808134	15.317467649965245
11.369264915624223	15.317467649965245
12.39880729032722	15.317467649965245
12.208055930635373	12.912842098200715
12.20805593063539	12.912842098200715
15.317467649965245	12.124938836153152
11.36926491562424	15.317467649965245
12.20805593063539	12.912842098200715
-4.555481679335718	11.427589049070413
8.585436684660323	12.912842098200715
9.072953858162052	15.317467649965245
14.423917624479465	15.317467649965245
15.317467649965245	12.124938836153154
14.309741397953243	15.317467649965245
9.348128894905418	12.510500404889264
12.20805593063539	12.912842098200715
12.62688102522966	15.317467649965245
10.864933713833555	15.317467649965245
15.317467649965245	10.982895198282424
14.19993971915249	15.317467649965245
12.510500404889264	10.48958324297332
10.864933713833555	15.317467649965245
11.746946590062285	15.317467649965245
13.396021014090675	15.317467649965245
14.423917624479468	15.317467649965245
11.746946590062263	15.317467649965245
13.414128820617972	15.317467649965245
-2.150856127571187	11.49091577950681
10.864933713833555	15.317467649965245
11.369264915624221	15.317467649965245
11.369264915624221	15.317467649965245
13.556395437591343	15.317467649965245
9.59184004525124	12.510500404889264
11.746946590062267	15.317467649965245
15.317467649965245	15.155753597192401
12.626881025229672	15.317467649965245
12.626881025229673	15.317467649965245
8.585436684660323	12.912842098200715
10.97910994035978	15.317467649965245
12.220937919335503	12.510500404889264
11.369264915624223	15.317467649965245
11.369264915624223	15.317467649965245
12.62688102522967	15.317467649965245
11.982739169596273	12.510500404889264
15.041577370666193	15.317467649965245
12.626881025229673	15.317467649965245
12.366478639387674	15.317467649965245
12.234610125590194	12.510500404889264
12.20805593063539	12.912842098200715
9.348128894905415	12.510500404889264
12.013369287943908	15.317467649965245
13.980760165076436	15.317467649965245
13.624094748993123	15.317467649965245
12.208055930635373	12.912842098200715
10.864933713833555	15.317467649965245
11.746946590062263	15.317467649965245
9.072953858162055	15.317467649965245
14.423917624479468	15.317467649965245
11.008547565021486	12.510500404889264
12.510500404889264	10.181865133098347
13.980760165076434	15.317467649965245
15.317467649965245	12.626881025229657
10.914673547494308	12.510500404889264
13.980760165076434	15.317467649965245
12.748531889112245	-2.150856127571187
8.585436684660323	12.912842098200715
12.510500404889264	12.48589179178131
14.423917624479468	15.317467649965245
12.510500404889264	10.493957790698776
15.317467649965245	15.155753597192385
13.205013919443411	-1.748514434259735
14.789706414672255	15.317467649965245
11.369264915624223	15.317467649965245
12.20805593063539	12.912842098200715
13.624094748993109	15.317467649965245
15.317467649965245	12.71955613732856
12.510500404889264	12.082209695637626
10.864933713833555	15.317467649965245
9.348128894905415	12.510500404889264
12.208055930635373	12.912842098200715
13.352087070277497	15.317467649965245
11.98273916959627	12.510500404889264
12.510500404889264	12.485891791781306
14.292614831251392	15.317467649965245
11.369264915624239	15.317467649965245
12.220937919335503	12.510500404889264
12.208055930635375	12.912842098200715
14.19993971915249	15.317467649965245
9.072953858162037	15.317467649965245
14.789706414672255	15.317467649965245
15.317467649965245	15.1557535971924
15.317467649965245	10.102496232865036
10.835365699808134	15.317467649965245
14.789706414672255	15.317467649965245
11.985839678867167	-1.748514434259735
9.3481288949054	12.510500404889264
12.013369287943926	15.317467649965245
8.585436684660323	12.912842098200715
-2.150856127571187	11.490915779506812
9.59184004525124	12.510500404889264
11.008547565021486	12.510500404889264
11.746946590062267	15.317467649965245
15.317467649965245	12.124938836153154
12.510500404889264	10.493957790698792
10.864933713833555	15.317467649965245
13.624094748993109	15.317467649965245
12.366478639387672	15.317467649965245
12.234610125590194	12.510500404889264
12.20805593063539	12.912842098200715
14.292614831251377	15.317467649965245
12.510500404889264	10.49395779069879
12.220937919335485	12.510500404889264
12.220937919335507	12.510500404889264
8.585436684660323	12.912842098200715
12.234610125590194	12.510500404889264
8.585436684660323	12.912842098200715
12.510500404889264	12.485891791781288
10.864933713833569	15.317467649965245
10.864933713833555	15.317467649965245
12.626881025229673	15.317467649965245
15.317467649965245	10.982895198282407
15.317467649965245	14.903882641198463
13.396021014090657	15.317467649965245
12.398807290327222	15.317467649965245
9.348128894905415	12.510500404889264
10.835365699808133	15.317467649965245
15.317467649965245	14.903882641198463
8.585436684660323	12.912842098200715
12.626881025229675	15.317467649965245
15.317467649965245	10.982895198282407
11.464395990853783	12.510500404889264
12.510500404889264	9.62907148117193
14.42391762447945	15.317467649965245
15.317467649965245	12.378391849455552
13.396021014090657	15.317467649965245
9.3481288949054	12.510500404889264
12.510500404889264	10.489583242973323
10.589053769014676	12.510500404889264
11.746946590062267	15.317467649965245
8.585436684660323	12.912842098200715
12.510500404889264	12.082209695637625
8.585436684660323	12.912842098200715
12.208055930635373	12.912842098200715
12.626881025229672	15.317467649965245
12.208055930635373	12.912842098200715
12.366478639387672	15.317467649965245
14.789706414672253	15.317467649965245
12.510500404889264	10.489583242973323
12.510500404889264	9.629071481171934
12.208055930635375	12.912842098200715
11.464395990853783	12.510500404889264
8.585436684660323	12.912842098200715
12.626881025229673	15.317467649965245
15.317467649965245	13.414128820617952
-2.150856127571187	11.49091577950681
12.208055930635375	12.912842098200715
14.292614831251376	15.317467649965245
12.626881025229673	15.317467649965245
12.366478639387672	15.317467649965245
12.626881025229673	15.317467649965245
-2.150856127571187	11.490915779506812
8.585436684660323	12.912842098200715
10.864933713833556	15.317467649965245
12.510500404889264	10.493957790698776
12.626881025229673	15.317467649965245
9.3481288949054	12.510500404889264
12.208055930635378	12.912842098200715
12.626881025229673	15.317467649965245
11.464395990853768	12.510500404889264
10.914673547494324	12.510500404889264
15.317467649965245	15.155753597192383
8.585436684660317	12.912842098200715
11.369264915624223	15.317467649965245
10.864933713833555	15.317467649965245
9.072953858162037	15.317467649965245
12.20805593063539	12.912842098200715
12.208055930635375	12.912842098200715
8.585436684660323	12.912842098200715
12.510500404889264	12.48589179178131
11.0085475650215	12.510500404889264
13.352087070277497	15.317467649965245
14.309741397953244	15.317467649965245
11.985839678867167	-1.748514434259735
12.510500404889264	9.629071481171934
11.369264915624223	15.317467649965245
9.072953858162037	15.317467649965245
8.585436684660323	12.912842098200715
11.746946590062267	15.317467649965245
9.59184004525124	12.510500404889264
9.072953858162037	15.317467649965245
12.208055930635373	12.912842098200715
12.510500404889264	12.082209695637625
14.423917624479468	15.317467649965245
10.914673547494326	12.510500404889264
11.464395990853765	12.510500404889264
14.199939719152487	15.317467649965245
10.835365699808133	15.317467649965245
11.746946590062267	15.317467649965245
12.20805593063539	12.912842098200715
11.369264915624239	15.317467649965245
8.585436684660323	12.912842098200715
13.980760165076434	15.317467649965245
9.072953858162037	15.317467649965245
11.746946590062267	15.317467649965245
14.423917624479468	15.317467649965245
12.626881025229673	15.317467649965245
11.982739169596273	12.510500404889264
12.208055930635373	12.912842098200715
11.982739169596273	12.510500404889264
11.36926491562424	15.317467649965245
11.982739169596273	12.510500404889264
10.914673547494308	12.510500404889264
12.510500404889264	12.485891791781306
13.396021014090657	15.317467649965245
13.556395437591343	15.317467649965245
11.369264915624223	15.317467649965245
11.464395990853783	12.510500404889264
12.510500404889264	10.493957790698776
12.748531889112245	-2.150856127571187
10.864933713833555	15.317467649965245
13.980760165076433	15.317467649965245
12.366478639387658	15.317467649965245
14.423917624479468	15.317467649965245
12.510500404889264	10.181865133098345
11.982739169596273	12.510500404889264
15.317467649965245	12.719556137328576
-2.150856127571187	11.49091577950681
11.746946590062267	15.317467649965245
12.234610125590196	12.510500404889264
11.746946590062267	15.317467649965245
12.510500404889264	12.082209695637628
14.309741397953243	15.317467649965245
8.585436684660323	12.912842098200715
10.979109940359782	15.317467649965245
14.42391762447945	15.317467649965245
14.002086995083996	15.317467649965245
15.317467649965245	12.124938836153138
11.746946590062281	15.317467649965245
13.624094748993109	15.317467649965245
11.746946590062267	15.317467649965245
14.42391762447945	15.317467649965245
12.626881025229673	15.317467649965245
12.510500404889264	12.082209695637625
15.317467649965245	10.982895198282407
12.510500404889264	10.489583242973323
11.746946590062267	15.317467649965245
13.918718414735991	15.317467649965245
12.366478639387672	15.317467649965245
15.317467649965245	13.414128820617954
11.985839678867166	-1.748514434259735
12.208055930635373	12.912842098200715
11.369264915624223	15.317467649965245
11.36926491562424	15.317467649965245
12.20805593063539	12.912842098200715
15.317467649965245	15.155753597192401
10.979109940359777	15.317467649965245
12.208055930635373	12.912842098200715
10.835365699808134	15.317467649965245
12.626881025229673	15.317467649965245
8.585436684660323	12.912842098200715
12.510500404889264	10.493957790698776
12.20805593063539	12.912842098200715
12.510500404889264	9.629071481171916
12.510500404889264	12.485891791781292
12.220937919335485	12.510500404889264
12.398807290327204	15.317467649965245
12.510500404889264	9.629071481171934
15.317467649965245	15.155753597192401
12.510500404889264	10.493957790698776
14.002086995083996	15.317467649965245
15.317467649965245	15.1557535971924
11.746946590062267	15.317467649965245
12.74853188911226	-2.150856127571187
11.008547565021502	12.510500404889264
12.626881025229672	15.317467649965245
12.208055930635375	12.912842098200715
12.510500404889264	8.971347081923042
15.317467649965245	10.98289519828242
9.953352823579408	15.317467649965245
12.208055930635373	12.912842098200715
13.556395437591343	15.317467649965245
13.624094748993109	15.317467649965245
10.589053769014676	12.510500404889264
15.041577370666177	15.317467649965245
11.982739169596256	12.510500404889264
9.591840045251223	12.510500404889264
12.208055930635375	12.912842098200715
13.98076016507643	15.317467649965245
15.317467649965245	9.953352823579426
15.317467649965245	15.1557535971924
12.912842098200715	8.585436684660323
12.20805593063539	12.912842098200715
9.591840045251226	12.510500404889264
12.626881025229675	15.317467649965245
15.317467649965245	15.155753597192401
13.556395437591343	15.317467649965245
12.510500404889264	9.62907148117193
11.369264915624239	15.317467649965245
12.208055930635373	12.912842098200715
12.510500404889264	8.971347081923046
13.918718414735974	15.317467649965245
8.585436684660307	12.912842098200715
10.864933713833555	15.317467649965245
12.208055930635373	12.912842098200715
15.317467649965245	12.378391849455552
9.3481288949054	12.510500404889264
15.317467649965245	12.719556137328558
11.464395990853783	12.510500404889264
8.585436684660323	12.912842098200715
11.746946590062267	15.317467649965245
15.317467649965245	12.124938836153154
14.789706414672255	15.317467649965245
12.220937919335503	12.510500404889264
12.013369287943908	15.317467649965245
15.317467649965245	12.719556137328576
10.864933713833555	15.317467649965245
12.208055930635373	12.912842098200715
13.918718414735977	15.317467649965245
11.746946590062267	15.317467649965245
11.746946590062267	15.317467649965245
12.626881025229673	15.317467649965245
15.317467649965245	15.155753597192401
11.464395990853768	12.510500404889264
12.510500404889264	8.971347081923046
14.42391762447945	15.317467649965245
11.746946590062267	15.317467649965245
10.914673547494308	12.510500404889264
12.510500404889264	10.489583242973302
8.585436684660323	12.912842098200715
12.510500404889264	10.181865133098347
12.510500404889264	10.181865133098363
10.864933713833555	15.317467649965245
13.352087070277493	15.317467649965245
12.208055930635373	12.912842098200715
12.398807290327222	15.317467649965245
13.624094748993125	15.317467649965245
9.591840045251223	12.510500404889264
12.626881025229673	15.317467649965245
13.396021014090657	15.317467649965245
12.510500404889264	8.971347081923042
12.20805593063539	12.912842098200715
11.008547565021502	12.510500404889264
12.626881025229673	15.317467649965245
8.585436684660321	12.912842098200715
12.510500404889264	8.971347081923028
11.369264915624221	15.317467649965245
12.366478639387658	15.317467649965245
11.746946590062267	15.317467649965245
11.746946590062263	15.317467649965245
11.369264915624223	15.317467649965245
12.510500404889264	12.082209695637625
12.20805593063539	12.912842098200715
12.220937919335503	12.510500404889264
10.835365699808134	15.317467649965245
12.220937919335503	12.510500404889264
15.317467649965245	10.102496232865036
11.464395990853768	12.510500404889264
13.556395437591325	15.317467649965245
15.041577370666177	15.317467649965245
10.864933713833555	15.317467649965245
12.208055930635373	12.912842098200715
12.510500404889264	10.493957790698776
8.585436684660321	12.912842098200715
-4.555481679335718	11.427589049070429
11.369264915624239	15.317467649965245
12.626881025229675	15.317467649965245
14.292614831251377	15.317467649965245
12.510500404889264	12.485891791781288
11.369264915624223	15.317467649965245
12.366478639387676	15.317467649965245
12.510500404889264	9.629071481171934
15.317467649965245	13.414128820617954
12.510500404889264	10.181865133098363
8.585436684660323	12.912842098200715
13.556395437591327	15.317467649965245
15.317467649965245	12.719556137328576
11.464395990853783	12.510500404889264
11.369264915624239	15.317467649965245
12.62688102522967	15.317467649965245
14.423917624479467	15.317467649965245
10.864933713833556	15.317467649965245
12.510500404889264	8.971347081923028
15.317467649965245	15.155753597192385
13.624094748993109	15.317467649965245
12.234610125590194	12.510500404889264
10.835365699808134	15.317467649965245
12.20805593063539	12.912842098200715
11.746946590062267	15.317467649965245
15.317467649965245	15.155753597192401
10.589053769014676	12.510500404889264
14.423917624479465	15.317467649965245
11.746946590062267	15.317467649965245
11.369264915624223	15.317467649965245
8.585436684660323	12.912842098200715
15.317467649965245	12.719556137328574
15.317467649965245	12.719556137328578
12.208055930635375	12.912842098200715
12.398807290327206	15.317467649965245
13.624094748993123	15.317467649965245
12.510500404889264	10.489583242973323
9.348128894905418	12.510500404889264
10.835365699808134	15.317467649965245
12.20805593063539	12.912842098200715
14.789706414672237	15.317467649965245
12.20805593063539	12.912842098200715
13.624094748993109	15.317467649965245
9.591840045251237	12.510500404889264
12.234610125590194	12.510500404889264
15.317467649965245	12.71955613732856
9.072953858162037	15.317467649965245
9.540823786735842	-4.555481679335718
10.979109940359763	15.317467649965245
10.97910994035978	15.317467649965245
12.510500404889264	9.629071481171934
12.510500404889264	12.082209695637625
15.317467649965245	14.903882641198463
9.591840045251242	12.510500404889264
12.234610125590194	12.510500404889264
13.624094748993109	15.317467649965245
8.585436684660321	12.912842098200715
12.20805593063539	12.912842098200715
13.205013919443411	-1.748514434259735
12.626881025229672	15.317467649965245
9.072953858162037	15.317467649965245
12.510500404889264	12.082209695637625
14.309741397953244	15.317467649965245
8.585436684660307	12.912842098200715
10.864933713833572	15.317467649965245
9.59184004525124	12.510500404889264
8.585436684660323	12.912842098200715
15.317467649965245	12.124938836153154
13.556395437591343	15.317467649965245
9.072953858162055	15.317467649965245
12.510500404889264	10.489583242973323
13.396021014090657	15.317467649965245
12.510500404889264	10.489583242973323
10.864933713833555	15.317467649965245
10.914673547494308	12.510500404889264
13.3520870702775	15.317467649965245
12.510500404889264	10.181865133098363
14.789706414672255	15.317467649965245
10.864933713833555	15.317467649965245
11.746946590062267	15.317467649965245
12.20805593063539	12.912842098200715
12.626881025229673	15.317467649965245
13.624094748993109	15.317467649965245
15.317467649965245	12.124938836153154
14.00208699508398	15.317467649965245
12.208055930635375	12.912842098200715
8.585436684660323	12.912842098200715
13.624094748993109	15.317467649965245
10.589053769014676	12.510500404889264
14.00208699508398	15.317467649965245
13.205013919443411	-1.748514434259735
8.585436684660323	12.912842098200715
11.369264915624223	15.317467649965245
12.510500404889264	8.971347081923042
12.912842098200715	8.585436684660323
15.317467649965245	10.102496232865022
14.19993971915249	15.317467649965245
12.626881025229673	15.317467649965245
12.234610125590194	12.510500404889264
12.510500404889264	12.485891791781292
8.585436684660323	12.912842098200715
10.914673547494308	12.510500404889264
11.369264915624239	15.317467649965245
12.510500404889264	12.485891791781306
15.317467649965245	13.414128820617952
14.002086995083978	15.317467649965245
10.589053769014678	12.510500404889264
10.864933713833555	15.317467649965245
10.864933713833555	15.317467649965245
13.556395437591325	15.317467649965245
12.510500404889264	10.181865133098363
14.903882641198479	15.317467649965245
9.072953858162037	15.317467649965245
12.626881025229656	15.317467649965245
9.072953858162055	15.317467649965245
15.317467649965245	15.155753597192382
13.98076016507643	15.317467649965245
12.626881025229673	15.317467649965245
12.366478639387672	15.317467649965245
8.585436684660323	12.912842098200715
9.59184004525124	12.510500404889264
13.414128820617954	15.317467649965245
8.585436684660307	12.912842098200715
13.918718414735977	15.317467649965245
-4.555481679335718	11.427589049070413
10.979109940359763	15.317467649965245
12.234610125590194	12.510500404889264
12.20805593063539	12.912842098200715
10.864933713833555	15.317467649965245
10.914673547494322	12.510500404889264
12.366478639387672	15.317467649965245
12.20805593063539	12.912842098200715
9.348128894905415	12.510500404889264
12.510500404889264	12.082209695637625
15.317467649965245	10.102496232865036
15.041577370666177	15.317467649965245
11.746946590062263	15.317467649965245
8.585436684660317	12.912842098200715
10.864933713833555	15.317467649965245
15.041577370666177	15.317467649965245
13.624094748993109	15.317467649965245
13.624094748993107	15.317467649965245
15.317467649965245	10.10249623286504
12.626881025229673	15.317467649965245
14.199939719152475	15.317467649965245
12.510500404889264	10.181865133098345
9.59184004525124	12.510500404889264
12.510500404889264	9.629071481171934
11.746946590062267	15.317467649965245
12.20805593063539	12.912842098200715
11.746946590062267	15.317467649965245
12.626881025229673	15.317467649965245
14.199939719152487	15.317467649965245
15.317467649965245	13.414128820617954
15.317467649965245	15.155753597192385
10.589053769014692	12.510500404889264
11.008547565021486	12.510500404889264
12.626881025229656	15.317467649965245
10.864933713833555	15.317467649965245
13.918718414735993	15.317467649965245
11.746946590062267	15.317467649965245
12.398807290327222	15.317467649965245
10.97910994035978	15.317467649965245
11.746946590062267	15.317467649965245
10.864933713833555	15.317467649965245
10.835365699808133	15.317467649965245
14.789706414672255	15.317467649965245
15.317467649965245	12.62688102522967
12.510500404889264	10.493957790698776
13.396021014090657	15.317467649965245
13.624094748993109	15.317467649965245
8.585436684660323	12.912842098200715
8.585436684660323	12.912842098200715
10.835365699808134	15.317467649965245
9.072953858162037	15.317467649965245
14.19993971915249	15.317467649965245
15.317467649965245	15.155753597192385
-4.555481679335718	11.42758904907043
10.864933713833555	15.317467649965245
15.317467649965245	12.378391849455552
12.510500404889264	8.971347081923046
14.292614831251376	15.317467649965245
8.585436684660323	12.912842098200715
15.317467649965245	15.155753597192385
12.912842098200715	8.58543668466033
15.317467649965245	13.414128820617954
13.624094748993109	15.317467649965245
10.97910994035978	15.317467649965245
11.464395990853768	12.510500404889264
8.585436684660323	12.912842098200715
12.510500404889264	8.971347081923042
14.423917624479468	15.317467649965245
11.369264915624223	15.317467649965245
11.464395990853783	12.510500404889264
12.208055930635373	12.912842098200715
12.510500404889264	10.18186513309836
12.20805593063539	12.912842098200715
15.317467649965245	10.982895198282407
12.626881025229673	15.317467649965245
10.864933713833555	15.317467649965245
10.864933713833572	15.317467649965245
11.369264915624223	15.317467649965245
10.97910994035978	15.317467649965245
14.309741397953239	15.317467649965245
10.589053769014676	12.510500404889264
12.626881025229673	15.317467649965245
9.953352823579426	15.317467649965245
14.002086995083996	15.317467649965245
15.317467649965245	15.1557535971924
14.19993971915249	15.317467649965245
10.589053769014676	12.510500404889264
11.746946590062263	15.317467649965245
12.220937919335505	12.510500404889264
15.317467649965245	15.1557535971924
8.585436684660323	12.912842098200715
12.510500404889264	10.181865133098363
9.3481288949054	12.510500404889264
13.624094748993109	15.317467649965245
10.864933713833555	15.317467649965245
14.309741397953244	15.317467649965245
13.624094748993109	15.317467649965245
12.20805593063539	12.912842098200715
11.369264915624239	15.317467649965245
10.864933713833556	15.317467649965245
11.746946590062263	15.317467649965245
15.317467649965245	10.10249623286504
11.369264915624223	15.317467649965245
11.746946590062267	15.317467649965245
12.208055930635378	12.912842098200715
12.626881025229673	15.317467649965245
11.746946590062267	15.317467649965245
10.914673547494324	12.510500404889264
15.317467649965245	12.62688102522967
11.982739169596273	12.510500404889264
15.317467649965245	15.1557535971924
10.589053769014674	12.510500404889264
11.464395990853783	12.510500404889264
13.624094748993109	15.317467649965245
12.510500404889264	10.493957790698776
11.746946590062267	15.317467649965245
13.352087070277497	15.317467649965245
14.309741397953244	15.317467649965245
11.369264915624223	15.317467649965245
9.072953858162055	15.317467649965245
9.072953858162037	15.317467649965245
12.208055930635378	12.912842098200715
12.208055930635373	12.912842098200715
14.309741397953244	15.317467649965245
11.369264915624223	15.317467649965245
14.292614831251392	15.317467649965245
12.220937919335503	12.510500404889264
12.510500404889264	12.082209695637642
8.585436684660323	12.912842098200715
11.008547565021486	12.510500404889264
14.199939719152473	15.317467649965245
15.317467649965245	12.71955613732856
11.982739169596258	12.510500404889264
10.864933713833555	15.317467649965245
9.3481288949054	12.510500404889264
15.317467649965245	12.378391849455552
11.746946590062267	15.317467649965245
12.510500404889264	10.493957790698776
10.83536569980812	15.317467649965245
12.748531889112245	-2.150856127571187
12.510500404889264	12.082209695637625
12.510500404889264	10.489583242973307
8.585436684660321	12.912842098200715
15.317467649965245	12.62688102522967
11.008547565021486	12.510500404889264
11.008547565021486	12.510500404889264
12.208055930635375	12.912842098200715
10.589053769014676	12.510500404889264
11.369264915624239	15.317467649965245
13.556395437591325	15.317467649965245
12.510500404889264	8.971347081923028
9.540823786735858	-4.555481679335718
15.317467649965245	15.1557535971924
12.510500404889264	10.181865133098347
12.234610125590194	12.510500404889264
9.072953858162037	15.317467649965245
15.317467649965245	10.102496232865036
11.746946590062267	15.317467649965245
-4.555481679335718	11.427589049070427
8.585436684660323	12.912842098200715
15.317467649965245	13.414128820617954
14.789706414672239	15.317467649965245
12.234610125590194	12.510500404889264
11.008547565021486	12.510500404889264
9.59184004525124	12.510500404889264
12.510500404889264	12.485891791781292
12.220937919335503	12.510500404889264
11.36926491562424	15.317467649965245
12.220937919335503	12.510500404889264
-4.555481679335718	11.427589049070429
-2.150856127571187	11.490915779506812
8.585436684660321	12.912842098200715
12.510500404889264	10.493957790698776
10.864933713833555	15.317467649965245
12.626881025229657	15.317467649965245
12.234610125590194	12.510500404889264
8.585436684660323	12.912842098200715
11.369264915624223	15.317467649965245
11.985839678867167	-1.748514434259735
12.626881025229673	15.317467649965245
11.746946590062267	15.317467649965245
9.59184004525124	12.510500404889264
15.317467649965245	15.155753597192385
10.914673547494324	12.510500404889264
12.208055930635373	12.912842098200715
12.208055930635373	12.912842098200715
12.748531889112247	-2.150856127571187
11.008547565021486	12.510500404889264
15.317467649965245	15.1557535971924
10.864933713833556	15.317467649965245
13.624094748993109	15.317467649965245
13.352087070277515	15.317467649965245
13.98076016507645	15.317467649965245
11.464395990853765	12.510500404889264
13.396021014090657	15.317467649965245
15.317467649965245	12.62688102522967
12.626881025229673	15.317467649965245
11.369264915624223	15.317467649965245
14.903882641198463	15.317467649965245
14.292614831251376	15.317467649965245
14.199939719152473	15.317467649965245
12.510500404889264	12.485891791781306
12.626881025229673	15.317467649965245
15.1557535971924	15.317467649965245
12.510500404889264	10.181865133098363
14.002086995083996	15.317467649965245
9.072953858162037	15.317467649965245
12.220937919335485	12.510500404889264
10.864933713833555	15.317467649965245
11.008547565021486	12.510500404889264
9.072953858162037	15.317467649965245
14.789706414672255	15.317467649965245
11.369264915624239	15.317467649965245
12.208055930635373	12.912842098200715
10.914673547494326	12.510500404889264
11.369264915624223	15.317467649965245
11.746946590062281	15.317467649965245
11.746946590062267	15.317467649965245
15.317467649965245	15.1557535971924
14.423917624479468	15.317467649965245
15.041577370666177	15.317467649965245
8.585436684660323	12.912842098200715
11.369264915624239	15.317467649965245
15.317467649965245	10.102496232865036
8.585436684660323	12.912842098200715
-4.555481679335718	11.42758904907043
10.97910994035978	15.317467649965245
12.220937919335503	12.510500404889264
9.072953858162037	15.317467649965245
12.366478639387674	15.317467649965245
12.220937919335503	12.510500404889264
13.624094748993123	15.317467649965245
10.589053769014676	12.510500404889264
10.864933713833572	15.317467649965245
14.002086995083996	15.317467649965245
15.317467649965245	10.10249623286504
12.626881025229673	15.317467649965245
15.317467649965245	12.124938836153138
12.20805593063539	12.912842098200715
12.510500404889264	10.493957790698776
11.369264915624223	15.317467649965245
13.205013919443411	-1.748514434259735
15.317467649965245	13.41412882061797
9.540823786735857	-4.555481679335718
9.072953858162055	15.317467649965245
8.585436684660323	12.912842098200715
15.041577370666177	15.317467649965245
12.20805593063539	12.912842098200715
15.317467649965245	15.155753597192383
12.20805593063539	12.912842098200715
15.317467649965245	10.982895198282407
13.396021014090657	15.317467649965245
15.317467649965245	12.378391849455536
11.369264915624223	15.317467649965245
12.510500404889264	8.971347081923028
12.510500404889264	8.971347081923028
15.041577370666177	15.317467649965245
15.317467649965245	15.155753597192383
13.980760165076449	15.317467649965245
13.624094748993109	15.317467649965245
15.317467649965245	15.1557535971924
11.982739169596273	12.510500404889264
9.072953858162037	15.317467649965245
13.624094748993125	15.317467649965245
10.864933713833555	15.317467649965245
12.510500404889264	8.971347081923042
10.589053769014676	12.510500404889264
11.746946590062281	15.317467649965245
12.510500404889264	10.493957790698776
15.317467649965245	10.982895198282407
10.835365699808134	15.317467649965245
9.59184004525124	12.510500404889264
12.912842098200715	8.585436684660323
12.208055930635375	12.912842098200715
13.624094748993109	15.317467649965245
9.072953858162055	15.317467649965245
12.510500404889264	12.082209695637625
10.589053769014676	12.510500404889264
8.585436684660323	12.912842098200715
11.369264915624239	15.317467649965245
12.510500404889264	10.181865133098363
12.013369287943922	15.317467649965245
15.317467649965245	13.414128820617954
9.072953858162037	15.317467649965245
11.985839678867167	-1.748514434259735
15.317467649965245	14.903882641198479
15.317467649965245	15.155753597192383
10.864933713833555	15.317467649965245
14.002086995083978	15.317467649965245
11.982739169596273	12.510500404889264
10.864933713833556	15.317467649965245
10.835365699808134	15.317467649965245
8.585436684660323	12.912842098200715
12.234610125590194	12.510500404889264
15.317467649965245	13.414128820617968
12.626881025229673	15.317467649965245
10.589053769014676	12.510500404889264
11.982739169596273	12.510500404889264
15.041577370666177	15.317467649965245
10.864933713833555	15.317467649965245
13.352087070277497	15.317467649965245
8.585436684660323	12.912842098200715
14.423917624479468	15.317467649965245
10.864933713833555	15.317467649965245
9.072953858162037	15.317467649965245
12.626881025229673	15.317467649965245
12.20805593063539	12.912842098200715
14.78970641467224	15.317467649965245
12.510500404889264	12.485891791781306
11.746946590062263	15.317467649965245
11.746946590062285	15.317467649965245
8.585436684660317	12.912842098200715
12.20805593063539	12.912842098200715
11.369264915624223	15.317467649965245
8.585436684660323	12.912842098200715
12.626881025229673	15.317467649965245
10.864933713833555	15.317467649965245
12.510500404889264	12.485891791781292
12.912842098200715	8.58543668466033
15.317467649965245	13.414128820617954
12.510500404889264	9.62907148117193
12.626881025229657	15.317467649965245
8.585436684660323	12.912842098200715
12.366478639387658	15.317467649965245
12.626881025229675	15.317467649965245
13.205013919443408	-1.748514434259735
15.317467649965245	12.62688102522967
12.510500404889264	9.629071481171913
11.464395990853783	12.510500404889264
9.3481288949054	12.510500404889264
12.208055930635373	12.912842098200715
14.199939719152473	15.317467649965245
15.317467649965245	10.982895198282407
15.317467649965245	12.378391849455552
12.366478639387672	15.317467649965245
8.585436684660323	12.912842098200715
12.626881025229673	15.317467649965245
12.626881025229673	15.317467649965245
9.072953858162037	15.317467649965245
12.510500404889264	10.493957790698776
9.54082378673586	-4.555481679335718
15.317467649965245	15.1557535971924
15.317467649965245	13.414128820617954
12.208055930635375	12.912842098200715
15.317467649965245	15.155753597192401
12.366478639387656	15.317467649965245
11.746946590062281	15.317467649965245
12.626881025229673	15.317467649965245
12.626881025229673	15.317467649965245
12.013369287943927	15.317467649965245
12.510500404889264	8.971347081923042
12.220937919335503	12.510500404889264
15.317467649965245	14.903882641198479
13.98076016507643	15.317467649965245
12.234610125590194	12.510500404889264
14.19993971915249	15.317467649965245
10.914673547494308	12.510500404889264
12.510500404889264	8.971347081923028
13.918718414735977	15.317467649965245
8.585436684660323	12.912842098200715
11.746946590062281	15.317467649965245
13.980760165076449	15.317467649965245
8.585436684660323	12.912842098200715
10.914673547494308	12.510500404889264
11.746946590062267	15.317467649965245
11.36926491562424	15.317467649965245
10.864933713833555	15.317467649965245
13.556395437591343	15.317467649965245
12.510500404889264	10.493957790698776
8.585436684660317	12.912842098200715
12.20805593063539	12.912842098200715
10.864933713833555	15.317467649965245
12.626881025229673	15.317467649965245
11.746946590062267	15.317467649965245
13.396021014090653	15.317467649965245
12.208055930635378	12.912842098200715
15.317467649965245	11.746946590062267
15.317467649965245	12.124938836153152
10.589053769014676	12.510500404889264
12.626881025229673	15.317467649965245
12.510500404889264	10.493957790698776
15.317467649965245	13.414128820617968
11.36926491562424	15.317467649965245
13.205013919443426	-1.748514434259735
12.20805593063539	12.912842098200715
13.396021014090657	15.317467649965245
15.317467649965245	15.155753597192383
8.585436684660323	12.912842098200715
13.98076016507643	15.317467649965245
15.317467649965245	12.71955613732856
12.510500404889264	10.493957790698776
12.208055930635375	12.912842098200715
9.540823786735857	-4.555481679335718
12.510500404889264	10.181865133098363
13.624094748993109	15.317467649965245
10.914673547494308	12.510500404889264
12.366478639387672	15.317467649965245
12.20805593063539	12.912842098200715
12.510500404889264	10.181865133098347
13.624094748993123	15.317467649965245
11.464395990853783	12.510500404889264
14.789706414672237	15.317467649965245
15.317467649965245	12.719556137328556
12.510500404889264	8.971347081923032
12.510500404889264	12.082209695637626
12.208055930635375	12.912842098200715
13.352087070277515	15.317467649965245
14.423917624479468	15.317467649965245
15.317467649965245	15.155753597192385
10.914673547494308	12.510500404889264
10.914673547494312	12.510500404889264
11.369264915624239	15.317467649965245
9.591840045251226	12.510500404889264
14.789706414672258	15.317467649965245
12.626881025229673	15.317467649965245
-2.150856127571187	11.490915779506812
13.396021014090657	15.317467649965245
11.369264915624223	15.317467649965245
15.317467649965245	13.414128820617952
9.59184004525124	12.510500404889264
12.510500404889264	10.181865133098347
10.864933713833555	15.317467649965245
8.585436684660323	12.912842098200715
14.789706414672255	15.317467649965245
10.979109940359777	15.317467649965245
12.398807290327222	15.317467649965245
12.510500404889264	10.489583242973307
12.510500404889264	9.62907148117193
13.624094748993109	15.317467649965245
11.746946590062267	15.317467649965245
13.556395437591343	15.317467649965245
12.366478639387674	15.317467649965245
14.002086995083996	15.317467649965245
10.864933713833555	15.317467649965245
15.317467649965245	15.155753597192382
8.585436684660323	12.912842098200715
11.369264915624239	15.317467649965245
12.20805593063539	12.912842098200715
10.835365699808134	15.317467649965245
10.589053769014676	12.510500404889264
12.208055930635373	12.912842098200715
14.19993971915249	15.317467649965245
15.317467649965245	15.155753597192401
12.398807290327222	15.317467649965245
9.348128894905415	12.510500404889264
12.234610125590194	12.510500404889264
13.396021014090657	15.317467649965245
12.510500404889264	10.489583242973323
12.626881025229673	15.317467649965245
15.317467649965245	12.719556137328574
14.199939719152473	15.317467649965245
12.510500404889264	12.485891791781306
12.510500404889264	10.181865133098347
11.369264915624239	15.317467649965245
15.317467649965245	12.378391849455552
10.864933713833556	15.317467649965245
12.013369287943908	15.317467649965245
12.510500404889264	10.48958324297332
8.585436684660323	12.912842098200715
12.208055930635373	12.912842098200715
12.208055930635378	12.912842098200715
12.510500404889264	12.082209695637625
13.556395437591325	15.317467649965245
12.208055930635373	12.912842098200715
15.317467649965245	15.155753597192401
11.369264915624223	15.317467649965245
8.585436684660317	12.912842098200715
10.864933713833555	15.317467649965245
11.369264915624221	15.317467649965245
10.979109940359763	15.317467649965245
11.746946590062267	15.317467649965245
12.912842098200715	8.585436684660323
14.199939719152473	15.317467649965245
15.317467649965245	12.124938836153154
10.864933713833555	15.317467649965245
12.626881025229673	15.317467649965245
14.19993971915249	15.317467649965245
11.746946590062263	15.317467649965245
8.585436684660323	12.912842098200715
12.510500404889264	10.181865133098347
11.369264915624223	15.317467649965245
8.585436684660323	12.912842098200715
11.36926491562424	15.317467649965245
9.59184004525124	12.510500404889264
15.317467649965245	12.124938836153154
13.624094748993109	15.317467649965245
12.626881025229673	15.317467649965245
13.396021014090657	15.317467649965245
12.510500404889264	10.489583242973323
13.624094748993109	15.317467649965245
12.510500404889264	10.489583242973305
11.464395990853783	12.510500404889264
13.556395437591343	15.317467649965245
13.556395437591343	15.317467649965245
12.626881025229673	15.317467649965245
13.205013919443415	-1.748514434259735
11.369264915624223	15.317467649965245
9.072953858162055	15.317467649965245
10.835365699808134	15.317467649965245
8.585436684660317	12.912842098200715
14.19993971915249	15.317467649965245
12.510500404889264	10.181865133098363
9.072953858162037	15.317467649965245
13.39602101409067	15.317467649965245
12.626881025229673	15.317467649965245
15.317467649965245	15.155753597192401
12.912842098200715	8.585436684660323
9.59184004525124	12.510500404889264
14.42391762447945	15.317467649965245
11.369264915624239	15.317467649965245
15.317467649965245	10.982895198282424
14.309741397953243	15.317467649965245
8.585436684660323	12.912842098200715
10.864933713833555	15.317467649965245
12.510500404889264	10.489583242973323
8.585436684660323	12.912842098200715
14.789706414672256	15.317467649965245
11.008547565021484	12.510500404889264
12.208055930635373	12.912842098200715
12.20805593063539	12.912842098200715
9.072953858162037	15.317467649965245
13.624094748993109	15.317467649965245
11.746946590062263	15.317467649965245
14.19993971915249	15.317467649965245
15.317467649965245	13.414128820617954
11.369264915624223	15.317467649965245
12.208055930635373	12.912842098200715
11.008547565021484	12.510500404889264
10.589053769014676	12.510500404889264
12.626881025229673	15.317467649965245
8.585436684660323	12.912842098200715
10.864933713833555	15.317467649965245
12.626881025229673	15.317467649965245
11.369264915624223	15.317467649965245
12.510500404889264	12.485891791781308
12.626881025229673	15.317467649965245
15.317467649965245	10.982895198282407
9.072953858162037	15.317467649965245
12.510500404889264	12.082209695637626
13.624094748993125	15.317467649965245
11.98273916959627	12.510500404889264
11.982739169596273	12.510500404889264
10.589053769014676	12.510500404889264
13.98076016507643	15.317467649965245
12.62688102522967	15.317467649965245
15.317467649965245	12.378391849455534
14.002086995083982	15.317467649965245
12.510500404889264	10.489583242973323
12.208055930635375	12.912842098200715
13.624094748993109	15.317467649965245
12.20805593063539	12.912842098200715
13.624094748993109	15.317467649965245
8.585436684660307	12.912842098200715
12.20805593063539	12.912842098200715
10.589053769014676	12.510500404889264
11.464395990853781	12.510500404889264
10.589053769014676	12.510500404889264
13.980760165076449	15.317467649965245
11.746946590062263	15.317467649965245
11.746946590062263	15.317467649965245
14.309741397953243	15.317467649965245
15.317467649965245	12.719556137328574
10.864933713833555	15.317467649965245
12.626881025229673	15.317467649965245
14.199939719152473	15.317467649965245
9.59184004525124	12.510500404889264
11.746946590062267	15.317467649965245
11.36926491562424	15.317467649965245
12.208055930635373	12.912842098200715
15.317467649965245	15.155753597192385
12.626881025229673	15.317467649965245
11.746946590062267	15.317467649965245
14.199939719152473	15.317467649965245
12.398807290327222	15.317467649965245
10.864933713833572	15.317467649965245
14.19993971915249	15.317467649965245
15.317467649965245	13.414128820617954
11.36926491562424	15.317467649965245
8.585436684660317	12.912842098200715
14.789706414672255	15.317467649965245
10.979109940359765	15.317467649965245
12.208055930635373	12.912842098200715
10.589053769014676	12.510500404889264
9.59184004525124	12.510500404889264
13.3520870702775	15.317467649965245
12.510500404889264	12.485891791781288
12.234610125590194	12.510500404889264
14.19993971915249	15.317467649965245
15.041577370666177	15.317467649965245
12.912842098200715	8.585436684660321
12.20805593063539	12.912842098200715
11.008547565021486	12.510500404889264
15.317467649965245	11.746946590062267
14.42391762447945	15.317467649965245
12.234610125590194	12.510500404889264
8.585436684660323	12.912842098200715
12.208055930635375	12.912842098200715
10.864933713833555	15.317467649965245
12.510500404889264	10.493957790698776
12.510500404889264	10.48958324297332
13.205013919443427	-1.748514434259735
15.317467649965245	13.414128820617954
12.510500404889264	10.493957790698794
12.510500404889264	8.971347081923028
12.208055930635373	12.912842098200715
14.309741397953228	15.317467649965245
8.585436684660323	12.912842098200715
10.864933713833555	15.317467649965245
12.208055930635375	12.912842098200715
14.309741397953244	15.317467649965245
10.589053769014676	12.510500404889264
13.624094748993125	15.317467649965245
12.20805593063539	12.912842098200715
12.510500404889264	12.082209695637625
15.317467649965245	13.414128820617952
12.208055930635373	12.912842098200715
12.510500404889264	12.48589179178129
12.626881025229673	15.317467649965245
12.208055930635373	12.912842098200715
15.317467649965245	10.102496232865036
12.01336928794391	15.317467649965245
14.789706414672256	15.317467649965245
11.369264915624239	15.317467649965245
15.317467649965245	10.982895198282408
9.59184004525124	12.510500404889264
12.510500404889264	10.181865133098347
12.510500404889264	9.629071481171934
14.309741397953244	15.317467649965245
12.62688102522966	15.317467649965245
12.366478639387658	15.317467649965245
10.864933713833555	15.317467649965245
15.317467649965245	15.155753597192401
12.208055930635375	12.912842098200715
13.624094748993125	15.317467649965245
12.20805593063539	12.912842098200715
12.510500404889264	10.493957790698776
10.864933713833555	15.317467649965245
9.953352823579426	15.317467649965245
14.309741397953243	15.317467649965245
15.317467649965245	15.155753597192401
12.234610125590194	12.510500404889264
12.510500404889264	12.485891791781306
12.366478639387672	15.317467649965245
15.317467649965245	12.378391849455552
15.317467649965245	15.155753597192401
12.626881025229656	15.317467649965245
12.510500404889264	10.181865133098347
12.234610125590194	12.510500404889264
11.746946590062267	15.317467649965245
13.396021014090657	15.317467649965245
13.624094748993107	15.317467649965245
13.352087070277497	15.317467649965245
12.208055930635375	12.912842098200715
14.423917624479468	15.317467649965245
9.072953858162055	15.317467649965245
12.220937919335503	12.510500404889264
12.366478639387676	15.317467649965245
11.008547565021486	12.510500404889264
14.309741397953239	15.317467649965245
10.835365699808134	15.317467649965245
12.510500404889264	9.629071481171934
14.292614831251374	15.317467649965245
12.20805593063539	12.912842098200715
8.585436684660323	12.912842098200715
14.292614831251393	15.317467649965245
11.746946590062267	15.317467649965245
12.510500404889264	12.082209695637625
12.208055930635378	12.912842098200715
11.464395990853765	12.510500404889264
12.510500404889264	12.485891791781288
12.510500404889264	9.629071481171934
15.317467649965245	15.155753597192385
8.585436684660323	12.912842098200715
13.624094748993109	15.317467649965245
12.220937919335503	12.510500404889264
15.317467649965245	12.378391849455552
13.352087070277497	15.317467649965245
12.626881025229673	15.317467649965245
8.585436684660323	12.912842098200715
13.205013919443411	-1.748514434259735
12.013369287943926	15.317467649965245
8.585436684660321	12.912842098200715
11.746946590062285	15.317467649965245
8.585436684660317	12.912842098200715
10.864933713833551	15.317467649965245
10.914673547494326	12.510500404889264
8.585436684660323	12.912842098200715
10.97910994035978	15.317467649965245
11.746946590062285	15.317467649965245
11.369264915624223	15.317467649965245
12.20805593063539	12.912842098200715
9.540823786735857	-4.555481679335718
13.556395437591327	15.317467649965245
10.864933713833555	15.317467649965245
12.626881025229672	15.317467649965245
12.398807290327222	15.317467649965245
