14.105852127075195	10.905150108431783
12.701740264892578	15.752627877431854
11.371599197387695	15.752627877431854
16.035152435302734	16.9986929646535
12.16705322265625	15.752627877431854
14.525373458862305	15.752627877431854
12.822473526000977	15.752627877431854
16.035152435302734	16.9986929646535
11.371599197387695	15.752627877431854
16.035152435302734	16.9986929646535
12.701740264892578	15.752627877431854
12.701740264892578	15.752627877431854
15.351917266845703	9.170604416733491
11.970744132995605	15.752627877431854
12.16705322265625	15.752627877431854
14.525373458862305	15.752627877431854
14.525373458862305	15.752627877431854
14.525373458862305	15.752627877431854
12.004785537719727	15.752627877431854
14.105852127075195	7.872110093039604
11.970744132995605	15.752627877431854
12.16705322265625	15.752627877431854
14.105852127075195	9.575009052186047
14.105852127075195	10.708840962513221
16.035152435302734	16.9986929646535
