17.56264450709658	16.45608658678365
14.980002111149574	11.660778058952426
14.980002111149574	11.660778058952426
14.980002111149574	13.72366300753881
14.980002111149574	13.72366300753881
14.980002111149574	13.72366300753881
9.099980062788276	14.583793134237645
14.980002111149574	11.4151478604472
9.345610261293498	14.583793134237645
14.980002111149574	12.008537412390094
14.980002111149574	11.415147860447215
17.56264450709658	16.456086586783652
14.980002111149574	11.66077805895244
14.980002111149574	11.3585401489238
14.980002111149574	11.358540148923781
17.56264450709658	16.456086586783634
17.56264450709658	16.456086586783652
14.980002111149574	12.008537412390078
14.980002111149574	13.723663007538828
9.145422221547442	17.16643553018465
14.980002111149574	12.513485210851861
7.485435201140238	14.583793134237645
14.980002111149574	12.008537412390094
8.695612997827205	14.583793134237645
14.980002111149574	11.336243953648804
