14.39377173845707	10.854468983656929
11.949401095229923	14.822701465283442
10.867882942408274	14.822701465283442
16.459658898658017	17.43030240816754
11.426553078335246	14.822701465283442
13.720941778445031	14.822701465283442
12.176687338912	14.822701465283442
16.459658898658	17.43030240816754
10.867882942408258	14.822701465283442
16.459658898658017	17.43030240816754
11.949401095229923	14.822701465283442
11.949401095229906	14.822701465283442
17.001372681341167	10.654311020968649
11.206566102692788	14.822701465283442
11.426553078335228	14.822701465283442
13.720941778445031	14.822701465283442
13.720941778445031	14.822701465283442
13.720941778445015	14.822701465283442
11.264286025843985	14.822701465283442
14.39377173845707	8.228696391302243
11.206566102692808	14.822701465283442
11.426553078335246	14.822701465283442
14.39377173845707	9.772950830835278
14.39377173845707	10.634482008014487
16.459658898658017	17.43030240816754
