             1         5.4091937317e-06                           297         1.2846763826e+02        -6.9959028810e-01
             0         2.6545208797e-06                           151         3.9592499602e+01        -6.9959028810e-01
             5         7.0662683587e-06                           405         1.1924510378e+02        -6.9959028810e-01
             7         9.5682375861e-07                            63         3.3733700741e+01        -6.9959028810e-01
             4         2.5749343921e-05                          1479         4.3266801194e+02        -6.9959028810e-01
             6         2.6620477746e-06                           155         4.0624909002e+01        -6.9959028810e-01
             8         2.8546639248e-06                           151         4.4441264885e+01        -6.9959030742e-01
            11         2.0691115474e-06                           115         4.6357483987e+01        -6.9959029046e-01
            13         2.5092610740e-06                           153         9.3144104755e+01        -6.9959029046e-01
            10         2.1230137031e-06                           103         3.0614822389e+01        -6.9959029046e-01
            12         3.2051874551e-06                           175         4.6695846298e+01        -6.9959028810e-01
            15         1.2006443206e-05                           681         2.5375464777e+02        -6.9959029046e-01
            17         3.7089172677e-06                           213         4.6709042941e+01        -6.9959028810e-01
            14         2.0064893128e-06                           111         3.6912029668e+01        -6.9959030742e-01
            16         1.2494904419e-05                           683         1.3175653054e+02        -6.9959029046e-01
            19         5.4459419150e-06                           279         5.5208329899e+01        -6.9959030909e-01
            21         3.0002261435e-06                           171         4.2090259759e+01        -6.9959029046e-01
            18         7.1501094079e-07                            41         2.0360191065e+01        -6.9959029046e-01
            25         1.3795389563e-05                           739         1.5596804421e+02        -6.9959029046e-01
            20         4.6527182520e-06                           251         5.5070910545e+01        -6.9959030742e-01
            22         4.0779805463e-06                           249         8.6194606216e+01        -6.9959029046e-01
            27         3.1016871803e-05                          1705         4.7768205676e+02        -6.9959029046e-01
            24         3.9499597605e-06                           209         7.7097145755e+01        -6.9959030909e-01
            31         1.1232082077e-05                           647         2.1277364800e+02        -6.9959029046e-01
            28         4.1805922107e-05                          2283         5.8912329992e+02        -6.9959028810e-01
            37         8.0802327666e-06                           447         2.0794781774e+02        -6.9959029046e-01
            32         4.6920769633e-06                           271         5.8825246918e+01        -6.9959029046e-01
            39         3.9583052837e-06                           245         9.3493414937e+01        -6.9959029046e-01
            36         1.6113882437e-06                            89         5.1794752368e+01        -6.9959028810e-01
            45         4.7736524213e-06                           257         7.9123799456e+01        -6.9959028810e-01
            40         1.1121794217e-05                           643         2.2981933962e+02        -6.9959030742e-01
            47         8.0654876158e-06                           491         1.0909239528e+02        -6.9959029046e-01
            49         2.5423288518e-06                           147         5.3172117960e+01        -6.9959028810e-01
            44         7.4583060161e-06                           419         1.1077241215e+02        -6.9959029046e-01
            51         8.6394622763e-06                           475         1.1543300726e+02        -6.9959217627e-01
            53         3.2828881781e-06                           221         6.8447883738e+01        -6.9959030909e-01
            46         2.1845733401e-06                           121         3.6329010330e+01        -6.9959029046e-01
            55         1.9503853733e-06                           117         5.1567142791e+01        -6.9959029046e-01
            57         9.6271380794e-06                           533         1.1637353057e+02        -6.9959029046e-01
            50         5.3802365606e-06                           305         9.2099480126e+01        -6.9959029046e-01
            59         1.1763540251e-05                           639         1.2718624185e+02        -6.9959028810e-01
            52         1.4498026330e-06                           101         4.1165377114e+01        -6.9959029046e-01
            54         1.5827155829e-05                           851         2.2877010764e+02        -6.9959028810e-01
            65         6.3987358957e-06                           365         1.3767884872e+02        -6.9959030909e-01
            63         9.1768917056e-07                            57         3.3258032330e+01        -6.9959030909e-01
            56         1.6526629235e-06                           107         2.9112153927e+01        -6.9959029046e-01
            58         9.3058598784e-06                           497         1.0276482047e+02        -6.9959028810e-01
            69         1.8447330707e-06                            93         2.9928645363e+01        -6.9959028810e-01
            67         5.1368429675e-07                            39         2.6528845736e+01        -6.9959028810e-01
            60         7.0797593803e-06                           379         8.6192346299e+01        -6.9959030742e-01
            62         3.3957595120e-06                           203         5.5262199736e+01        -6.9959028810e-01
            73         1.3176494671e-05                           727         1.7541377833e+02        -6.9959028810e-01
            64         8.7589750657e-06                           477         1.0493237570e+02        -6.9959030742e-01
            66         4.8115459817e-06                           301         1.2865199564e+02        -6.9959028810e-01
            75         7.7995496336e-06                           463         1.1228026826e+02        -6.9959028810e-01
            70         5.4692006044e-06                           325         8.9029124973e+01        -6.9959028810e-01
            85         5.5816444219e-06                           267         7.5631914105e+01        -6.9959029046e-01
            72         7.3503258696e-06                           413         1.2025524566e+02        -6.9959028810e-01
            78         5.2574901633e-06                           269         7.5940187716e+01        -6.9959029046e-01
            87         1.8719894704e-06                           113         3.7310283696e+01        -6.9959029046e-01
            93         2.6407881735e-06                           131         3.3065483576e+01        -6.9959028810e-01
            80         5.8392190051e-06                           353         1.2390503429e+02        -6.9959029046e-01
            91         2.9683376239e-06                           143         3.5957190307e+01        -6.9959217627e-01
            97         3.2918663516e-06                           167         4.3275270224e+01        -6.9959029046e-01
            86         7.3566234637e-06                           419         1.1481935759e+02        -6.9959029046e-01
            84         7.5970494065e-06                           393         1.0201235346e+02        -6.9959029046e-01
           101         2.1901712196e-06                           129         5.0302290403e+01        -6.9959028810e-01
            90         1.1311049293e-06                            65         2.3759763639e+01        -6.9959029046e-01
            99         1.0721396630e-06                            83         4.5222251200e+01        -6.9959028810e-01
            92         1.7162544732e-06                           105         3.1168466802e+01        -6.9959030909e-01
           105         9.6333764530e-06                           549         1.5189859797e+02        -6.9959029046e-01
            96         9.6732431352e-07                            71         2.8786394891e+01        -6.9959029046e-01
            98         7.5701852184e-06                           471         1.9188174260e+02        -6.9959030742e-01
           107         5.0741242732e-06                           319         8.2564071088e+01        -6.9959028810e-01
           113         2.4247481617e-06                           129         4.0749492796e+01        -6.9959030909e-01
           102         7.5556465691e-06                           423         1.0730590739e+02        -6.9959030742e-01
           100         5.4897645738e-06                           307         1.4175292306e+02        -6.9959029046e-01
           117         1.9752796379e-06                           139         7.4552060252e+01        -6.9959030742e-01
           106         1.8710022581e-06                           107         4.8201589735e+01        -6.9959030742e-01
           104         5.0337740261e-06                           281         9.9432782838e+01        -6.9959029046e-01
           121         4.0746459199e-06                           227         7.0191906469e+01        -6.9959030742e-01
           110         6.2019501273e-06                           333         1.0070729020e+02        -6.9959029046e-01
           108         3.2168061653e-06                           215         9.1200858442e+01        -6.9959029046e-01
           115         3.3455342190e-06                           197         9.5617631480e+01        -6.9959028810e-01
           112         1.1606461777e-05                           631         1.4454563023e+02        -6.9959028810e-01
           114         5.2590969409e-06                           333         1.3824392578e+02        -6.9959030742e-01
           119         1.1216736000e-05                           645         1.6360028551e+02        -6.9959029046e-01
           129         6.6763448704e-07                            45         3.4629423061e+01        -6.9959029046e-01
           116         9.0529823603e-06                           561         1.6909249936e+02        -6.9959030909e-01
           123         2.1508205606e-06                           107         2.3640505685e+01        -6.9959030742e-01
           120         3.4225139889e-06                           189         5.6397888701e+01        -6.9959217627e-01
           122         1.4857143457e-06                            99         4.2573186831e+01        -6.9959028810e-01
           137         2.5670345370e-06                           155         4.2329574869e+01        -6.9959030909e-01
           124         5.0172921288e-06                           295         6.6014246115e+01        -6.9959029046e-01
           141         1.9292342854e-06                           105         5.3467440262e+01        -6.9959028810e-01
           128         2.1393125982e-06                           137         2.3273350894e+01        -6.9959030742e-01
           130         1.1881699525e-05                           707         2.3490882392e+02        -6.9959030742e-01
           139         6.1730584792e-06                           361         9.0027356119e+01        -6.9959028810e-01
           132         2.4114652362e-06                           139         5.6462374071e+01        -6.9959030909e-01
           136         2.7062594746e-05                          1569         3.4957896238e+02        -6.9959030742e-01
           149         2.5798873914e-06                           133         7.1449413578e+01        -6.9959028810e-01
           143         2.3001466480e-06                           127         6.4782846881e+01        -6.9959028810e-01
           138         7.2727958632e-06                           427         1.3582541014e+02        -6.9959029046e-01
           153         5.2970756337e-06                           319         1.0661000473e+02        -6.9959029046e-01
           147         1.2327897157e-06                            75         4.0630124181e+01        -6.9959029046e-01
           142         2.4179129006e-07                            11         1.1324208998e+01        -6.9959029046e-01
           157         3.9928063508e-06                           225         7.7229686124e+01        -6.9959029046e-01
           151         8.9834774153e-06                           487         1.1746597438e+02        -6.9959029046e-01
           161         5.9378133737e-07                            41         2.2512127467e+01        -6.9959029046e-01
           148         9.1806693593e-07                            51         2.9778132486e+01        -6.9959028810e-01
           155         1.8529732879e-05                          1053         3.0539761636e+02        -6.9959030742e-01
           165         1.5038451108e-06                           101         5.1074533016e+01        -6.9959029046e-01
           159         5.6044607419e-06                           347         1.5240669508e+02        -6.9959029046e-01
           152         3.0822184975e-06                           185         6.1019283346e+01        -6.9959028810e-01
           169         6.6232735806e-06                           335         7.9046488011e+01        -6.9959029046e-01
           163         1.7223422812e-06                           103         2.8471063101e+01        -6.9959029046e-01
           156         7.9198993407e-06                           457         1.1543962964e+02        -6.9959029046e-01
           173         1.6126533311e-07                            15         1.6554767757e+01        -6.9959028810e-01
           154         6.5532393674e-06                           357         9.1452169736e+01        -6.9959029046e-01
           167         5.7897472978e-06                           341         9.7164542926e+01        -6.9959028810e-01
           177         9.6056887501e-06                           543         1.5197821062e+02        -6.9959028810e-01
           164         3.6985798415e-06                           165         4.9403591579e+01        -6.9959029046e-01
           158         3.9134424786e-06                           261         1.4363472569e+02        -6.9959028810e-01
           171         4.3806572499e-06                           231         6.6580241618e+01        -6.9959029046e-01
           181         3.4323181294e-06                           187         6.7271290350e+01        -6.9959029046e-01
           168         5.9828143998e-06                           325         8.9761212182e+01        -6.9959029046e-01
           162         3.2800746215e-06                           189         7.9565551732e+01        -6.9959029046e-01
           175         9.2582499243e-06                           521         1.1026151050e+02        -6.9959028810e-01
           185         1.1979247526e-05                           701         1.7554874206e+02        -6.9959028810e-01
           172         1.0267716849e-06                            53         3.5583766356e+01        -6.9959028810e-01
           166         3.3223476458e-05                          1829         4.4352949216e+02        -6.9959029046e-01
           179         2.0457734705e-05                          1181         3.6752467944e+02        -6.9959028810e-01
           189         1.7354571158e-05                           983         2.5468949232e+02        -6.9959030909e-01
           176         1.5694543881e-06                            89         2.6022544669e+01        -6.9959029046e-01
           170         2.3545647317e-06                           131         3.7151586669e+01        -6.9959030742e-01
           183         2.9236637697e-06                           151         3.0886394552e+01        -6.9959029046e-01
           193         5.2704388381e-06                           309         1.1263452876e+02        -6.9959029046e-01
           180         4.3573252853e-07                            33         2.1109026246e+01        -6.9959029046e-01
           187         1.4410550937e-06                            85         3.7354298138e+01        -6.9959029046e-01
           197         5.4993930248e-06                           331         1.0064314477e+02        -6.9959029046e-01
           184         4.6603638899e-06                           295         1.0665680265e+02        -6.9959028810e-01
           201         2.2983399054e-06                           165         8.9445113786e+01        -6.9959029046e-01
           195         1.1246802855e-05                           661         2.6600052041e+02        -6.9959029046e-01
           182         1.4722089677e-06                           117         5.3933154904e+01        -6.9959030909e-01
           188         4.1299322800e-06                           255         6.3478280793e+01        -6.9959028810e-01
           209         5.7242166107e-07                            43         3.3116791425e+01        -6.9959029046e-01
           199         1.0963548031e-05                           615         1.7935075710e+02        -6.9959029046e-01
           186         7.0560701178e-07                            43         2.7857797732e+01        -6.9959028810e-01
           192         1.0488919924e-05                           531         1.3274630994e+02        -6.9959029046e-01
           213         3.4158550707e-06                           197         6.2860018937e+01        -6.9959029046e-01
           203         8.6798965248e-07                            59         1.8225163154e+01        -6.9959030742e-01
           190         1.0215226597e-06                            47         1.9669189176e+01        -6.9959030742e-01
           217         1.7542646989e-05                           943         2.1568109520e+02        -6.9959030909e-01
           207         6.5980551744e-06                           367         6.8018680462e+01        -6.9959029046e-01
           200         4.4292474205e-06                           263         1.0148920553e+02        -6.9959028810e-01
           198         2.6382690470e-06                           167         7.3560213990e+01        -6.9959028810e-01
           211         7.4308394480e-06                           431         1.1795290973e+02        -6.9959028810e-01
           204         1.6654252453e-06                            89         3.2275189801e+01        -6.9959028810e-01
           225         1.3738988118e-06                            95         6.1010655923e+01        -6.9959028810e-01
           202         5.2049044296e-06                           303         1.1890677276e+02        -6.9959028810e-01
           215         7.5629753855e-06                           433         1.5507050779e+02        -6.9959028810e-01
           229         1.0911925356e-06                            79         3.8520794472e+01        -6.9959030909e-01
           208         8.4631269694e-06                           509         1.6092551581e+02        -6.9959029046e-01
           233         2.0616153872e-06                           125         5.0523765108e+01        -6.9959030742e-01
           219         2.4105136016e-06                           151         4.4690509588e+01        -6.9959029046e-01
           212         1.5110980388e-05                           883         2.7028343070e+02        -6.9959029046e-01
           210         9.2104824737e-06                           507         1.3990921444e+02        -6.9959029046e-01
           237         1.0977082100e-05                           633         1.9747984163e+02        -6.9959028810e-01
           223         9.3189916606e-07                            43         2.6702816789e+01        -6.9959029046e-01
           216         1.2881658899e-06                            81         3.7016746001e+01        -6.9959030742e-01
           214         3.4196280883e-06                           203         6.0670012960e+01        -6.9959029046e-01
           241         1.1003996767e-05                           559         1.5831265970e+02        -6.9959028810e-01
           227         7.5055484660e-07                            53         2.4231625317e+01        -6.9959030742e-01
           220         1.3411688057e-06                            83         2.0171160187e+01        -6.9959028810e-01
           218         1.9248512450e-06                            95         3.5606108788e+01        -6.9959028810e-01
           224         5.3504607342e-06                           267         6.4321379326e+01        -6.9959029046e-01
           231         1.5810580135e-05                           895         2.1785124797e+02        -6.9959029046e-01
           249         6.5114518483e-07                            37         2.0525067985e+01        -6.9959029046e-01
           222         2.8327845991e-06                           169         1.1017526834e+02        -6.9959028810e-01
           228         7.4310361074e-07                            57         2.1749740456e+01        -6.9959028810e-01
           235         1.1012486958e-05                           637         1.5145907480e+02        -6.9959029046e-01
           232         6.9965506983e-06                           395         8.9491878019e+01        -6.9959029046e-01
           257         8.7987395949e-06                           525         1.8885046892e+02        -6.9959030742e-01
           239         1.9780362702e-06                           137         6.3803408101e+01        -6.9959029046e-01
           230         3.7887224499e-06                           197         4.4184891392e+01        -6.9959030742e-01
           243         4.7785688054e-06                           271         9.0286748329e+01        -6.9959030742e-01
           234         3.2943453716e-05                          1819         4.1694836344e+02        -6.9959029046e-01
           247         1.2804950900e-05                           695         1.8612528400e+02        -6.9959029046e-01
           265         1.4075086513e-05                           745         1.5686227825e+02        -6.9959030742e-01
           240         1.4385172413e-05                           761         2.1150317613e+02        -6.9959028810e-01
           251         5.3046223488e-06                           305         8.7826609823e+01        -6.9959029046e-01
           238         1.0827996104e-05                           569         1.6799897966e+02        -6.9959029046e-01
           255         6.2366789374e-06                           333         9.6478776081e+01        -6.9959028810e-01
           248         3.2957129100e-06                           203         7.6595493991e+01        -6.9959028810e-01
           242         1.4102045343e-06                            97         4.5639393097e+01        -6.9959029046e-01
           273         3.9441559026e-06                           233         7.6224358197e+01        -6.9959029046e-01
           259         5.4108415123e-06                           311         8.6207713629e+01        -6.9959029046e-01
           252         1.9488549146e-06                           117         4.2041253667e+01        -6.9959029046e-01
           277         2.7011944016e-06                           155         4.0110229274e+01        -6.9959029046e-01
           263         3.7539923889e-06                           207         6.0225714344e+01        -6.9959029046e-01
           256         8.6709562632e-07                            51         2.0562334687e+01        -6.9959028810e-01
           267         1.6213023184e-06                           105         4.1713771266e+01        -6.9959029046e-01
           260         6.8756576198e-06                           369         9.4705278840e+01        -6.9959030742e-01
           285         6.7500132150e-06                           339         1.0578199861e+02        -6.9959030909e-01
           271         4.5598352432e-07                            23         1.2351657459e+01        -6.9959029046e-01
           289         2.1615929091e-06                           115         2.3480683399e+01        -6.9959028810e-01
           258         1.5327729493e-05                           875         1.9082182271e+02        -6.9959029046e-01
           293         1.0691504773e-05                           551         1.4559095637e+02        -6.9959028810e-01
           279         1.3437823264e-06                            77         2.2994376130e+01        -6.9959028810e-01
           272         4.6967120887e-06                           279         9.3491863872e+01        -6.9959028810e-01
           297         7.5184233394e-06                           443         1.2073531958e+02        -6.9959030742e-01
           283         7.2192305346e-06                           417         8.4009213836e+01        -6.9959028810e-01
           266         5.5170380381e-06                           295         6.1846259198e+01        -6.9959030909e-01
           301         3.6709106451e-06                           205         7.1979483131e+01        -6.9959028810e-01
           276         2.4379898300e-06                           149         5.2871644269e+01        -6.9959029046e-01
           287         7.9102278826e-06                           411         1.0881534889e+02        -6.9959029046e-01
           270         1.1848636730e-05                           675         1.3096636087e+02        -6.9959028810e-01
           305         1.3232813528e-05                           751         2.0267624820e+02        -6.9959030742e-01
           280         1.6112667639e-06                           111         6.2962337434e+01        -6.9959028810e-01
           291         1.2587725963e-05                           785         3.5064088211e+02        -6.9959028810e-01
           309         3.1720411338e-06                           155         4.9272772033e+01        -6.9959217627e-01
           284         2.6339283389e-05                          1489         4.6115726809e+02        -6.9959029046e-01
           278         3.5631318379e-06                           193         6.3104077272e+01        -6.9959029046e-01
           295         2.2429995283e-06                           109         2.5526164889e+01        -6.9959029046e-01
           288         1.0366431517e-05                           539         1.3330504482e+02        -6.9959028810e-01
           299         1.6820805664e-06                            95         3.0464232942e+01        -6.9959030909e-01
           317         1.1537813352e-05                           623         1.5395023901e+02        -6.9959030909e-01
           292         9.4100798757e-06                           501         9.6239565105e+01        -6.9959030909e-01
           286         2.1568137080e-05                          1289         3.4247048890e+02        -6.9959029046e-01
           296         1.0278252959e-06                            61         2.7183804121e+01        -6.9959029046e-01
           290         5.0415672674e-06                           305         8.2184454546e+01        -6.9959029046e-01
           300         3.0888599842e-06                           177         5.9810407648e+01        -6.9959028810e-01
           307         1.5216850675e-05                           795         2.1297044621e+02        -6.9959030909e-01
           329         2.0630777974e-06                           121         7.7614410948e+01        -6.9959029046e-01
           304         6.6149516998e-06                           361         1.0598873932e+02        -6.9959028810e-01
           311         4.2498501631e-06                           227         6.6823341741e+01        -6.9959028810e-01
           308         7.3406401554e-06                           391         1.1202568076e+02        -6.9959029046e-01
           315         1.8738413235e-06                           101         4.0637085697e+01        -6.9959029046e-01
           302         6.7673414769e-06                           389         9.5300774193e+01        -6.9959028810e-01
           312         3.3618759442e-06                           163         4.7054542937e+01        -6.9959029046e-01
           319         1.9705511526e-05                          1029         2.8418634223e+02        -6.9959029046e-01
           316         1.9539584615e-06                           115         2.2454441334e+01        -6.9959029046e-01
           341         2.1743670736e-06                           109         3.2195161624e+01        -6.9959217627e-01
           323         1.8190538612e-05                          1003         2.5684650239e+02        -6.9959028810e-01
           320         1.7891669241e-06                           103         2.6525796518e+01        -6.9959029046e-01
           310         1.7478663411e-05                           931         2.4656832190e+02        -6.9959030742e-01
           327         1.1090274502e-05                           577         1.5683367729e+02        -6.9959028810e-01
           324         8.6162443063e-07                            65         5.0578545646e+01        -6.9959028810e-01
           331         1.7989893421e-06                            99         3.1225202131e+01        -6.9959028810e-01
           314         2.7731544281e-06                           177         9.8316924249e+01        -6.9959030909e-01
           353         4.2599001697e-06                           271         9.8898791367e+01        -6.9959028810e-01
           328         2.5210498569e-06                           153         4.7919504643e+01        -6.9959030909e-01
           335         6.7199876781e-06                           375         1.1450247000e+02        -6.9959029046e-01
           357         1.7737541366e-06                           119         5.8035346990e+01        -6.9959029046e-01
           318         2.5331612577e-06                           155         6.0674653445e+01        -6.9959028810e-01
           332         6.6276816629e-06                           387         1.4925462751e+02        -6.9959028810e-01
           361         1.2251227273e-05                           707         2.5924685307e+02        -6.9959028810e-01
           339         1.6787742863e-05                           939         2.1770008351e+02        -6.9959029046e-01
           322         7.4579885196e-06                           451         1.5479310971e+02        -6.9959029046e-01
           336         4.3738685972e-06                           247         5.7373954768e+01        -6.9959029046e-01
           343         1.4312114668e-05                           823         2.0582703322e+02        -6.9959029046e-01
           326         5.2701517900e-06                           305         5.5978978356e+01        -6.9959030909e-01
           347         4.5502451948e-06                           263         8.0015442659e+01        -6.9959029046e-01
           330         1.4752970289e-05                           827         2.2101476875e+02        -6.9959028810e-01
           373         3.2765476217e-06                           203         7.6129238959e+01        -6.9959028810e-01
           344         8.0611280236e-06                           437         1.2420103384e+02        -6.9959028810e-01
           334         3.4942741622e-06                           197         5.7451478207e+01        -6.9959029046e-01
           377         2.0574812871e-05                          1151         2.9937048052e+02        -6.9959029046e-01
           355         1.6429685661e-06                            93         2.7265539723e+01        -6.9959029046e-01
           381         1.4226814766e-05                           769         1.4313990315e+02        -6.9959030909e-01
           338         2.6074057335e-06                           171         5.2291188132e+01        -6.9959029046e-01
           385         7.0238020642e-06                           425         1.1727164794e+02        -6.9959030742e-01
           359         1.8356984045e-06                           109         2.8742067464e+01        -6.9959028810e-01
           342         5.7794537450e-06                           363         7.9832265395e+01        -6.9959028810e-01
           363         1.0620217041e-05                           593         1.8980323763e+02        -6.9959030909e-01
           356         1.0178928888e-05                           597         1.4144628351e+02        -6.9959029046e-01
           346         3.0451720348e-07                            15         1.0800621816e+01        -6.9959028810e-01
           393         1.3559698969e-06                            75         2.5097375911e+01        -6.9959217627e-01
           360         1.6633583686e-05                           917         2.2168263383e+02        -6.9959029046e-01
           350         2.3680591938e-06                           153         6.2227594535e+01        -6.9959028810e-01
           397         2.7966894009e-06                           159         4.8613575258e+01        -6.9959030742e-01
           371         4.2936172953e-07                            29         1.6615691687e+01        -6.9959029046e-01
           354         3.6947352678e-06                           211         4.1465811643e+01        -6.9959029046e-01
           364         9.0184004966e-07                            43         1.7594596494e+01        -6.9959028810e-01
           401         2.4972469122e-06                           149         4.1577375295e+01        -6.9959029046e-01
           375         4.9319426321e-06                           277         8.0474524562e+01        -6.9959029046e-01
           368         8.8509434816e-06                           483         1.4351365358e+02        -6.9959028810e-01
           405         5.4406900599e-06                           375         1.9841233593e+02        -6.9959028810e-01
           362         9.7070437875e-06                           527         1.4055813516e+02        -6.9959029046e-01
           379         4.1722001309e-06                           255         1.0679432086e+02        -6.9959030742e-01
           372         6.6474135198e-06                           401         1.3067502479e+02        -6.9959030742e-01
           366         2.5188019940e-06                           183         8.9577122024e+01        -6.9959030742e-01
           383         5.8258196396e-06                           327         1.3131137568e+02        -6.9959028810e-01
           376         5.1336387321e-06                           273         5.1124802077e+01        -6.9959028810e-01
           370         1.5234628900e-05                           815         2.0832305672e+02        -6.9959029046e-01
           387         9.3727602910e-06                           517         1.2374445872e+02        -6.9959030742e-01
           380         1.0168117835e-06                            59         2.7071814281e+01        -6.9959029046e-01
           374         5.5994911752e-06                           317         1.1051113318e+02        -6.9959030742e-01
           391         1.6434309562e-06                            85         2.7146708807e+01        -6.9959028810e-01
           421         5.0256235002e-06                           321         9.2485288572e+01        -6.9959028810e-01
           378         1.7221717654e-06                            99         3.0455802979e+01        -6.9959029046e-01
           384         1.1366110324e-06                            85         4.3617074984e+01        -6.9959028810e-01
           425         6.7017169527e-06                           365         7.0695613189e+01        -6.9959029046e-01
           382         1.7643710360e-06                            97         2.0413577786e+01        -6.9959028810e-01
           388         1.1641024397e-06                            77         4.2861922119e+01        -6.9959028810e-01
           399         2.9144485113e-05                          1663         5.0985978342e+02        -6.9959028810e-01
           386         9.8713568134e-07                            51         1.9823096836e+01        -6.9959029046e-01
           392         1.8605626720e-05                          1013         2.8012418428e+02        -6.9959028810e-01
           403         2.7602239146e-06                           209         9.9691522624e+01        -6.9959029046e-01
           433         4.4340727959e-06                           255         7.1362265609e+01        -6.9959030909e-01
           396         6.4491193501e-06                           323         6.6877496187e+01        -6.9959028810e-01
           437         1.7223848899e-06                           111         4.7980235462e+01        -6.9959030742e-01
           394         7.7350328944e-06                           411         1.0121298097e+02        -6.9959030742e-01
           400         2.5399590882e-05                          1447         4.0751822753e+02        -6.9959030742e-01
           441         2.6451710429e-07                            21         1.8704122605e+01        -6.9959030909e-01
           411         6.7917940374e-07                            39         2.8791263789e+01        -6.9959028810e-01
           398         4.9162005171e-06                           277         9.1193151321e+01        -6.9959028810e-01
           404         1.5510857657e-05                           873         2.0763654017e+02        -6.9959029046e-01
           445         2.0933265101e-06                           139         6.0303724929e+01        -6.9959029046e-01
           415         2.5251597214e-06                           153         3.8613483769e+01        -6.9959030742e-01
           402         9.3800027485e-06                           533         1.3690807801e+02        -6.9959028810e-01
           408         5.9222994407e-07                            37         2.7719150460e+01        -6.9959030742e-01
           449         4.7108674572e-06                           273         1.0749954043e+02        -6.9959030742e-01
           406         2.7432416154e-06                           151         5.0505690681e+01        -6.9959029046e-01
           412         3.2112546939e-06                           195         5.2041071838e+01        -6.9959028810e-01
           453         3.2041991176e-06                           173         5.2148947422e+01        -6.9959030909e-01
           410         2.5358885754e-06                           149         4.8846336518e+01        -6.9959029046e-01
           457         9.2558019811e-06                           513         1.6848615101e+02        -6.9959028810e-01
           416         2.1809338569e-05                          1205         2.7044461630e+02        -6.9959030742e-01
           461         4.1445476917e-07                            23         1.9869107129e+01        -6.9959028810e-01
           427         5.5187852019e-06                           305         6.3250622772e+01        -6.9959028810e-01
           418         8.9700163101e-06                           499         1.0568232306e+02        -6.9959030742e-01
           424         3.0329682942e-06                           171         6.8845489311e+01        -6.9959028810e-01
           465         1.5985922523e-06                            83         2.9418341206e+01        -6.9959030742e-01
           431         1.0232286776e-05                           555         1.2687460173e+02        -6.9959029046e-01
           422         6.2006012440e-06                           365         1.2176339435e+02        -6.9959029046e-01
           428         6.0297616007e-07                            57         4.8225461959e+01        -6.9959028810e-01
           473         1.2180619100e-06                            85         4.5936325865e+01        -6.9959029046e-01
           426         3.5528843396e-06                           201         6.7628179254e+01        -6.9959028810e-01
           439         9.1346697740e-06                           529         1.3433331806e+02        -6.9959030909e-01
           432         2.1296922157e-06                            95         2.4238839620e+01        -6.9959217627e-01
           477         5.1571510519e-06                           293         8.0421078643e+01        -6.9959030909e-01
           443         1.6697333456e-05                           883         2.0011822008e+02        -6.9959028810e-01
           481         1.4170770298e-05                           783         1.8956026755e+02        -6.9959029046e-01
           430         3.8173367507e-06                           251         8.8288226518e+01        -6.9959028810e-01
           447         2.9565224450e-06                           175         6.2717650938e+01        -6.9959029046e-01
           434         9.1137527430e-06                           503         1.5545681740e+02        -6.9959028810e-01
           451         2.3139337060e-06                           131         3.5484702519e+01        -6.9959030742e-01
           438         1.6021880867e-06                            93         3.8442323128e+01        -6.9959028810e-01
           489         4.7821329471e-06                           249         9.9793919071e+01        -6.9959030909e-01
           444         1.2941839112e-05                           689         1.3744469549e+02        -6.9959029046e-01
           455         3.5240920049e-07                            15         1.3880287324e+01        -6.9959028810e-01
           493         2.0705455229e-06                           113         3.6275102255e+01        -6.9959029046e-01
           448         2.4950143676e-06                           135         3.8661977818e+01        -6.9959029046e-01
           459         1.2411312318e-05                           729         2.5279448758e+02        -6.9959029046e-01
           497         3.8736773511e-06                           239         9.0605262271e+01        -6.9959029046e-01
           446         2.1585912234e-06                           123         4.5716766611e+01        -6.9959028810e-01
           452         1.1489488984e-05                           665         1.5607816718e+02        -6.9959030742e-01
           501         2.3478327085e-06                           119         4.0273842495e+01        -6.9959029046e-01
           450         3.2874667697e-06                           203         8.9322589141e+01        -6.9959028810e-01
           467         4.6613053041e-06                           303         8.2607336450e+01        -6.9959028810e-01
           505         5.1984879600e-06                           261         6.7724758552e+01        -6.9959029046e-01
           454         8.4201469733e-06                           493         1.4338186314e+02        -6.9959028810e-01
           471         3.2437668281e-06                           195         6.9446438404e+01        -6.9959029046e-01
           460         4.7038627979e-07                            33         2.2750459927e+01        -6.9959030742e-01
           509         1.2556176948e-05                           737         1.9348148202e+02        -6.9959029046e-01
           458         5.2973314278e-06                           283         8.9280244017e+01        -6.9959030909e-01
           464         6.0071191502e-06                           361         1.0051802235e+02        -6.9959029046e-01
           513         3.2025089973e-06                           183         3.9759554490e+01        -6.9959030742e-01
           468         6.3100156405e-06                           369         1.1718053766e+02        -6.9959028810e-01
           517         6.8171657953e-06                           401         1.6333292678e+02        -6.9959029046e-01
           466         1.5545393192e-06                           111         5.7241509728e+01        -6.9959030909e-01
           521         9.7417948625e-06                           533         1.0240808973e+02        -6.9959028810e-01
           483         4.6547076491e-06                           243         5.1939657155e+01        -6.9959029046e-01
           470         6.0513166464e-06                           359         1.1515932063e+02        -6.9959028810e-01
           525         2.1416606134e-06                           111         5.0296597221e+01        -6.9959028810e-01
           487         3.7350591510e-06                           221         1.0146683588e+02        -6.9959030909e-01
           476         1.7994245851e-05                           983         2.0593706620e+02        -6.9959030742e-01
           474         2.9230392001e-06                           159         5.1656312756e+01        -6.9959029046e-01
           529         1.2173048256e-06                            55         2.5672809496e+01        -6.9959028810e-01
           491         4.8900090287e-06                           293         1.1182031625e+02        -6.9959029046e-01
           533         1.4815204688e-06                            89         3.2502211546e+01        -6.9959030742e-01
           495         3.7624880021e-06                           229         6.1183673223e+01        -6.9959029046e-01
           537         9.6302545069e-06                           535         1.5080648977e+02        -6.9959028810e-01
           541         9.3792224863e-06                           529         1.5664380064e+02        -6.9959030909e-01
           499         4.3129171410e-06                           245         7.0051125568e+01        -6.9959030742e-01
           488         1.3614776723e-06                            87         2.8398302536e+01        -6.9959030742e-01
           545         3.5096869852e-06                           235         1.0754453581e+02        -6.9959028810e-01
           486         4.7176676697e-06                           241         5.5138064305e+01        -6.9959028810e-01
           492         9.5983719996e-06                           543         1.5170982367e+02        -6.9959029046e-01
           549         4.4596390594e-06                           239         5.7526003296e+01        -6.9959028810e-01
           496         1.2607439382e-05                           709         2.5638066050e+02        -6.9959028810e-01
           553         9.4688587700e-06                           543         1.3994659091e+02        -6.9959029046e-01
           500         3.5441920156e-06                           217         5.1320482229e+01        -6.9959028810e-01
           557         9.5930308989e-06                           511         1.8888186689e+02        -6.9959030909e-01
           515         5.5295027968e-07                            39         2.0950039760e+01        -6.9959029046e-01
           498         9.6253493612e-07                            65         3.3780768837e+01        -6.9959028810e-01
           504         7.3239558098e-06                           399         1.1349859874e+02        -6.9959030909e-01
           561         5.6057520803e-06                           341         7.6259050199e+01        -6.9959029046e-01
           519         3.1819251471e-06                           199         8.2775886358e+01        -6.9959028810e-01
           502         2.7842561837e-06                           157         3.9691997864e+01        -6.9959028810e-01
           508         8.2417588668e-07                            51         2.4797007836e+01        -6.9959028810e-01
           506         1.4957876626e-05                           853         2.8858644583e+02        -6.9959028810e-01
           569         2.9987175327e-06                           189         6.7654941059e+01        -6.9959028810e-01
           512         1.7463659139e-05                           989         2.9668598335e+02        -6.9959030742e-01
           527         1.1291435376e-05                           631         1.4921690673e+02        -6.9959028810e-01
           573         6.2881610546e-07                            59         4.6090068082e+01        -6.9959030909e-01
           514         9.7133169827e-06                           527         1.0810288956e+02        -6.9959029046e-01
           520         1.0053302031e-05                           549         1.3390238377e+02        -6.9959029046e-01
           535         2.4073523198e-06                           145         3.5535581572e+01        -6.9959029046e-01
           518         3.0533231707e-06                           161         3.8358679347e+01        -6.9959028810e-01
           581         5.1564936361e-06                           275         8.6475159036e+01        -6.9959029046e-01
           539         7.2659360192e-06                           423         1.1581171195e+02        -6.9959028810e-01
           522         1.3027071444e-05                           687         1.5262892649e+02        -6.9959030742e-01
           585         1.4363017943e-06                            95         3.4425551548e+01        -6.9959028810e-01
           543         9.9709146837e-06                           547         9.4382291278e+01        -6.9959029046e-01
           526         4.5610859634e-06                           267         7.6377841669e+01        -6.9959028810e-01
           589         3.1693045893e-05                          1727         4.7842885621e+02        -6.9959029046e-01
           530         8.8659182954e-06                           485         1.4489662404e+02        -6.9959029046e-01
           593         2.5151960318e-06                           125         3.8971098662e+01        -6.9959029046e-01
           534         6.5553542287e-06                           359         7.1139020265e+01        -6.9959028810e-01
           540         8.5811101470e-06                           479         1.0196017072e+02        -6.9959028810e-01
           597         7.6160307470e-06                           427         1.5121075133e+02        -6.9959028810e-01
           555         2.3961832789e-06                           115         5.4234479497e+01        -6.9959217627e-01
           544         2.1996101658e-06                           109         4.8956376991e+01        -6.9959029046e-01
           601         1.9927629501e-05                          1097         2.6990318518e+02        -6.9959028810e-01
           559         5.0320247029e-06                           263         6.3786175784e+01        -6.9959029046e-01
           548         3.9216886065e-06                           239         6.2747644736e+01        -6.9959030742e-01
           542         5.9442949712e-06                           329         8.0981921975e+01        -6.9959029046e-01
           605         1.7390237458e-06                           105         2.7402619593e+01        -6.9959028810e-01
           563         9.0220100795e-06                           559         1.2933490057e+02        -6.9959030742e-01
           552         1.7656944923e-06                            89         2.4958260253e+01        -6.9959028810e-01
           546         6.5650299484e-06                           349         1.1261319520e+02        -6.9959028810e-01
           567         1.7187546045e-06                           127         5.6135924159e+01        -6.9959028810e-01
           550         7.7675998222e-06                           413         1.1142580939e+02        -6.9959028810e-01
           560         3.0625542029e-06                           177         3.8239730963e+01        -6.9959030909e-01
           571         2.1131219818e-05                          1229         4.0195679210e+02        -6.9959028810e-01
           554         4.2753251859e-06                           247         9.3474572888e+01        -6.9959028810e-01
           575         7.3095719469e-06                           451         1.4123860623e+02        -6.9959028810e-01
           621         1.6310262074e-06                           127         6.6351814719e+01        -6.9959029046e-01
           568         1.1117121355e-05                           641         1.3161050291e+02        -6.9959030909e-01
           625         2.4910186411e-07                            27         1.9864909042e+01        -6.9959029046e-01
           583         8.5108840227e-06                           491         1.4563160426e+02        -6.9959030909e-01
           572         5.3890182029e-06                           317         6.3436092646e+01        -6.9959029046e-01
           566         1.9681221812e-06                           117         4.2129616713e+01        -6.9959028810e-01
           629         1.1187708387e-05                           659         1.9312783666e+02        -6.9959028810e-01
           587         6.6954020863e-06                           385         1.2582516872e+02        -6.9959029046e-01
           576         1.1477162712e-05                           649         1.9421968057e+02        -6.9959029046e-01
           570         2.4065753907e-06                           129         3.0120339876e+01        -6.9959029046e-01
           633         4.7193991042e-07                            25         1.6683804760e+01        -6.9959030742e-01
           591         2.2642232015e-05                          1295         2.5883015437e+02        -6.9959030909e-01
           574         8.9533406704e-07                            57         1.6525147977e+01        -6.9959028810e-01
           637         9.0691654738e-06                           449         1.2667459501e+02        -6.9959029046e-01
           595         1.3801831190e-06                            73         2.4928057164e+01        -6.9959030742e-01
           584         1.2831982699e-05                           739         2.2982100532e+02        -6.9959028810e-01
           578         5.7877917829e-06                           325         7.8071404770e+01        -6.9959029046e-01
           641         8.2701913532e-06                           457         1.4321318860e+02        -6.9959028810e-01
           599         2.3929091877e-06                           153         8.4847625998e+01        -6.9959030909e-01
           588         7.4532317601e-06                           463         1.3419306818e+02        -6.9959030742e-01
           582         8.3419539170e-07                            71         5.0991805384e+01        -6.9959029046e-01
           645         1.6449851260e-05                           933         2.0260241826e+02        -6.9959028810e-01
           603         1.1661292817e-05                           669         2.1433111604e+02        -6.9959028810e-01
           592         3.3794722996e-06                           183         6.3059383299e+01        -6.9959029046e-01
           586         1.5080644390e-06                            89         5.4287498536e+01        -6.9959028810e-01
           607         1.4401094873e-06                            99         5.3519824495e+01        -6.9959028810e-01
           596         3.2030442998e-06                           179         3.5571090613e+01        -6.9959028810e-01
           653         2.4604955336e-06                           147         5.0237262034e+01        -6.9959029046e-01
           611         5.6461656210e-06                           337         1.0553291951e+02        -6.9959029046e-01
           590         4.2396595748e-06                           239         6.4847146589e+01        -6.9959029046e-01
           600         8.3215234737e-06                           499         1.3715236364e+02        -6.9959030742e-01
           615         1.1814223092e-06                            75         1.7251579578e+01        -6.9959029046e-01
           594         3.9204147175e-06                           271         1.2792536813e+02        -6.9959028810e-01
           661         1.2770012566e-06                            77         3.9287412636e+01        -6.9959030742e-01
           598         2.5795863193e-05                          1451         3.9976287369e+02        -6.9959028810e-01
           665         7.6820274473e-07                            45         2.5756739170e+01        -6.9959029046e-01
           623         7.0445225624e-06                           391         9.1540528354e+01        -6.9959030909e-01
           608         1.1955880524e-06                            81         2.9146648080e+01        -6.9959028810e-01
           669         9.1031060483e-06                           513         2.0372203449e+02        -6.9959029046e-01
           606         3.2763905200e-06                           233         1.1889023598e+02        -6.9959030742e-01
           612         3.2993926218e-06                           173         5.8528584121e+01        -6.9959029046e-01
           627         1.2801683539e-06                            63         2.3471729790e+01        -6.9959029046e-01
           673         2.1328850632e-06                           123         4.6902358999e+01        -6.9959030742e-01
           610         5.0124928851e-06                           285         1.1175958090e+02        -6.9959029046e-01
           616         3.2352566998e-06                           171         4.4350173217e+01        -6.9959030742e-01
           631         3.4627695431e-06                           181         6.3870830016e+01        -6.9959028810e-01
           677         5.2772752290e-06                           307         6.4251137386e+01        -6.9959030742e-01
           635         2.8991701071e-06                           179         3.9265530282e+01        -6.9959028810e-01
           681         3.0435485202e-06                           203         6.9042753202e+01        -6.9959028810e-01
           624         1.0769171875e-05                           661         2.2162656841e+02        -6.9959029046e-01
           685         2.3919751329e-06                           147         5.4404865335e+01        -6.9959028810e-01
           628         1.4646086929e-05                           843         2.2021988657e+02        -6.9959028810e-01
           622         9.5877882665e-07                            55         2.5228296866e+01        -6.9959028810e-01
           647         9.1116543642e-07                            69         4.6777618857e+01        -6.9959030909e-01
           632         8.2733222978e-07                            55         3.9038556103e+01        -6.9959028810e-01
           693         2.3366808965e-06                           107         3.4010924773e+01        -6.9959028810e-01
           626         1.2149374210e-05                           617         1.7124959179e+02        -6.9959029046e-01
           651         3.3962213519e-06                           173         4.8850938894e+01        -6.9959028810e-01
           636         4.2782078345e-06                           253         8.5402720951e+01        -6.9959029046e-01
           630         8.6247781132e-07                            69         3.4081033813e+01        -6.9959030742e-01
           655         2.8744198788e-06                           187         4.2114667880e+01        -6.9959030742e-01
           634         3.7521541526e-06                           253         9.9904827551e+01        -6.9959028810e-01
           640         5.3815936825e-06                           251         7.9894869871e+01        -6.9959030742e-01
           659         1.3363951502e-05                           817         2.2708619923e+02        -6.9959028810e-01
           705         7.3132918716e-07                            39         2.9582584457e+01        -6.9959030742e-01
           644         2.7957930010e-06                           167         4.2508152533e+01        -6.9959028810e-01
           638         4.0762042458e-05                          2253         5.4457890439e+02        -6.9959029046e-01
           663         4.4435704411e-06                           233         5.7497556052e+01        -6.9959030909e-01
           709         7.9223555844e-06                           429         1.0233831036e+02        -6.9959028810e-01
           648         3.1071085479e-06                           199         8.3595468917e+01        -6.9959028810e-01
           642         6.6236308329e-07                            35         2.3352690051e+01        -6.9959029046e-01
           667         2.7851724166e-06                           163         5.4931069617e+01        -6.9959029046e-01
           713         5.0691932247e-06                           283         1.0863961419e+02        -6.9959028810e-01
           652         4.5390345463e-05                          2485         4.8076045117e+02        -6.9959029046e-01
           646         3.2601294693e-06                           185         4.9434257677e+01        -6.9959028810e-01
           717         9.9701007046e-07                            57         1.6254458684e+01        -6.9959030909e-01
           656         3.6953806534e-06                           219         7.3123257943e+01        -6.9959029046e-01
           650         2.0330406758e-06                           107         2.2962920554e+01        -6.9959028810e-01
           721         6.0997240262e-06                           373         9.3423196344e+01        -6.9959028810e-01
           660         7.9094979541e-06                           467         1.6741869399e+02        -6.9959029046e-01
           675         1.2740376924e-05                           725         1.7614612954e+02        -6.9959029046e-01
           654         1.9385110595e-05                          1139         3.4648380436e+02        -6.9959029046e-01
           725         6.1070837384e-06                           347         1.1850638270e+02        -6.9959028810e-01
           679         5.2679102944e-06                           299         6.6142351940e+01        -6.9959029046e-01
           658         1.1716057869e-06                            73         3.1368315648e+01        -6.9959028810e-01
           664         7.7008690423e-07                            69         4.6399718505e+01        -6.9959029046e-01
           729         6.9739993574e-07                            47         2.5866415185e+01        -6.9959028810e-01
           683         1.8905461571e-06                           101         2.7162189465e+01        -6.9959028810e-01
           733         1.3468407197e-06                            67         2.3531049434e+01        -6.9959030742e-01
           668         6.8063081227e-06                           391         9.0207052034e+01        -6.9959029046e-01
           687         5.5485295437e-06                           305         8.4847900446e+01        -6.9959029046e-01
           666         5.5462512976e-06                           315         1.2027916647e+02        -6.9959029046e-01
           737         1.1500768746e-06                            59         2.7872530934e+01        -6.9959030742e-01
           691         8.1385132949e-06                           447         9.2562323498e+01        -6.9959030742e-01
           670         3.5641964071e-06                           197         9.7918112202e+01        -6.9959028810e-01
           695         8.1167554632e-06                           461         1.5956555161e+02        -6.9959028810e-01
           680         7.9328458251e-06                           459         1.4916161720e+02        -6.9959029046e-01
           674         8.2271055465e-06                           449         1.4299687708e+02        -6.9959029046e-01
           699         2.3386871679e-06                           133         4.2834495674e+01        -6.9959029046e-01
           678         9.5190238118e-06                           527         1.3246538266e+02        -6.9959028810e-01
           749         3.7612521232e-06                           229         8.3909346489e+01        -6.9959028810e-01
           703         4.6400178484e-06                           275         1.1541947320e+02        -6.9959029046e-01
           682         5.2413860112e-07                            23         1.5146075155e+01        -6.9959029046e-01
           688         5.7412108923e-06                           309         8.4684142036e+01        -6.9959028810e-01
           753         4.1325689800e-06                           219         5.7907358041e+01        -6.9959028810e-01
           707         6.1670247082e-06                           327         7.3888332926e+01        -6.9959028810e-01
           686         2.7038304896e-06                           135         4.2043893165e+01        -6.9959029046e-01
           692         3.6160501941e-06                           177         6.6391408581e+01        -6.9959029046e-01
           690         1.0005242857e-05                           543         1.3228363644e+02        -6.9959029046e-01
           761         6.9414188554e-07                            55         4.1332109375e+01        -6.9959030909e-01
           694         2.3005551918e-05                          1269         2.9234366374e+02        -6.9959028810e-01
           715         1.3432066640e-05                           745         1.7079234296e+02        -6.9959029046e-01
           698         7.3752752929e-06                           415         1.0771100459e+02        -6.9959029046e-01
           719         1.6255364670e-06                            95         3.9601197976e+01        -6.9959029046e-01
           769         9.8375470431e-07                            65         1.5838398739e+01        -6.9959217627e-01
           723         2.3089437815e-06                           123         3.4138230648e+01        -6.9959030742e-01
           704         2.7301874066e-06                           175         5.4205275081e+01        -6.9959028810e-01
           702         1.8228566871e-06                            95         2.5452389578e+01        -6.9959030742e-01
           727         2.6336287527e-06                           163         9.4676492178e+01        -6.9959029046e-01
           708         2.1169045781e-06                           119         3.2757964687e+01        -6.9959028810e-01
           706         1.0116719452e-07                            13         1.1085974125e+01        -6.9959029046e-01
           777         5.6943163640e-06                           339         1.1979005330e+02        -6.9959028810e-01
           712         1.1931447011e-06                            69         3.3674597786e+01        -6.9959029046e-01
           731         1.9412883586e-05                          1031         2.3440485635e+02        -6.9959030909e-01
           710         2.4196506781e-06                           131         4.2272037001e+01        -6.9959029046e-01
           716         3.7046564582e-06                           233         8.1562866356e+01        -6.9959029046e-01
           781         1.0849217392e-06                            59         2.1873513907e+01        -6.9959030742e-01
           735         2.5001299469e-05                          1313         2.6934455002e+02        -6.9959029046e-01
           714         6.0854065384e-07                            33         1.7516078181e+01        -6.9959028810e-01
           785         1.2231948692e-06                            67         3.1362034845e+01        -6.9959030742e-01
           739         1.3556663146e-05                           821         2.7749424413e+02        -6.9959029046e-01
           718         6.1151796816e-07                            41         2.9138147342e+01        -6.9959029046e-01
           743         9.2901246305e-06                           511         1.5678321779e+02        -6.9959029046e-01
           722         2.0262680981e-05                          1125         2.8002174835e+02        -6.9959217627e-01
           726         1.0779576758e-06                            43         1.7701820131e+01        -6.9959030909e-01
           747         1.6710057185e-06                            93         3.1196660590e+01        -6.9959029046e-01
           732         2.5670491455e-06                           147         6.1199598597e+01        -6.9959029046e-01
           730         8.8466304294e-07                            63         3.4906686894e+01        -6.9959028810e-01
           801         3.4868801345e-06                           193         4.2564779545e+01        -6.9959030742e-01
           734         1.1839767646e-06                            67         3.1601450289e+01        -6.9959028810e-01
           805         1.4671068504e-05                           811         2.0742127035e+02        -6.9959029046e-01
           759         1.5122928042e-05                           865         2.9826001794e+02        -6.9959029046e-01
           738         7.5008699724e-06                           421         1.3703188436e+02        -6.9959030742e-01
           809         2.3511478780e-05                          1289         3.0772755170e+02        -6.9959028810e-01
           744         9.0656270571e-06                           541         1.4563404134e+02        -6.9959029046e-01
           763         2.8627130418e-06                           157         4.3549226273e+01        -6.9959029046e-01
           742         2.0282746266e-05                          1125         2.9113802141e+02        -6.9959028810e-01
           813         1.6839996129e-05                           969         2.3655325937e+02        -6.9959029046e-01
           767         1.3127882571e-05                           691         1.3351131728e+02        -6.9959030742e-01
           817         2.9106983724e-06                           163         5.4808020977e+01        -6.9959028810e-01
           821         1.6582190628e-06                            85         3.1749902224e+01        -6.9959029046e-01
           750         4.3645191220e-06                           249         9.2567886699e+01        -6.9959030742e-01
           756         1.8137628923e-05                          1019         2.3565458741e+02        -6.9959029046e-01
           775         5.3240014267e-06                           311         1.0962739006e+02        -6.9959029046e-01
           825         2.8183543229e-07                            25         1.1611814200e+01        -6.9959029046e-01
           760         1.2067891027e-06                            71         3.0088093421e+01        -6.9959029046e-01
           779         2.3250737845e-06                           135         3.6509657007e+01        -6.9959028810e-01
           758         1.5410128256e-05                           853         1.8533370001e+02        -6.9959028810e-01
           764         1.7172621718e-06                           127         7.6683929369e+01        -6.9959029046e-01
           783         5.5170866786e-07                            45         1.7069065386e+01        -6.9959028810e-01
           762         3.6558338816e-06                           207         8.0024267019e+01        -6.9959030909e-01
           768         1.8252782188e-05                          1039         3.1927758558e+02        -6.9959028810e-01
           787         2.3870524246e-06                           125         4.2761589788e+01        -6.9959030742e-01
           837         1.3832772267e-05                           759         1.9755629164e+02        -6.9959028810e-01
           772         1.3512986469e-06                            81         3.6043279507e+01        -6.9959028810e-01
           791         1.4600761309e-06                            77         2.6641597860e+01        -6.9959028810e-01
           841         3.5162967915e-06                           185         7.6056160076e+01        -6.9959029046e-01
           770         4.1717906532e-06                           245         7.0445606858e+01        -6.9959029046e-01
           776         2.2289428080e-06                           129         6.4884689048e+01        -6.9959030909e-01
           795         8.7039109331e-06                           501         1.6242657819e+02        -6.9959029046e-01
           845         6.9511439374e-07                            45         2.6491831095e+01        -6.9959028810e-01
           774         1.9200174879e-05                          1073         2.7072159363e+02        -6.9959030742e-01
           780         9.4533240485e-06                           521         1.3499380971e+02        -6.9959029046e-01
           799         4.2544236187e-06                           237         7.4125452160e+01        -6.9959029046e-01
           849         4.6961557897e-06                           265         6.9019877597e+01        -6.9959028810e-01
           784         7.9260049392e-07                            45         1.2906221313e+01        -6.9959029046e-01
           853         2.7576406541e-06                           155         6.2829758323e+01        -6.9959030742e-01
           782         6.1254880968e-06                           337         9.6626368627e+01        -6.9959029046e-01
           807         6.3040720453e-07                            35         2.0194109605e+01        -6.9959030742e-01
           857         2.5545742656e-05                          1417         4.0490375333e+02        -6.9959030909e-01
           786         5.7700241587e-06                           293         8.1997145165e+01        -6.9959030909e-01
           811         6.9642664678e-06                           405         1.3335377093e+02        -6.9959030742e-01
           792         1.1955338789e-06                            61         3.9070186493e+01        -6.9959029046e-01
           790         1.2369505055e-05                           691         1.8037774377e+02        -6.9959028810e-01
           815         1.8550297387e-06                           115         4.4919141194e+01        -6.9959029046e-01
           796         1.2030200209e-05                           681         1.5233426738e+02        -6.9959028810e-01
           865         5.1261157728e-06                           297         7.1004577158e+01        -6.9959030742e-01
           794         5.7521112058e-07                            39         2.2293296159e+01        -6.9959029046e-01
           800         2.5441978265e-06                           159         8.5695254007e+01        -6.9959029046e-01
           819         1.6287947468e-05                           903         2.0708629801e+02        -6.9959030742e-01
           869         4.6419826590e-06                           253         6.6769648098e+01        -6.9959030909e-01
           798         1.9227047368e-06                           121         4.7226792261e+01        -6.9959029046e-01
           873         1.0349172831e-06                            67         3.5517376422e+01        -6.9959028810e-01
           804         1.7018348353e-05                           975         2.5100291250e+02        -6.9959028810e-01
           802         1.0137834263e-05                           621         1.5950757122e+02        -6.9959028810e-01
           808         5.0876443308e-06                           275         7.8658750227e+01        -6.9959028810e-01
           806         7.3355125852e-06                           439         1.1879770475e+02        -6.9959030909e-01
           823         1.3770459908e-05                           827         2.4389614723e+02        -6.9959028810e-01
           812         8.8290589475e-06                           465         1.3012811454e+02        -6.9959030742e-01
           810         3.4884531157e-06                           205         6.0202320936e+01        -6.9959029046e-01
           827         1.6684574737e-06                           123         4.5890693092e+01        -6.9959028810e-01
           816         4.3388644739e-07                            39         3.0367841461e+01        -6.9959028810e-01
           814         2.8956387866e-06                           157         5.2608720347e+01        -6.9959028810e-01
           831         3.4306442473e-06                           185         4.5057878749e+01        -6.9959028810e-01
           820         7.8268436333e-06                           425         1.1217877950e+02        -6.9959028810e-01
           818         1.6051343663e-06                            99         4.1280769138e+01        -6.9959030742e-01
           835         3.8792816965e-06                           245         1.0257475964e+02        -6.9959028810e-01
           893         1.4450723088e-05                           801         2.0118497817e+02        -6.9959029046e-01
           822         8.7402176559e-06                           449         1.1354156233e+02        -6.9959029046e-01
           839         3.9009166305e-05                          2211         6.4364325195e+02        -6.9959029046e-01
           897         5.5437076919e-06                           327         7.8652059226e+01        -6.9959028810e-01
           828         3.5384964282e-06                           205         6.8240856364e+01        -6.9959028810e-01
           843         1.2782982919e-05                           687         1.4259996554e+02        -6.9959030742e-01
           901         7.5678920545e-06                           435         1.2364923734e+02        -6.9959030909e-01
           832         9.3637449087e-06                           533         1.1880842656e+02        -6.9959028810e-01
           830         1.2726786043e-06                            77         3.8953387678e+01        -6.9959029046e-01
           905         7.3377964076e-06                           455         1.3449656123e+02        -6.9959029046e-01
           851         1.7519732100e-06                            93         2.7238619530e+01        -6.9959029046e-01
           836         1.1920464911e-05                           675         2.2018841248e+02        -6.9959029046e-01
           834         6.0772958488e-06                           351         9.6905519828e+01        -6.9959029046e-01
           909         1.1405998262e-05                           629         1.7435479389e+02        -6.9959028810e-01
           855         1.2047233443e-05                           633         1.5848374943e+02        -6.9959028810e-01
           838         8.5525987901e-06                           487         1.5263763173e+02        -6.9959030742e-01
           913         1.6621958762e-05                           937         2.6611249910e+02        -6.9959028810e-01
           840         1.6556535221e-05                           897         2.1545303422e+02        -6.9959028810e-01
           859         5.8611956971e-06                           339         1.2912029486e+02        -6.9959028810e-01
           842         1.4367351330e-06                            97         3.1457561161e+01        -6.9959028810e-01
           917         7.1685877200e-06                           459         1.3059317898e+02        -6.9959029046e-01
           844         1.8732285583e-06                           107         3.9844200290e+01        -6.9959029046e-01
           846         9.1211370955e-06                           515         1.6934747652e+02        -6.9959028810e-01
           921         8.4998642959e-06                           453         1.2577152063e+02        -6.9959029046e-01
           848         8.5461948861e-06                           487         1.4873419108e+02        -6.9959028810e-01
           925         9.5519709099e-06                           539         1.7328096719e+02        -6.9959030742e-01
           850         1.1653513816e-05                           665         1.3254423089e+02        -6.9959029046e-01
           852         9.0051552721e-06                           505         1.4470118778e+02        -6.9959029046e-01
           929         5.7165335564e-06                           327         1.5368027940e+02        -6.9959030909e-01
           854         4.2087586109e-06                           237         6.1760108840e+01        -6.9959028810e-01
           856         1.3180447134e-05                           793         2.1641673855e+02        -6.9959028810e-01
           858         9.9597151159e-06                           605         2.0914431037e+02        -6.9959029046e-01
           860         1.6692522398e-06                           103         5.8757030110e+01        -6.9959030909e-01
           862         2.9242823960e-06                           161         3.5476219623e+01        -6.9959028810e-01
           937         2.5283835154e-06                           165         7.1839332846e+01        -6.9959029046e-01
           864         2.8764698508e-06                           147         3.6038992198e+01        -6.9959029046e-01
           866         1.0260405923e-05                           533         1.2468128544e+02        -6.9959029046e-01
           941         9.2888118376e-06                           541         1.6063726767e+02        -6.9959030742e-01
           883         7.1159728135e-06                           359         1.3021668046e+02        -6.9959028810e-01
           868         2.4537222022e-06                           129         3.0746078630e+01        -6.9959029046e-01
           945         9.1168341610e-07                            53         1.9870109774e+01        -6.9959029046e-01
           887         5.4845123149e-07                            31         1.4758982452e+01        -6.9959029046e-01
           872         1.8183377774e-06                           113         3.9445159160e+01        -6.9959029046e-01
           949         1.7257613342e-06                           101         4.3685759835e+01        -6.9959029046e-01
           874         4.3404860160e-06                           263         1.0521663875e+02        -6.9959029046e-01
           891         7.2548262262e-06                           397         8.2290334955e+01        -6.9959028810e-01
           953         6.1779296969e-06                           395         9.1718095057e+01        -6.9959029046e-01
           878         9.0306093334e-07                            73         4.0278852258e+01        -6.9959028810e-01
           880         2.3305089132e-06                           135         4.1038427887e+01        -6.9959028810e-01
           895         5.2512640039e-06                           369         1.3651400453e+02        -6.9959029046e-01
           957         3.7210486526e-07                            25         1.4476665923e+01        -6.9959029046e-01
           882         1.8885733475e-05                          1095         3.0495624183e+02        -6.9959028810e-01
           899         2.8070311745e-06                           165         5.9201004834e+01        -6.9959030742e-01
           886         4.0680557367e-06                           245         5.9268702456e+01        -6.9959029046e-01
           961         5.0943038433e-06                           279         7.6521625182e+01        -6.9959030909e-01
           888         7.1843893303e-06                           421         1.4140047463e+02        -6.9959029046e-01
           903         2.8596980525e-06                           181         9.4106836305e+01        -6.9959028810e-01
           965         5.7449344778e-06                           369         1.3331375530e+02        -6.9959030909e-01
           892         3.2278575611e-07                            21         1.2990703091e+01        -6.9959217627e-01
           907         6.0661881339e-06                           385         1.3514907251e+02        -6.9959029046e-01
           969         1.0512819764e-05                           571         1.5286313299e+02        -6.9959030909e-01
           896         9.1086383263e-06                           487         1.3019727139e+02        -6.9959028810e-01
           973         1.2531824170e-05                           707         1.5664897711e+02        -6.9959028810e-01
           915         2.5236596417e-06                           139         3.6415328551e+01        -6.9959030742e-01
           900         6.5267283895e-06                           395         2.0123050339e+02        -6.9959029046e-01
           977         8.0764150698e-06                           509         2.1478130108e+02        -6.9959029046e-01
           904         1.2558697935e-06                            65         2.7474488481e+01        -6.9959028810e-01
           902         1.2021037678e-06                            89         6.0239351818e+01        -6.9959030909e-01
           981         9.0278547493e-06                           487         8.8006507728e+01        -6.9959028810e-01
           923         1.9173467836e-05                          1121         3.0648648295e+02        -6.9959030909e-01
           906         4.2372768818e-06                           213         8.0156572204e+01        -6.9959028810e-01
           912         1.3609589599e-07                            15         1.6303963564e+01        -6.9959028810e-01
           989         4.0638264842e-06                           241         6.8911984081e+01        -6.9959028810e-01
           927         1.1072770622e-05                           591         1.6480302533e+02        -6.9959029046e-01
           910         1.4253370979e-06                            75         2.3159843789e+01        -6.9959030742e-01
           916         7.6504650413e-06                           423         1.8026845750e+02        -6.9959030909e-01
           993         7.9753474045e-06                           431         1.3013453587e+02        -6.9959029046e-01
           931         3.4532822463e-06                           211         6.9583159770e+01        -6.9959029046e-01
           914         1.4708066474e-05                           859         2.5288008832e+02        -6.9959029046e-01
           920         5.1050689520e-06                           307         8.7162041153e+01        -6.9959029046e-01
           997         3.4561472570e-06                           199         5.1910287711e+01        -6.9959030909e-01
           918         6.4224574368e-06                           391         7.9071688743e+01        -6.9959029046e-01
           935         4.2696418878e-06                           245         7.2534078073e+01        -6.9959028810e-01
           922         4.0575547384e-06                           239         7.1495419558e+01        -6.9959030742e-01
           928         1.0196501356e-05                           579         1.5012112976e+02        -6.9959029046e-01
           926         2.3164046140e-06                           121         3.6802097769e+01        -6.9959029046e-01
           932         1.0839313365e-05                           649         2.1423612796e+02        -6.9959029046e-01
           930         3.2222096186e-06                           183         1.0375758408e+02        -6.9959029046e-01
           936         1.0063877920e-05                           569         1.8239758239e+02        -6.9959217627e-01
           934         7.3727552909e-06                           401         9.1014406565e+01        -6.9959028810e-01
           940         6.7013930742e-06                           431         1.4205327119e+02        -6.9959029046e-01
           938         7.3587174367e-06                           445         1.4732298594e+02        -6.9959030909e-01
           955         1.0125054288e-06                            61         2.8312123322e+01        -6.9959030742e-01
           942         9.1154459743e-07                            51         1.8813946958e+01        -6.9959029046e-01
           959         2.9987070323e-06                           187         4.1908436868e+01        -6.9959028810e-01
           948         1.5376124137e-06                            89         2.7127212420e+01        -6.9959030742e-01
           946         1.0468778206e-05                           589         1.8066439969e+02        -6.9959029046e-01
           963         4.3782109439e-06                           249         8.0824962441e+01        -6.9959028810e-01
           952         3.0334318638e-06                           165         6.5632742367e+01        -6.9959029046e-01
           950         5.3103041466e-06                           299         9.5818652211e+01        -6.9959028810e-01
           967         6.6836773692e-06                           389         1.2391771572e+02        -6.9959028810e-01
           956         1.4962806827e-05                           877         2.7316513339e+02        -6.9959028810e-01
           971         3.5377716037e-07                            29         1.4274443219e+01        -6.9959029046e-01
           958         1.0154449391e-05                           561         1.3913743421e+02        -6.9959029046e-01
           975         9.6506855436e-07                            65         2.6942378545e+01        -6.9959030909e-01
           962         6.4189579965e-06                           383         1.1892272970e+02        -6.9959028810e-01
           964         2.2871719853e-06                           143         3.4052048672e+01        -6.9959028810e-01
           979         1.6731111771e-06                            95         4.4365896566e+01        -6.9959030909e-01
           968         2.1209922134e-06                           129         6.5038212018e+01        -6.9959028810e-01
           983         1.9183462084e-06                           123         5.1467562233e+01        -6.9959030742e-01
           972         7.8007070469e-07                            57         3.0624515966e+01        -6.9959029046e-01
           991         4.2758907808e-06                           249         8.4788169977e+01        -6.9959028810e-01
           976         2.4223841230e-06                           145         6.0644675765e+01        -6.9959030742e-01
           974         2.6209140900e-06                           129         4.6198474734e+01        -6.9959030742e-01
           995         5.8101704226e-06                           305         8.1131222678e+01        -6.9959029046e-01
           978         2.4915857319e-06                           135         2.9672384132e+01        -6.9959028810e-01
           980         7.8415984117e-06                           449         1.7376488759e+02        -6.9959029046e-01
           999         3.6657619224e-06                           233         5.0389472332e+01        -6.9959029046e-01
           982         2.1096699034e-06                           149         5.7586160187e+01        -6.9959028810e-01
           984         6.3801110094e-06                           333         8.3213188872e+01        -6.9959029046e-01
           986         5.4437266159e-06                           295         1.1357329855e+02        -6.9959029046e-01
           988         1.2565472684e-06                            81         2.8448345269e+01        -6.9959029046e-01
           990         1.3458742667e-05                           739         2.6067232785e+02        -6.9959029046e-01
           992         2.6164987184e-06                           125         3.0965227760e+01        -6.9959029046e-01
           994         3.3943003950e-06                           199         7.4979569818e+01        -6.9959028810e-01
           996         2.1990844671e-06                           127         3.0225256969e+01        -6.9959029046e-01
           998         2.6213442480e-06                           143         4.5541030227e+01        -6.9959028810e-01
