             1         4.2080169063e-06                           153         1.3249826134e+02        -1.0536717383e+00
             0         1.2193596723e-06                            65         3.7854406473e+01        -1.0536734821e+00
             5         5.5298144025e-07                            23         2.4697303576e+01        -1.0536733736e+00
            10         4.7796498442e-06                           229         1.2518102143e+02        -1.0536734821e+00
             9         2.5969415670e-06                           175         1.2232646103e+02        -1.0536724418e+00
             8         1.9285578803e-06                            75         5.5619305542e+01        -1.0536725502e+00
            14         1.2145897073e-06                            49         3.9482808185e+01        -1.0536734706e+00
            13         3.3921481844e-06                           135         1.0075717174e+02        -1.0536725502e+00
            15         3.9892345439e-06                           159         1.1133742425e+02        -1.0536733736e+00
            12         3.7140302757e-06                           187         1.3088269791e+02        -1.0536725502e+00
            17         6.2203152918e-06                           243         1.8729867248e+02        -1.0536746078e+00
            19         1.7828715372e-06                           117         7.2576843698e+01        -1.0536734821e+00
            18         7.0535822611e-06                           337         1.8426919600e+02        -1.0536734821e+00
            16         3.7656842582e-07                            21         1.7731472599e+01        -1.0536725502e+00
            21         1.1461187058e-06                            69         3.6867929811e+01        -1.0536734706e+00
            22         5.0429662801e-06                           173         1.3461517203e+02        -1.0536725502e+00
            20         1.2485348064e-06                            47         4.1890640075e+01        -1.0536734706e+00
            23         3.0652678470e-06                           129         7.9204802360e+01        -1.0536725502e+00
            26         4.9467504537e-06                           281         1.6586632033e+02        -1.0536734706e+00
            27         1.6463566366e-06                            71         5.5671091596e+01        -1.0536726587e+00
            24         5.5762226270e-06                           293         1.8152212398e+02        -1.0536734706e+00
            33         3.6679079224e-06                           195         1.1557165365e+02        -1.0536725502e+00
            30         1.3882307744e-06                            67         6.1506141184e+01        -1.0536726472e+00
            31         3.8709098186e-06                           217         1.2182541819e+02        -1.0536726472e+00
            28         6.3259913896e-06                           315         2.4555269982e+02        -1.0536756366e+00
            35         7.7213677989e-06                           407         2.7397493981e+02        -1.0536715099e+00
            41         3.2200550169e-07                            17         1.8017653733e+01        -1.0536735790e+00
            32         1.8885159213e-06                            95         6.8678650686e+01        -1.0536735790e+00
            36         1.4857705980e-06                            47         4.0264042002e+01        -1.0536725502e+00
            38         2.6209503174e-06                            99         9.0446015496e+01        -1.0536725617e+00
            49         4.2733008189e-06                           183         1.4271339282e+02        -1.0536734706e+00
            42         5.1471009799e-07                            25         2.6280755669e+01        -1.0536725502e+00
            40         2.4747956703e-06                           123         5.7059705761e+01        -1.0536725502e+00
            53         3.6627126945e-06                           173         1.0526242713e+02        -1.0536733851e+00
            44         1.0028621956e-06                            39         1.9626258150e+01        -1.0536735790e+00
            46         6.9312350586e-07                            35         2.3044625166e+01        -1.0536735790e+00
            48         2.8093719714e-06                           147         1.1517475379e+02        -1.0536725502e+00
            61         3.5128947669e-06                           141         1.0939130477e+02        -1.0536744993e+00
            55         3.0719711423e-06                            93         7.6945549084e+01        -1.0536726587e+00
            52         4.7663908995e-06                           235         1.6564947200e+02        -1.0536755281e+00
            65         7.5705285060e-07                            49         2.4818661921e+01        -1.0536725502e+00
            56         5.1720745577e-07                            27         1.6130216256e+01        -1.0536725502e+00
            69         6.3484921720e-06                           293         1.9078864876e+02        -1.0536726472e+00
            63         4.6426795642e-06                           221         1.5711351392e+02        -1.0536726472e+00
            50         7.9664927463e-06                           407         2.5289046446e+02        -1.0536737844e+00
            73         2.2612393720e-06                            99         6.8804921216e+01        -1.0536744139e+00
            64         1.0731848578e-06                            61         4.6827939966e+01        -1.0536736759e+00
            54         5.9079499700e-06                           271         1.8965014199e+02        -1.0536743055e+00
            77         4.3367773926e-06                           177         1.2178000390e+02        -1.0536716299e+00
            58         1.6216663881e-06                            81         6.2026964626e+01        -1.0536715215e+00
            81         8.1820512476e-07                            39         3.5579864845e+01        -1.0536705570e+00
            75         5.0092784033e-06                           287         1.8799827268e+02        -1.0536755166e+00
            62         9.7126288159e-06                           463         3.2992820819e+02        -1.0536723333e+00
            72         4.4536208280e-06                           191         1.5385733742e+02        -1.0536705896e+00
            85         9.3540362268e-07                            67         5.5207454707e+01        -1.0536725502e+00
            66         1.3186648098e-06                            45         4.2337656995e+01        -1.0536716299e+00
            76         1.1248972987e-07                             9         1.1801957144e+01        -1.0536725502e+00
            89         2.2229885887e-06                            95         7.0099378512e+01        -1.0536734706e+00
            70         1.0326573176e-06                            21         2.4036415414e+01        -1.0536734706e+00
            80         5.5039343388e-06                           317         1.8118356460e+02        -1.0536715215e+00
            87         3.0392523129e-06                           143         1.1810776502e+02        -1.0536747047e+00
            74         2.7985568703e-06                           181         1.3888012754e+02        -1.0536724533e+00
            91         7.0233341685e-07                            43         2.3851044527e+01        -1.0536734706e+00
            97         1.9099540654e-06                           121         8.7090592809e+01        -1.0536716299e+00
            88         3.1718732471e-06                           189         1.0300470578e+02        -1.0536736875e+00
            78         7.8445108117e-08                             7         1.1841410852e+01        -1.0536725502e+00
            95         4.0789007843e-07                            17         1.7532567723e+01        -1.0536735790e+00
           101         1.1332433487e-06                            73         4.2320434609e+01        -1.0536734821e+00
            92         1.1527441112e-06                            47         3.6268082285e+01        -1.0536735790e+00
            82         3.4636430862e-06                           143         9.5949049967e+01        -1.0536706011e+00
            99         4.7519266117e-07                            21         2.0089825996e+01        -1.0536734821e+00
           105         9.9547914740e-07                            49         3.1989456846e+01        -1.0536725502e+00
            96         2.9110062845e-06                           131         7.1775642542e+01        -1.0536734706e+00
           103         9.0743859996e-07                            49         3.1058040298e+01        -1.0536735790e+00
            86         5.4257933518e-06                           251         1.7089017798e+02        -1.0536733621e+00
           109         1.7501709936e-06                            51         3.8942122487e+01        -1.0536725502e+00
           107         9.9468102177e-07                            45         3.4347790714e+01        -1.0536734706e+00
            90         6.1376156127e-07                            21         1.6203631919e+01        -1.0536735790e+00
           113         2.3189882400e-06                            77         5.5961633251e+01        -1.0536734706e+00
           111         4.0364401465e-06                           141         1.0475315108e+02        -1.0536734706e+00
           104         1.2607728211e-06                            51         4.6787098579e+01        -1.0536735675e+00
            94         1.5971877551e-06                            63         6.0727821208e+01        -1.0536735790e+00
           115         4.4307083486e-06                           247         1.8236882152e+02        -1.0536725502e+00
           121         1.9541595926e-06                            75         5.4866479637e+01        -1.0536744993e+00
            98         4.6697421407e-06                           239         1.6295056412e+02        -1.0536743055e+00
           119         5.3924702586e-06                           287         1.7207999057e+02        -1.0536734706e+00
           125         3.2518679231e-06                           107         7.9396281822e+01        -1.0536742825e+00
           102         3.3945971788e-06                           183         1.4788564666e+02        -1.0536736875e+00
           123         1.0051524217e-05                           449         3.1096542208e+02        -1.0536733736e+00
           129         2.4290222152e-07                            21         1.7797320815e+01        -1.0536735790e+00
           106         3.7123669769e-06                           125         1.0058180232e+02        -1.0536725502e+00
           127         4.2036355391e-06                           159         1.1968474623e+02        -1.0536734706e+00
           133         4.1014816019e-06                           257         1.7132005082e+02        -1.0536744024e+00
           120         3.7127886814e-06                           197         1.3962998435e+02        -1.0536735790e+00
           137         1.0422043930e-06                            75         6.1399048306e+01        -1.0536725502e+00
           124         1.3350676020e-05                           663         3.8686412018e+02        -1.0536704812e+00
           114         5.2439613238e-07                            31         3.5388128966e+01        -1.0536725502e+00
           128         4.2691487934e-06                           233         1.4326833850e+02        -1.0536735905e+00
           145         3.3159137917e-07                            25         2.1216470861e+01        -1.0536735790e+00
           139         1.3025104337e-06                            77         3.0245471253e+01        -1.0536734706e+00
           118         2.2984002378e-06                            73         5.8335202100e+01        -1.0536725502e+00
           149         7.1887930325e-06                           343         2.2541556996e+02        -1.0536725387e+00
           143         4.6734570310e-07                            25         2.2503180610e+01        -1.0536725502e+00
           122         4.7764750878e-06                           245         1.6952546868e+02        -1.0536734706e+00
           132         4.6726378446e-07                            23         2.1697281999e+01        -1.0536725502e+00
           153         4.4834309703e-06                           237         1.5772928511e+02        -1.0536735905e+00
           126         9.1547702466e-07                            41         2.6773575383e+01        -1.0536725502e+00
           157         1.0288663728e-06                            51         3.8893802013e+01        -1.0536735790e+00
           151         6.2247697759e-07                            33         2.5665929810e+01        -1.0536735790e+00
           130         1.3032443269e-06                            69         5.6452047615e+01        -1.0536735790e+00
           136         4.7120258991e-06                           239         1.5978280163e+02        -1.0536727671e+00
           161         5.3000108435e-07                            31         2.0146204983e+01        -1.0536725502e+00
           155         9.6083479631e-07                            55         3.9284308674e+01        -1.0536725502e+00
           134         2.9869348708e-07                            17         1.7737579270e+01        -1.0536735790e+00
           165         1.8682609114e-06                           127         9.8941175813e+01        -1.0536735790e+00
           140         2.5710537553e-06                           103         7.2732977175e+01        -1.0536725502e+00
           159         1.8713194309e-06                           105         5.4707958687e+01        -1.0536725502e+00
           169         2.0456372418e-06                            89         7.9698934490e+01        -1.0536733851e+00
           144         8.9103019855e-06                           409         2.7170555049e+02        -1.0536755166e+00
           138         6.5755800926e-07                            19         2.1533348726e+01        -1.0536716299e+00
           173         3.0476178468e-06                           191         1.0458863563e+02        -1.0536743909e+00
           148         8.0266515794e-08                             7         1.0081437612e+01        -1.0536725502e+00
           167         2.4160362188e-06                           131         1.1832653058e+02        -1.0536734706e+00
           142         9.2215099272e-06                           419         2.6693880009e+02        -1.0536735905e+00
           177         5.3424248710e-06                           269         1.7397335531e+02        -1.0536714245e+00
           152         1.6312173774e-06                            89         6.7700090092e+01        -1.0536727441e+00
           171         4.9329423353e-06                           239         1.8865109843e+02        -1.0536716184e+00
           146         6.8178817775e-06                           317         1.9481077155e+02        -1.0536725502e+00
           181         3.1239075471e-06                           189         1.1261310142e+02        -1.0536735790e+00
           156         4.4544357097e-06                           237         1.6421111278e+02        -1.0536734821e+00
           175         4.2113883615e-06                           219         1.2608911568e+02        -1.0536726587e+00
           185         1.5058793599e-06                            95         6.0761630452e+01        -1.0536734706e+00
           160         1.3765241228e-06                            43         3.4174929416e+01        -1.0536735790e+00
           179         1.3002912601e-06                            53         3.7297025302e+01        -1.0536725502e+00
           189         2.4955740945e-06                           143         8.3742440008e+01        -1.0536735790e+00
           154         7.0221409988e-06                           297         2.1435735771e+02        -1.0536735790e+00
           183         5.3009577129e-07                            23         1.4072466347e+01        -1.0536725502e+00
           168         3.4746695656e-06                           203         1.2142434564e+02        -1.0536735790e+00
           158         2.7288296295e-06                           105         7.8939850259e+01        -1.0536725502e+00
           187         5.8989865762e-07                            41         2.1538023851e+01        -1.0536734706e+00
           197         4.0647594135e-06                           177         1.0839649085e+02        -1.0536725502e+00
           172         1.7956379408e-06                            91         7.8838336181e+01        -1.0536713804e+00
           191         5.9104723008e-07                            31         2.9498487055e+01        -1.0536725502e+00
           201         2.3004695645e-06                            75         5.5398306452e+01        -1.0536725502e+00
           176         7.0594695211e-06                           379         2.2777729537e+02        -1.0536746078e+00
           166         6.0065542664e-06                           301         2.0680417210e+02        -1.0536726472e+00
           195         5.8690185727e-06                           215         1.6557013111e+02        -1.0536723564e+00
           180         1.0877726397e-06                            37         3.2498988357e+01        -1.0536725502e+00
           170         1.1364637811e-06                            37         3.2008397592e+01        -1.0536735790e+00
           209         3.2612541152e-06                           185         1.2100029522e+02        -1.0536734706e+00
           199         4.9687480252e-07                            35         2.6445379580e+01        -1.0536725502e+00
           184         7.3082704481e-06                           389         2.4781902000e+02        -1.0536724418e+00
           174         3.7470722806e-07                            25         1.1561123482e+01        -1.0536725502e+00
           213         1.3217463686e-06                            87         4.9703389653e+01        -1.0536725502e+00
           203         1.6762281900e-05                           885         5.4313828961e+02        -1.0536747047e+00
           188         4.0071042703e-07                            13         1.3818210533e+01        -1.0536734706e+00
           178         5.5156604497e-06                           293         2.0053118501e+02        -1.0536733736e+00
           207         1.3199221634e-06                            61         4.9921261153e+01        -1.0536725502e+00
           192         4.3631491190e-07                            21         2.4088276810e+01        -1.0536734821e+00
           221         5.1512175553e-06                           225         1.3771068854e+02        -1.0536725502e+00
           182         7.1563808675e-07                            35         3.2660942477e+01        -1.0536735790e+00
           211         6.3434368009e-06                           309         1.9042088649e+02        -1.0536725502e+00
           196         1.0301088352e-06                            55         3.0417689862e+01        -1.0536725502e+00
           225         2.2415869232e-06                           117         8.5265209494e+01        -1.0536734821e+00
           186         6.6961509199e-07                            27         2.9493496596e+01        -1.0536735675e+00
           215         1.3937866701e-06                            61         4.4173587751e+01        -1.0536725502e+00
           200         9.0738389163e-07                            59         3.5702557633e+01        -1.0536734706e+00
           229         3.1951066570e-07                            21         1.8802319819e+01        -1.0536735790e+00
           190         3.9084941772e-06                           173         1.2767234192e+02        -1.0536736990e+00
           204         6.2961326420e-06                           237         1.6728305759e+02        -1.0536716299e+00
           233         3.3610973591e-06                           139         1.0854613519e+02        -1.0536735790e+00
           223         1.5209787441e-06                            87         5.5284797458e+01        -1.0536724533e+00
           194         4.9325374294e-06                           251         1.4380804888e+02        -1.0536734706e+00
           237         3.4428638044e-06                           161         9.0030430170e+01        -1.0536716184e+00
           227         1.7439489489e-06                            95         5.8821742856e+01        -1.0536734706e+00
           198         7.2315975202e-07                            27         2.2860992860e+01        -1.0536734821e+00
           241         2.1887734365e-06                            89         7.5324624158e+01        -1.0536746078e+00
           231         1.7503464317e-06                           127         7.6701911362e+01        -1.0536734706e+00
           245         4.7128802083e-07                            21         1.4936294273e+01        -1.0536734706e+00
           216         4.3022399976e-06                           191         1.1667916093e+02        -1.0536726587e+00
           235         1.8447623224e-06                            75         6.9860549682e+01        -1.0536745963e+00
           206         1.2047648833e-06                            65         4.6046854887e+01        -1.0536734821e+00
           220         2.3737226042e-06                           117         9.1085522945e+01        -1.0536737844e+00
           239         4.4413595775e-06                           163         1.2394285802e+02        -1.0536746078e+00
           210         2.4112453176e-06                           141         6.4585733358e+01        -1.0536725502e+00
           253         4.5958803741e-07                            17         2.1035747175e+01        -1.0536725502e+00
           224         1.0886270373e-06                            63         4.2315638219e+01        -1.0536734706e+00
           243         4.4540765802e-06                           201         1.4130564075e+02        -1.0536715215e+00
           214         3.4992752610e-06                           179         1.1877156044e+02        -1.0536735790e+00
           228         5.9683753320e-06                           231         1.7260402305e+02        -1.0536765569e+00
           247         3.8837158677e-06                           151         9.9616794328e+01        -1.0536725617e+00
           218         2.7235284077e-06                            97         8.2875428433e+01        -1.0536744024e+00
           261         1.1939607233e-06                            49         3.4232616759e+01        -1.0536725502e+00
           251         3.3889549110e-06                            95         7.0718287723e+01        -1.0536725502e+00
           222         8.2279409222e-07                            41         2.6188880397e+01        -1.0536734706e+00
           232         5.3124133080e-07                            37         2.5970670769e+01        -1.0536734706e+00
           265         5.9274874668e-06                           281         1.6364484915e+02        -1.0536716299e+00
           255         9.3035630767e-06                           395         2.3011139468e+02        -1.0536714130e+00
           226         1.1195072035e-06                            69         5.8414466610e+01        -1.0536725502e+00
           269         8.2589321617e-07                            45         2.4973492265e+01        -1.0536735790e+00
           259         6.9989032023e-07                            43         4.0090923951e+01        -1.0536734706e+00
           240         3.7762542061e-06                           143         1.0193008062e+02        -1.0536724533e+00
           230         1.2171416427e-06                            29         2.6299596920e+01        -1.0536735790e+00
           273         4.5763719277e-06                           253         1.5462847917e+02        -1.0536725502e+00
           263         1.0296083141e-05                           503         3.1126831959e+02        -1.0536765684e+00
           244         2.1331495302e-06                           109         7.1744256060e+01        -1.0536736875e+00
           277         5.5111742157e-06                           295         1.9353336890e+02        -1.0536726472e+00
           267         8.7524071989e-06                           469         2.8728199734e+02        -1.0536725502e+00
           248         6.6142214441e-06                           291         2.2939060994e+02        -1.0536715330e+00
           238         8.4850467540e-07                            39         2.4851318162e+01        -1.0536716299e+00
           281         6.9918351225e-06                           309         2.1348858164e+02        -1.0536734821e+00
           271         2.1180765235e-06                           109         6.6697939055e+01        -1.0536726472e+00
           252         4.8890593251e-07                            31         2.5201782337e+01        -1.0536734706e+00
           242         6.0911728069e-07                            29         2.1641873129e+01        -1.0536725502e+00
           275         3.9616668464e-06                           237         1.5275374736e+02        -1.0536734706e+00
           256         1.9299666153e-06                            87         5.5942648394e+01        -1.0536735675e+00
           289         1.1022502709e-06                            69         4.9904694158e+01        -1.0536735790e+00
           246         2.0663966528e-06                           119         8.6358186175e+01        -1.0536735790e+00
           279         1.0309646193e-06                            55         2.6454339108e+01        -1.0536735790e+00
           260         9.5762646442e-07                            61         3.5439642043e+01        -1.0536734706e+00
           250         7.0838073859e-06                           337         2.3686134899e+02        -1.0536717153e+00
           283         7.3888136861e-07                            35         1.9472785061e+01        -1.0536725502e+00
           264         4.6142635043e-06                           259         1.8633943996e+02        -1.0536716299e+00
           254         4.8613511973e-06                           203         1.4509085352e+02        -1.0536735790e+00
           287         4.3035836718e-06                           219         1.5758415781e+02        -1.0536715215e+00
           268         4.7429173176e-06                           159         1.2331817066e+02        -1.0536734821e+00
           291         5.6430375973e-06                           273         1.8964668758e+02        -1.0536714130e+00
           272         3.2299728960e-06                           159         1.1113136204e+02        -1.0536736875e+00
           295         2.1403263527e-06                            61         5.1034183984e+01        -1.0536725502e+00
           262         2.3989749623e-06                            87         8.1264329467e+01        -1.0536735790e+00
           276         3.8258445801e-06                           179         1.1402595910e+02        -1.0536733621e+00
           266         5.9863513834e-07                            45         2.0877040368e+01        -1.0536725502e+00
           280         9.2269013890e-07                            37         3.3132319033e+01        -1.0536725502e+00
           313         1.7729448094e-06                            67         5.5377807276e+01        -1.0536724533e+00
           284         1.1787800041e-06                            53         4.8773508334e+01        -1.0536725502e+00
           307         3.9125842270e-06                           181         1.5504856587e+02        -1.0536735790e+00
           317         6.0057065516e-06                           219         1.5106721067e+02        -1.0536724648e+00
           274         1.0618075282e-06                            65         5.6116999816e+01        -1.0536725502e+00
           288         3.4088015905e-06                           203         1.2535087004e+02        -1.0536734821e+00
           321         3.3648608232e-07                            13         1.4838316651e+01        -1.0536734706e+00
           278         3.0760187810e-07                            23         1.7416089487e+01        -1.0536725502e+00
           292         2.4419494908e-06                           149         9.6773159061e+01        -1.0536724533e+00
           282         3.4258055680e-06                           163         1.4359384530e+02        -1.0536734821e+00
           296         4.3800063240e-07                            41         3.6417815939e+01        -1.0536735790e+00
           329         2.2596653147e-06                           135         6.2466055267e+01        -1.0536735790e+00
           319         1.7837588742e-06                            97         6.4757660006e+01        -1.0536725502e+00
           300         1.0056639838e-06                            55         3.1945199692e+01        -1.0536725502e+00
           286         5.5436758654e-06                           299         1.9254058221e+02        -1.0536734706e+00
           333         3.9042450026e-06                           165         1.1084361885e+02        -1.0536735790e+00
           323         6.6915950896e-06                           265         1.8570893703e+02        -1.0536734706e+00
           304         1.1954093456e-06                            75         6.3609764301e+01        -1.0536725502e+00
           337         1.6495521373e-06                            73         4.8159892546e+01        -1.0536735790e+00
           327         1.5464198968e-06                            61         5.4206493319e+01        -1.0536705570e+00
           308         2.3541866949e-06                           139         8.9198600496e+01        -1.0536734706e+00
           341         1.6378200613e-06                            79         5.3778590363e+01        -1.0536725502e+00
           331         4.3240215953e-06                           229         1.8763822748e+02        -1.0536763630e+00
           312         7.2745811850e-07                            31         2.4447539592e+01        -1.0536725502e+00
           345         7.0787341924e-07                            27         2.4221460022e+01        -1.0536734706e+00
           298         6.8251330504e-07                            25         3.0427302403e+01        -1.0536735675e+00
           335         3.7411526343e-07                            25         2.4078174758e+01        -1.0536735790e+00
           316         4.0391329855e-06                           203         1.2043150526e+02        -1.0536725502e+00
           349         1.9427325422e-06                            93         6.5207046664e+01        -1.0536735790e+00
           302         4.4355642251e-06                           135         8.5077716831e+01        -1.0536725502e+00
           339         3.9865099755e-06                           199         1.2775957709e+02        -1.0536735790e+00
           320         1.1965512998e-06                            61         4.6757609261e+01        -1.0536735790e+00
           353         1.3600987859e-06                            73         4.4832732650e+01        -1.0536725502e+00
           306         7.2438727223e-06                           311         2.1475400996e+02        -1.0536745963e+00
           343         1.2524748808e-06                            81         5.6367283821e+01        -1.0536734706e+00
           324         6.6513965549e-06                           335         2.4792234108e+02        -1.0536726587e+00
           357         8.3850556201e-06                           381         2.3048624305e+02        -1.0536725502e+00
           310         3.5034382616e-06                           163         1.0305576536e+02        -1.0536715215e+00
           328         2.2527892638e-06                           109         7.0119754806e+01        -1.0536735790e+00
           361         3.5282267980e-06                           127         9.8127235375e+01        -1.0536744024e+00
           314         2.7771684845e-07                            19         1.5742510399e+01        -1.0536734706e+00
           332         4.0158574474e-07                            23         2.9961586702e+01        -1.0536726587e+00
           365         1.5228773572e-06                            59         5.6839980254e+01        -1.0536726587e+00
           318         3.2278472898e-07                            21         1.6231759476e+01        -1.0536734706e+00
           336         6.8136335053e-06                           367         2.6908588410e+02        -1.0536743909e+00
           369         9.6199374101e-07                            33         2.3486184193e+01        -1.0536725502e+00
           322         2.0598292446e-06                           107         6.2606251789e+01        -1.0536735790e+00
           340         4.2159132914e-06                           141         1.1787262461e+02        -1.0536724533e+00
           359         5.1029653702e-06                           223         1.4854415001e+02        -1.0536723564e+00
           373         1.6121155184e-06                            47         3.4141205370e+01        -1.0536734706e+00
           344         6.4735496932e-07                            27         2.5123672923e+01        -1.0536735790e+00
           377         1.5313471258e-06                            63         4.2363023412e+01        -1.0536735790e+00
           363         4.3203198429e-06                           235         1.6158836172e+02        -1.0536694639e+00
           348         9.4789178873e-07                            55         3.9088312998e+01        -1.0536734706e+00
           367         5.2313337192e-07                            29         2.0871696957e+01        -1.0536724533e+00
           334         1.4098269645e-06                            87         6.1509228449e+01        -1.0536735790e+00
           385         2.2942009025e-06                           135         1.0270972321e+02        -1.0536737729e+00
           371         3.3217144895e-07                            15         1.9353510204e+01        -1.0536725502e+00
           338         2.9329590076e-06                           147         1.2512920434e+02        -1.0536733851e+00
           375         1.8508915614e-06                            89         7.9552531270e+01        -1.0536716299e+00
           342         1.0482968055e-06                            53         3.5652320266e+01        -1.0536734821e+00
           379         5.7053728100e-06                           291         1.9043675858e+02        -1.0536716184e+00
           346         5.7204932134e-07                            37         2.9115941712e+01        -1.0536734821e+00
           364         3.1495848204e-06                           183         1.0355788667e+02        -1.0536736875e+00
           383         7.2974161280e-07                            35         2.9350610579e+01        -1.0536734821e+00
           397         5.7783431397e-06                           323         1.7795582025e+02        -1.0536725502e+00
           350         8.0859793119e-07                            25         2.1472874834e+01        -1.0536735790e+00
           368         8.2035438959e-07                            13         1.4464157247e+01        -1.0536735790e+00
           401         6.4239275934e-06                           261         1.8438584253e+02        -1.0536746078e+00
           387         3.6678357389e-06                           185         1.4438785447e+02        -1.0536764485e+00
           354         1.5140189969e-06                            65         5.5828590265e+01        -1.0536716184e+00
           391         6.2744991462e-07                            45         2.9560164096e+01        -1.0536735790e+00
           358         3.4260446424e-06                           155         9.1111660378e+01        -1.0536725502e+00
           376         1.0549810025e-06                            47         4.1067266800e+01        -1.0536725502e+00
           409         1.0369366327e-06                            41         3.5772440426e+01        -1.0536735790e+00
           362         8.3418579313e-06                           359         2.4520674933e+02        -1.0536746078e+00
           380         5.0286178899e-06                           255         1.7288608276e+02        -1.0536734821e+00
           399         1.0120248244e-06                            43         3.1872975285e+01        -1.0536734706e+00
           413         7.4559877808e-06                           393         2.5331980928e+02        -1.0536716299e+00
           366         4.5427766521e-06                           225         1.5540019873e+02        -1.0536726702e+00
           384         1.7120727066e-06                            85         6.9298663245e+01        -1.0536724418e+00
           403         1.5437225738e-06                            77         6.8806089602e+01        -1.0536724418e+00
           370         5.2718182009e-06                           227         1.7509432675e+02        -1.0536725387e+00
           388         1.5891668730e-06                           101         6.6788394551e+01        -1.0536734706e+00
           421         3.8714046651e-06                           167         1.3542802637e+02        -1.0536735675e+00
           407         2.7188570732e-06                            89         6.8317416596e+01        -1.0536735790e+00
           374         3.6241303288e-06                           157         1.0527423659e+02        -1.0536744993e+00
           411         3.0171030875e-06                           199         1.2162925471e+02        -1.0536746078e+00
           378         2.0868956431e-06                            91         6.5669939318e+01        -1.0536725617e+00
           429         2.2690686822e-06                            79         6.1296771807e+01        -1.0536716299e+00
           400         7.3057433146e-07                            51         2.9493616139e+01        -1.0536735790e+00
           382         2.3336386670e-07                             9         1.2428631144e+01        -1.0536735790e+00
           433         3.9420256630e-06                           143         1.1844596324e+02        -1.0536735790e+00
           404         4.5660409206e-06                           291         1.6652706214e+02        -1.0536736759e+00
           386         2.8946823902e-06                           189         1.2428777910e+02        -1.0536725502e+00
           423         2.4396104774e-06                           147         1.1129155080e+02        -1.0536716299e+00
           390         2.2110460295e-06                            97         5.8728231297e+01        -1.0536734706e+00
           427         2.9346044890e-06                           153         1.2514041013e+02        -1.0536724418e+00
           441         3.6685176535e-07                            21         1.5640433930e+01        -1.0536735790e+00
           431         1.0595716350e-06                            23         2.0166093288e+01        -1.0536714773e+00
           398         1.2035185686e-06                            53         3.8175831960e+01        -1.0536734706e+00
           416         1.0729853281e-06                            47         3.9098243055e+01        -1.0536725502e+00
           435         5.0062158236e-06                           171         1.3609556817e+02        -1.0536726472e+00
           420         2.0075010762e-06                           133         6.7046945969e+01        -1.0536734706e+00
           449         4.7503419804e-06                           293         1.8700128022e+02        -1.0536716299e+00
           439         1.7756933625e-06                            65         5.8019808043e+01        -1.0536734706e+00
           406         9.7196252108e-07                            49         4.4945292098e+01        -1.0536725502e+00
           453         2.5037297869e-06                           163         9.5434917648e+01        -1.0536735790e+00
           443         3.8067120105e-06                           169         1.0032072407e+02        -1.0536743909e+00
           410         8.4973500778e-06                           285         2.1337089226e+02        -1.0536774887e+00
           428         1.9454175513e-06                           105         4.9699658143e+01        -1.0536735790e+00
           447         2.5318191101e-06                            41         3.3564554941e+01        -1.0536725502e+00
           461         7.4717031625e-07                            53         3.8545371715e+01        -1.0536725502e+00
           451         1.4713526614e-06                            73         4.5806949885e+01        -1.0536735790e+00
           418         3.4814534156e-06                           183         1.3197157906e+02        -1.0536724533e+00
           455         1.2360601867e-06                            59         4.2964878687e+01        -1.0536735790e+00
           436         4.0257305525e-06                           153         1.3814333563e+02        -1.0536734821e+00
           422         3.8362086207e-07                            23         1.5393952222e+01        -1.0536735790e+00
           469         9.2428604375e-08                             5         8.1278492328e+00        -1.0536725502e+00
           459         1.1336147522e-06                            71         4.6601888621e+01        -1.0536735790e+00
           426         1.5342715095e-06                            85         4.8800749094e+01        -1.0536725502e+00
           473         1.8787980680e-06                            81         6.7124273723e+01        -1.0536715215e+00
           463         8.9454988314e-06                           367         2.8399454512e+02        -1.0536726472e+00
           430         6.7966809170e-07                            25         1.8178252951e+01        -1.0536725502e+00
           448         7.3867859582e-06                           393         2.6208418003e+02        -1.0536744139e+00
           477         4.4025404984e-06                           175         1.2921965382e+02        -1.0536728410e+00
           434         3.1052698405e-06                           135         8.9401822623e+01        -1.0536736875e+00
           452         2.2454425258e-06                           103         8.8586396669e+01        -1.0536735790e+00
           471         2.1894858572e-06                           119         8.9117565990e+01        -1.0536735790e+00
           456         2.2673241263e-06                           101         6.7433370113e+01        -1.0536725502e+00
           442         1.4615778002e-06                            63         4.9694287778e+01        -1.0536734821e+00
           475         8.7614271633e-07                            37         2.7117134128e+01        -1.0536725502e+00
           460         1.1202174562e-06                            43         3.6415322532e+01        -1.0536725502e+00
           446         1.7327172131e-06                            93         6.7700629372e+01        -1.0536725502e+00
           479         2.4213037033e-06                            75         7.1851561862e+01        -1.0536734706e+00
           464         4.7908501065e-06                           219         1.6106884241e+02        -1.0536736759e+00
           450         3.9891838974e-06                           135         1.0205261045e+02        -1.0536725502e+00
           493         1.4963316444e-06                            79         4.5788322154e+01        -1.0536735790e+00
           468         2.0777057053e-06                            51         4.6127696291e+01        -1.0536725502e+00
           454         8.2714761057e-06                           387         2.7789690595e+02        -1.0536725387e+00
           497         4.5543490018e-07                            21         1.2367978090e+01        -1.0536725502e+00
           472         2.5954147037e-06                           153         7.5044129095e+01        -1.0536725502e+00
           458         2.3650696815e-06                           141         8.0698568295e+01        -1.0536734706e+00
           501         5.5909351925e-07                            31         3.4414519431e+01        -1.0536716299e+00
           491         2.4315560756e-06                            67         5.3856405795e+01        -1.0536735790e+00
           462         2.2937724903e-06                           113         6.4683029807e+01        -1.0536735790e+00
           505         1.6405594609e-06                            87         4.7509820773e+01        -1.0536734706e+00
           480         1.3193996439e-06                            71         4.4521539060e+01        -1.0536725502e+00
           495         2.1686920542e-06                           109         6.4198374869e+01        -1.0536746078e+00
           466         5.5628179597e-07                            19         1.5342326286e+01        -1.0536735790e+00
           509         1.3323657231e-06                            65         5.5575069858e+01        -1.0536735790e+00
           499         2.3017188951e-06                           133         8.1146926252e+01        -1.0536735790e+00
           484         1.4185890118e-06                            51         3.6619225371e+01        -1.0536735790e+00
           513         2.0483040329e-06                            97         9.0730093798e+01        -1.0536724533e+00
           488         1.9266082091e-06                            75         5.0579505875e+01        -1.0536725502e+00
           503         1.3713118453e-06                            49         3.4361923556e+01        -1.0536725502e+00
           474         5.2125011331e-06                           273         1.9711274881e+02        -1.0536706011e+00
           492         6.7386168949e-06                           313         2.0712232188e+02        -1.0536715330e+00
           521         4.8327531069e-06                           169         1.5837013789e+02        -1.0536706981e+00
           507         1.3870890552e-06                            73         5.7930022137e+01        -1.0536733621e+00
           478         3.9668198516e-06                           183         1.3231643653e+02        -1.0536746078e+00
           496         8.7038695282e-07                            45         2.7926266456e+01        -1.0536734706e+00
           511         1.0030879493e-06                            73         5.5938668833e+01        -1.0536735790e+00
           482         5.7880582702e-07                            39         3.2500296002e+01        -1.0536735790e+00
           500         6.1508129720e-06                           301         2.2473980465e+02        -1.0536735790e+00
           486         4.6449182146e-07                            27         2.3707552679e+01        -1.0536735790e+00
           515         8.6995868795e-06                           469         3.0944106950e+02        -1.0536744993e+00
           533         2.9351200394e-06                           119         8.5944210506e+01        -1.0536725387e+00
           504         3.2297373831e-07                            15         1.5960277879e+01        -1.0536725502e+00
           490         3.7720286201e-06                           175         9.6311815345e+01        -1.0536725387e+00
           519         3.3530712043e-07                            19         2.1245301971e+01        -1.0536734821e+00
           537         1.1858811575e-06                            59         5.1365896399e+01        -1.0536726587e+00
           508         7.6220159802e-06                           357         2.7212732824e+02        -1.0536723449e+00
           512         8.7415995644e-06                           431         2.3078585520e+02        -1.0536734821e+00
           545         1.5719765450e-06                            85         7.0360486469e+01        -1.0536732652e+00
           527         8.4957490684e-06                           443         3.0864527079e+02        -1.0536746193e+00
           516         9.4081055911e-06                           469         3.1198146462e+02        -1.0536741970e+00
           549         6.1195589277e-07                            41         3.1930350323e+01        -1.0536726587e+00
           502         1.4132856977e-06                            75         7.4129834796e+01        -1.0536737844e+00
           531         1.4148520313e-06                            65         4.9315173882e+01        -1.0536715215e+00
           553         5.1334959333e-06                           219         1.7819372257e+02        -1.0536727441e+00
           524         1.5579178078e-07                             9         1.1055519196e+01        -1.0536725502e+00
           506         3.3828725292e-06                           165         1.1931019468e+02        -1.0536736759e+00
           557         1.9095862616e-06                           113         8.1221785999e+01        -1.0536735790e+00
           528         3.5295196578e-06                           193         1.1612533711e+02        -1.0536706011e+00
           539         1.0520007935e-05                           545         3.3363803871e+02        -1.0536746078e+00
           561         3.6734901227e-06                           201         1.3540992685e+02        -1.0536746078e+00
           532         3.0471696669e-06                           119         9.3098669998e+01        -1.0536734821e+00
           565         8.9735193511e-07                            57         4.2971404131e+01        -1.0536735790e+00
           543         2.9983900861e-06                           139         1.0818666135e+02        -1.0536737844e+00
           536         1.2070659337e-05                           499         3.9651220287e+02        -1.0536746193e+00
           514         4.3906010359e-06                           213         1.3147811969e+02        -1.0536735790e+00
           547         1.2830640138e-06                            43         3.6666254324e+01        -1.0536735790e+00
           540         1.4813181941e-06                            71         4.5236226911e+01        -1.0536724418e+00
           573         3.1120093606e-07                            15         1.4282125840e+01        -1.0536735790e+00
           551         2.5129606354e-06                            99         8.3701685800e+01        -1.0536725617e+00
           518         4.6691526366e-06                           191         1.4007754547e+02        -1.0536746078e+00
           555         6.8896196803e-07                            47         3.4621708558e+01        -1.0536735790e+00
           522         4.4018756111e-06                           187         1.4404584111e+02        -1.0536736759e+00
           581         8.9771207091e-06                           451         2.8404653168e+02        -1.0536744878e+00
           559         1.8698716452e-06                            81         6.4263072430e+01        -1.0536715215e+00
           548         1.8528190508e-06                            79         5.4177924990e+01        -1.0536724533e+00
           526         7.4360397811e-07                            43         3.7429159748e+01        -1.0536725502e+00
           563         1.1134236844e-06                            61         4.2632928797e+01        -1.0536725502e+00
           552         6.2999329463e-06                           289         2.0484676753e+02        -1.0536733851e+00
           530         3.4063070630e-07                            25         1.9622549174e+01        -1.0536734706e+00
           567         1.4311968616e-06                            77         5.0888680474e+01        -1.0536735790e+00
           589         1.1373806650e-06                            47         4.4346149649e+01        -1.0536735790e+00
           556         1.2047379586e-06                            31         2.8093207971e+01        -1.0536735790e+00
           534         9.1373433272e-07                            47         4.3697317334e+01        -1.0536736759e+00
           571         5.8884593450e-07                            27         2.3691408338e+01        -1.0536735790e+00
           593         3.5168738531e-06                           175         1.1827063413e+02        -1.0536733621e+00
           560         1.8071656353e-06                            55         4.2881103698e+01        -1.0536735790e+00
           538         8.4689692588e-06                           383         2.7678511790e+02        -1.0536705042e+00
           597         4.1045199997e-07                            21         2.1013126935e+01        -1.0536735790e+00
           579         8.5703749340e-07                            39         3.1984591026e+01        -1.0536725502e+00
           542         7.4313622232e-07                            49         2.8570512723e+01        -1.0536735790e+00
           583         3.2209782171e-06                           181         1.2497663177e+02        -1.0536725502e+00
           605         2.8676425190e-06                           159         1.1298900063e+02        -1.0536724418e+00
           546         4.7673523823e-06                           233         1.5194189325e+02        -1.0536756366e+00
           568         2.8096145510e-06                           143         9.4689532956e+01        -1.0536725502e+00
           587         1.0091723316e-06                            49         3.6932826196e+01        -1.0536734706e+00
           609         6.9802674921e-07                            29         2.3481765209e+01        -1.0536735790e+00
           572         7.3609339011e-07                            35         2.3344982395e+01        -1.0536735790e+00
           591         3.2987439393e-06                           137         9.9141763136e+01        -1.0536735790e+00
           554         1.7099754049e-06                            79         6.3972975360e+01        -1.0536735790e+00
           576         3.3028598247e-06                           177         9.8341443193e+01        -1.0536725502e+00
           617         4.1777609816e-06                           147         1.1778065784e+02        -1.0536725502e+00
           595         2.2038653728e-06                            67         4.3992862593e+01        -1.0536725502e+00
           558         1.9194300336e-06                           123         7.5814983060e+01        -1.0536735790e+00
           580         1.5494409958e-06                            57         4.8714392577e+01        -1.0536744993e+00
           599         3.3698070351e-06                           149         1.1674068046e+02        -1.0536735790e+00
           621         4.3245709999e-06                           247         1.5176292934e+02        -1.0536735790e+00
           562         7.8475169794e-07                            45         2.4231764800e+01        -1.0536735790e+00
           584         1.1589772092e-06                            29         2.4532612460e+01        -1.0536725502e+00
           603         4.5245959148e-06                           267         1.5667021876e+02        -1.0536746078e+00
           566         3.4857504235e-06                           187         1.4548842420e+02        -1.0536735790e+00
           588         2.3658254451e-06                           109         6.9848545028e+01        -1.0536744024e+00
           607         2.3965436321e-06                           143         8.2551339266e+01        -1.0536725502e+00
           570         4.5729985716e-07                            23         2.2373224394e+01        -1.0536735790e+00
           629         2.5009980096e-06                           113         7.8190953761e+01        -1.0536725502e+00
           611         1.5408128132e-07                             9         1.1055519196e+01        -1.0536725502e+00
           574         9.5770991673e-07                            37         2.8505286454e+01        -1.0536734706e+00
           633         2.3722895096e-07                             9         1.0609126315e+01        -1.0536714773e+00
           615         5.1923029758e-06                           303         2.0620595704e+02        -1.0536735790e+00
           600         6.1016996257e-06                           347         2.3163061187e+02        -1.0536726587e+00
           619         5.7386839756e-06                           315         1.8107216529e+02        -1.0536735905e+00
           604         4.6755420631e-06                           247         1.5506977169e+02        -1.0536735790e+00
           641         1.4695068855e-05                           567         4.0441262297e+02        -1.0536706865e+00
           582         7.8850815148e-07                            43         3.4271595747e+01        -1.0536735790e+00
           608         3.1347547293e-06                           163         9.5911205348e+01        -1.0536745109e+00
           645         1.2666244800e-06                            57         4.6133447985e+01        -1.0536735790e+00
           612         2.3459168712e-06                            89         7.8566930829e+01        -1.0536715330e+00
           590         1.3245500560e-06                            65         4.4568589484e+01        -1.0536735790e+00
           649         2.6371623564e-06                           133         1.0720306738e+02        -1.0536725502e+00
           631         8.7741984778e-07                            23         1.5075576936e+01        -1.0536725502e+00
           616         1.9258885956e-06                           107         5.9489988223e+01        -1.0536735790e+00
           594         2.5078978886e-06                           133         9.0848653962e+01        -1.0536723564e+00
           653         1.2569611895e-06                            49         3.7648964346e+01        -1.0536734706e+00
           598         1.3463248008e-07                            13         1.6752107211e+01        -1.0536735790e+00
           639         2.8771820168e-06                           111         9.8441719371e+01        -1.0536724533e+00
           624         1.1711076661e-06                            41         3.0518947108e+01        -1.0536725502e+00
           657         2.3386626232e-06                            67         5.5666801677e+01        -1.0536736759e+00
           602         1.2803114065e-06                            89         4.0082557322e+01        -1.0536734706e+00
           643         3.5687519871e-06                           133         1.1463464780e+02        -1.0536727671e+00
           628         4.3078202524e-07                            27         1.8880074852e+01        -1.0536725502e+00
           661         3.3692663611e-06                           171         1.1174469408e+02        -1.0536716299e+00
           606         3.6841448460e-06                           159         1.1911255683e+02        -1.0536744878e+00
           632         1.1229922753e-06                            53         4.2002309993e+01        -1.0536735790e+00
           665         4.9954224463e-07                            33         2.7274189284e+01        -1.0536725502e+00
           610         3.4644049359e-06                           219         1.6280942550e+02        -1.0536716299e+00
           636         1.7692564499e-06                            67         5.3618411391e+01        -1.0536734706e+00
           669         3.2962587761e-06                           175         1.3432500304e+02        -1.0536706011e+00
           614         2.4417483645e-06                           147         9.4301507051e+01        -1.0536735790e+00
           640         3.0395013757e-06                           113         8.8433931291e+01        -1.0536724533e+00
           655         1.6958425810e-06                            71         5.2341483189e+01        -1.0536726587e+00
           673         3.4980453094e-06                           129         1.0773445030e+02        -1.0536734591e+00
           618         4.2241825054e-06                           193         1.2750030159e+02        -1.0536725502e+00
           677         1.5252853551e-06                            63         6.3570047805e+01        -1.0536695167e+00
           622         2.3456197972e-06                           113         7.9384851045e+01        -1.0536727441e+00
           648         1.7081914025e-06                            79         5.8616283971e+01        -1.0536744024e+00
           681         4.0119027265e-06                           225         1.2600880287e+02        -1.0536735790e+00
           626         1.0037060441e-05                           381         2.9978347363e+02        -1.0536736644e+00
           652         4.8529050345e-06                           237         1.4540820452e+02        -1.0536715330e+00
           685         1.3093288113e-06                            69         4.6287362786e+01        -1.0536735790e+00
           667         1.0079889550e-06                            59         3.4010213427e+01        -1.0536734706e+00
           656         2.3852064798e-06                           115         8.3102172292e+01        -1.0536735790e+00
           689         3.2835984494e-06                           185         1.0461452131e+02        -1.0536744993e+00
           671         1.1296383256e-06                            43         2.5034069411e+01        -1.0536725502e+00
           634         6.5071694916e-07                            35         2.6887531870e+01        -1.0536725502e+00
           660         8.1430663047e-08                             7         1.0169733957e+01        -1.0536734706e+00
           693         5.5701372707e-07                            35         2.9071374123e+01        -1.0536734706e+00
           675         4.7098356591e-07                            21         1.8065618838e+01        -1.0536725502e+00
           638         5.8813451965e-06                           327         1.7675850095e+02        -1.0536725502e+00
           664         1.2612248663e-06                            43         2.5769584062e+01        -1.0536735790e+00
           679         5.3292993205e-06                           245         1.5983602766e+02        -1.0536724533e+00
           642         1.6662446532e-06                            77         6.8964359250e+01        -1.0536716299e+00
           701         1.4429615747e-06                            43         3.1141454505e+01        -1.0536735790e+00
           646         4.0468308430e-07                            19         1.7765387652e+01        -1.0536725502e+00
           683         3.3756944083e-07                            19         1.8657464367e+01        -1.0536735790e+00
           672         4.6565410299e-06                           181         1.2813178115e+02        -1.0536724418e+00
           705         5.5729861864e-07                            49         4.6902713200e+01        -1.0536725502e+00
           687         3.0398169355e-07                            15         1.0471160358e+01        -1.0536735790e+00
           650         1.0106675459e-06                            67         5.8364362063e+01        -1.0536734821e+00
           691         7.0793066085e-06                           359         2.4503862504e+02        -1.0536753227e+00
           654         1.2788775968e-06                            57         5.2103296027e+01        -1.0536734821e+00
           713         1.2583831028e-06                            59         5.4158295880e+01        -1.0536725502e+00
           695         1.6040346892e-06                            65         4.2981286089e+01        -1.0536725502e+00
           680         1.2151351951e-07                             7         1.0219343141e+01        -1.0536734706e+00
           699         3.4370642186e-06                           173         1.4091746967e+02        -1.0536717268e+00
           662         5.1695215535e-06                           215         1.6370417507e+02        -1.0536716299e+00
           684         5.4440306283e-06                           201         1.6778335109e+02        -1.0536737959e+00
           703         1.0119633800e-06                            65         3.6018780378e+01        -1.0536725502e+00
           666         2.7961851345e-06                           109         6.0817915590e+01        -1.0536725502e+00
           725         2.2239306505e-06                           111         8.9226791874e+01        -1.0536735790e+00
           688         1.0441599897e-06                            73         4.1500385850e+01        -1.0536734706e+00
           670         1.5376466343e-07                             7         1.0081437612e+01        -1.0536734706e+00
           729         1.1792037225e-06                            39         3.7510071006e+01        -1.0536725502e+00
           711         8.9392699466e-07                            71         4.4778403204e+01        -1.0536725502e+00
           674         2.8318000931e-06                           159         9.9843874197e+01        -1.0536723333e+00
           733         7.0092590228e-07                            33         2.7324609652e+01        -1.0536725502e+00
           696         5.8937148607e-06                           289         2.1073998207e+02        -1.0536724418e+00
           715         2.0247507776e-06                           127         7.9071966484e+01        -1.0536725502e+00
           737         6.1256150847e-07                            23         2.1983830446e+01        -1.0536735790e+00
           678         2.2654442449e-06                           105         7.8456013242e+01        -1.0536734706e+00
           719         1.0018360379e-06                            53         3.7196706278e+01        -1.0536734821e+00
           741         3.9888836684e-07                            21         1.7568438765e+01        -1.0536725502e+00
           682         1.2087848992e-06                            47         3.4508707735e+01        -1.0536734706e+00
           704         2.2397406614e-06                            99         7.1290235766e+01        -1.0536735790e+00
           745         2.4380652670e-06                           113         6.3551183456e+01        -1.0536725502e+00
           727         3.0976647919e-07                            23         2.2857846861e+01        -1.0536734706e+00
           708         1.5099061816e-06                            67         6.2971912768e+01        -1.0536744993e+00
           749         2.5789466606e-06                            83         6.9848675783e+01        -1.0536725502e+00
           690         3.9203269616e-06                           177         1.0803594315e+02        -1.0536733736e+00
           753         1.2151288567e-06                            67         4.6406066109e+01        -1.0536725502e+00
           694         3.1320764824e-06                           123         7.1911583970e+01        -1.0536725502e+00
           716         6.9862309151e-07                            35         3.2287904597e+01        -1.0536734706e+00
           735         1.7607707230e-06                           117         7.5391276186e+01        -1.0536735790e+00
           757         2.8215460710e-06                           151         1.1364122161e+02        -1.0536745963e+00
           698         2.2649928692e-06                           101         6.5463549562e+01        -1.0536725502e+00
           720         1.7730949089e-07                             5         8.3825062580e+00        -1.0536734706e+00
           739         1.3332241366e-06                            69         3.7197515558e+01        -1.0536734706e+00
           761         1.1338236333e-06                            35         3.3257797518e+01        -1.0536734706e+00
           702         1.6528646145e-06                            71         4.5012553715e+01        -1.0536735790e+00
           724         1.4475625879e-06                            63         4.3607327168e+01        -1.0536744993e+00
           743         2.7777284275e-06                           163         1.0253402817e+02        -1.0536725502e+00
           765         8.1389510943e-07                            31         1.9943217492e+01        -1.0536734706e+00
           706         1.3033385916e-06                            73         4.4479877867e+01        -1.0536735790e+00
           728         4.3834709638e-06                           169         1.4425776293e+02        -1.0536725502e+00
           710         1.8158932165e-07                            15         1.5783520290e+01        -1.0536734706e+00
           747         1.4951516369e-06                            65         4.6260634650e+01        -1.0536744993e+00
           732         1.0632852603e-06                            67         4.0952594728e+01        -1.0536725502e+00
           773         1.2225340547e-06                            45         2.7430590358e+01        -1.0536735790e+00
           751         3.8457658732e-06                           181         1.2421568471e+02        -1.0536725502e+00
           714         7.4819009189e-07                            55         3.9212684784e+01        -1.0536725502e+00
           736         3.4979351094e-06                           203         1.4292933397e+02        -1.0536735790e+00
           777         3.0533221148e-06                           173         9.5558322459e+01        -1.0536725502e+00
           755         3.1387428263e-06                           173         8.8379978959e+01        -1.0536735790e+00
           740         1.2478015789e-06                            45         2.7482842631e+01        -1.0536735790e+00
           781         7.1848099477e-06                           383         2.5113596260e+02        -1.0536716184e+00
           759         4.5790471309e-06                           227         1.4461846373e+02        -1.0536736875e+00
           722         9.5957894500e-06                           455         2.8737880474e+02        -1.0536715215e+00
           785         3.6444249323e-06                           219         1.3938167492e+02        -1.0536735905e+00
           763         1.2080152647e-06                            37         2.8806121476e+01        -1.0536725502e+00
           726         1.2130407410e-06                            65         4.6028206580e+01        -1.0536725502e+00
           789         1.1911105581e-06                            41         3.1709830800e+01        -1.0536716299e+00
           767         1.2752907846e-06                            91         5.4833639807e+01        -1.0536725502e+00
           730         2.7545301823e-06                           125         9.2313415059e+01        -1.0536736875e+00
           771         1.0302073405e-06                            29         2.4718048495e+01        -1.0536735790e+00
           793         1.3354036390e-06                            73         5.2217382383e+01        -1.0536733736e+00
           734         9.5199882357e-07                            47         4.6245239485e+01        -1.0536725502e+00
           775         2.1350175199e-06                           121         1.0538235197e+02        -1.0536715330e+00
           756         1.7995489991e-06                            71         6.3919376895e+01        -1.0536725502e+00
           738         3.9360519663e-06                           193         1.3523134988e+02        -1.0536725617e+00
           760         3.9496767724e-06                           171         1.2458177508e+02        -1.0536733736e+00
           779         4.4923279497e-06                           183         1.2618331406e+02        -1.0536726587e+00
           805         1.5151248778e-06                            63         5.5377972197e+01        -1.0536735790e+00
           783         7.7361614648e-07                            19         1.9395677583e+01        -1.0536725502e+00
           768         9.5942983381e-07                            47         2.6804249895e+01        -1.0536725502e+00
           750         3.1810420039e-06                           131         8.6650312374e+01        -1.0536734706e+00
           772         4.4721793745e-07                            29         2.2255835813e+01        -1.0536725502e+00
           791         7.1718424734e-07                            29         2.7417714274e+01        -1.0536725502e+00
           754         4.8970336889e-06                           245         1.6462403260e+02        -1.0536705896e+00
           776         3.0699755317e-07                            23         1.2496499040e+01        -1.0536735790e+00
           817         1.9981435163e-06                           111         6.9276571094e+01        -1.0536725502e+00
           795         2.8543168930e-06                           137         1.2024351424e+02        -1.0536706981e+00
           780         2.1010887914e-06                           113         8.8605470639e+01        -1.0536726472e+00
           821         6.3173853331e-06                           247         1.4722332567e+02        -1.0536725502e+00
           799         2.8281374330e-07                            25         1.8869410407e+01        -1.0536734706e+00
           784         1.0634890202e-05                           477         3.2537094593e+02        -1.0536734821e+00
           825         2.9596545118e-06                           111         8.0437061280e+01        -1.0536734821e+00
           803         6.8719359679e-07                            25         2.2596343465e+01        -1.0536735790e+00
           766         3.1179749266e-06                           195         1.0719742881e+02        -1.0536725502e+00
           788         2.5420637627e-07                            19         1.6838186592e+01        -1.0536734821e+00
           829         4.1811556650e-07                            25         1.6199792436e+01        -1.0536735790e+00
           807         5.0309694134e-06                           209         1.5241365137e+02        -1.0536747047e+00
           792         2.9983594688e-07                            17         2.1782297988e+01        -1.0536735790e+00
           833         1.7599870328e-06                            95         7.9062626098e+01        -1.0536735790e+00
           811         6.8415180965e-07                            51         3.2848638042e+01        -1.0536744993e+00
           796         1.1543609347e-06                            59         4.3427461581e+01        -1.0536725502e+00
           815         5.3160312560e-06                           255         1.7104687745e+02        -1.0536706011e+00
           800         9.0931424748e-07                            29         2.6814426033e+01        -1.0536735790e+00
           819         7.1785432545e-07                            37         3.2050890591e+01        -1.0536724533e+00
           782         1.7443460059e-06                            83         6.3466751224e+01        -1.0536726587e+00
           804         4.0619683037e-06                           171         1.4078639341e+02        -1.0536715215e+00
           823         2.7580932999e-06                           141         9.7930814233e+01        -1.0536726357e+00
           849         2.1459713797e-06                           109         8.1590367386e+01        -1.0536724418e+00
           786         6.2770213079e-07                            29         2.4788220233e+01        -1.0536734706e+00
           808         2.6780827436e-06                           115         7.9213243735e+01        -1.0536734706e+00
           827         1.5872574963e-06                            63         3.8692172321e+01        -1.0536735790e+00
           853         8.0796236947e-07                            41         2.9616700343e+01        -1.0536734706e+00
           790         6.7814608271e-06                           325         2.1902630661e+02        -1.0536724533e+00
           831         5.1882710921e-06                           253         1.7812023111e+02        -1.0536743468e+00
           857         9.6661230462e-07                            67         5.3365151789e+01        -1.0536744993e+00
           794         1.6657598057e-06                            67         4.1186287099e+01        -1.0536725502e+00
           816         3.2561168385e-06                           107         7.0205201510e+01        -1.0536725502e+00
           861         9.9279176910e-07                            29         2.1882081623e+01        -1.0536725502e+00
           820         4.0565478120e-06                           191         1.2298201955e+02        -1.0536746078e+00
           839         3.7515354636e-07                            19         1.6459738610e+01        -1.0536725502e+00
           802         1.0871658573e-06                            57         4.1578362026e+01        -1.0536725502e+00
           824         1.4084721044e-06                            59         5.3510569358e+01        -1.0536734706e+00
           843         2.3732015093e-06                           119         8.8734877264e+01        -1.0536734821e+00
           869         4.7960256422e-07                            17         1.4836179581e+01        -1.0536725502e+00
           828         7.0040985559e-06                           259         1.8271608963e+02        -1.0536746078e+00
           810         2.5643236552e-06                           127         9.8189858944e+01        -1.0536734706e+00
           873         6.8333257014e-06                           387         2.1131267439e+02        -1.0536736875e+00
           832         1.0500555719e-05                           613         3.4191720589e+02        -1.0536744024e+00
           847         1.0109919978e-06                            47         4.1586751848e+01        -1.0536725502e+00
           814         2.8126320067e-06                           111         6.1009428031e+01        -1.0536725502e+00
           877         2.3805916736e-06                           123         7.3989133840e+01        -1.0536736875e+00
           836         3.8189858808e-06                           185         1.0416973865e+02        -1.0536725502e+00
           851         4.1573835009e-06                           209         1.3466956541e+02        -1.0536744024e+00
           818         3.2714295441e-06                           137         1.0520308640e+02        -1.0536734936e+00
           840         1.0227043916e-06                            45         3.9142157543e+01        -1.0536735790e+00
           855         1.7711665287e-06                            85         5.6259294389e+01        -1.0536723977e+00
           822         5.1253658540e-06                           273         1.5728925173e+02        -1.0536754312e+00
           885         5.0659651283e-07                            27         1.9852108495e+01        -1.0536735790e+00
           844         4.1260507194e-06                           187         1.2387057652e+02        -1.0536725617e+00
           859         1.2574207983e-06                            65         4.5392903185e+01        -1.0536725502e+00
           826         1.0611103290e-06                            53         4.6249143427e+01        -1.0536724533e+00
           889         5.2280977829e-06                           271         1.9759292298e+02        -1.0536733736e+00
           863         3.1954933369e-06                           199         1.2317938334e+02        -1.0536716299e+00
           830         2.3462555790e-06                           111         6.6565161633e+01        -1.0536725502e+00
           852         6.4234352685e-07                            25         1.6599336255e+01        -1.0536735790e+00
           893         4.4690578223e-06                           251         1.7011384889e+02        -1.0536755396e+00
           867         8.6139389066e-07                            35         2.1719214734e+01        -1.0536725502e+00
           834         6.3840597088e-07                            43         3.6403032761e+01        -1.0536725502e+00
           856         1.1710762238e-05                           489         3.5391448483e+02        -1.0536717038e+00
           897         3.7745065969e-06                           177         1.4516210363e+02        -1.0536725502e+00
           871         8.6303200609e-06                           385         2.7047933683e+02        -1.0536725502e+00
           838         5.6333840956e-07                            17         1.4317390189e+01        -1.0536735790e+00
           860         4.6728547553e-06                           185         1.2179291849e+02        -1.0536734706e+00
           901         2.1946122336e-06                           115         7.4736861143e+01        -1.0536746193e+00
           875         5.9119758606e-06                           217         1.5919868890e+02        -1.0536747047e+00
           842         1.4198094615e-06                            57         3.7882831529e+01        -1.0536725502e+00
           905         1.7589128482e-06                            57         3.9393647561e+01        -1.0536734821e+00
           846         3.5962131194e-07                            13         1.2526181891e+01        -1.0536725502e+00
           868         3.9435893454e-07                            19         1.7211177857e+01        -1.0536734821e+00
           883         1.3241922064e-06                            87         5.7995808895e+01        -1.0536735790e+00
           872         5.9632282891e-06                           289         2.2226191781e+02        -1.0536728525e+00
           887         2.8553664233e-06                           111         7.5924897126e+01        -1.0536726472e+00
           854         2.3056023110e-06                           141         1.2557017106e+02        -1.0536725502e+00
           876         3.6839637832e-06                           161         1.1448501143e+02        -1.0536725502e+00
           917         1.3264159259e-06                            55         2.6337001035e+01        -1.0536735790e+00
           891         1.4581489815e-06                            87         6.4640091672e+01        -1.0536725502e+00
           858         2.6652423977e-06                           135         9.4892830736e+01        -1.0536734706e+00
           880         2.6934246046e-06                           133         9.9554772453e+01        -1.0536735790e+00
           895         6.4081971962e-07                            29         2.8120315569e+01        -1.0536734821e+00
           862         1.4114744650e-06                            67         3.7901055163e+01        -1.0536734706e+00
           884         5.6255433405e-07                            31         1.9574823772e+01        -1.0536725502e+00
           925         1.8684221453e-06                           121         9.3921672563e+01        -1.0536724418e+00
           899         1.4043349020e-06                            83         5.7723082624e+01        -1.0536735790e+00
           888         5.4205020984e-06                           245         1.3250091709e+02        -1.0536735675e+00
           929         1.8558179850e-07                             9         9.5843271604e+00        -1.0536735790e+00
           903         4.7812406638e-07                            13         1.4706353248e+01        -1.0536735790e+00
           870         1.2578818637e-06                            69         4.9978550264e+01        -1.0536725502e+00
           892         3.5620050133e-06                           173         1.5398891967e+02        -1.0536724418e+00
           907         2.4559086068e-06                           149         8.5249887725e+01        -1.0536725502e+00
           874         1.7786757926e-06                            85         6.2611634195e+01        -1.0536725502e+00
           896         1.4751952307e-06                            71         6.1648325590e+01        -1.0536734821e+00
           937         8.4678104915e-07                            49         3.6571693989e+01        -1.0536735790e+00
           911         2.4540404610e-06                           119         9.0721705554e+01        -1.0536735790e+00
           878         3.2925334794e-06                           225         1.4570155415e+02        -1.0536725617e+00
           900         3.8288983009e-06                           177         1.3650279893e+02        -1.0536736759e+00
           941         1.9654182762e-06                           143         7.1920108427e+01        -1.0536734821e+00
           915         4.8443365325e-06                           239         1.6539904859e+02        -1.0536726587e+00
           882         1.6198638473e-06                            57         4.3809379277e+01        -1.0536715215e+00
           904         2.0853172000e-06                            81         6.5903136641e+01        -1.0536725502e+00
           945         1.5042384226e-06                            91         5.3914224465e+01        -1.0536725502e+00
           919         3.4489702281e-06                           119         1.0150502781e+02        -1.0536715099e+00
           886         1.4223981780e-06                            77         3.5767135796e+01        -1.0536725502e+00
           908         2.4060669343e-06                           111         8.6115667456e+01        -1.0536725502e+00
           949         5.0000882054e-07                            39         3.3285715248e+01        -1.0536725502e+00
           923         1.0164030444e-06                            71         5.4999497665e+01        -1.0536725502e+00
           890         3.0026738103e-06                           167         8.8035550884e+01        -1.0536735790e+00
           953         3.7633135739e-06                           145         1.0743213376e+02        -1.0536744993e+00
           927         1.3193175557e-06                            59         4.8855121660e+01        -1.0536724533e+00
           894         5.4468537259e-06                           285         1.8188515546e+02        -1.0536715215e+00
           957         4.7872517633e-07                            19         1.9162682033e+01        -1.0536734821e+00
           916         2.0277007342e-06                           111         7.5427600386e+01        -1.0536736875e+00
           898         6.6665942006e-06                           375         2.4084860488e+02        -1.0536734821e+00
           961         1.6894999161e-06                            67         5.3860112429e+01        -1.0536726472e+00
           935         2.7178710567e-06                           131         1.0083820496e+02        -1.0536715215e+00
           920         3.7977450944e-06                           143         1.1236092426e+02        -1.0536744993e+00
           902         1.7472558638e-06                            87         4.9446815382e+01        -1.0536746078e+00
           924         8.2715418138e-06                           325         2.4760075022e+02        -1.0536716299e+00
           906         5.9481281499e-07                            37         3.4490403088e+01        -1.0536735790e+00
           928         4.3032435066e-07                            15         1.4193100250e+01        -1.0536725502e+00
           910         2.3940202513e-06                           153         8.5654310264e+01        -1.0536726587e+00
           947         9.0801741666e-07                            57         3.9129845699e+01        -1.0536735790e+00
           932         3.3456151433e-06                           121         1.0021719709e+02        -1.0536726587e+00
           914         7.6994448045e-06                           385         2.3513904911e+02        -1.0536724418e+00
           973         3.0204067788e-06                           151         9.4832134921e+01        -1.0536735790e+00
           951         2.0316103250e-06                           141         6.5212372163e+01        -1.0536734706e+00
           918         1.5786209451e-06                            65         4.3946747348e+01        -1.0536725502e+00
           977         8.8587805241e-07                            31         2.7376047615e+01        -1.0536734706e+00
           940         4.0748811376e-06                           197         1.1585433798e+02        -1.0536725502e+00
           922         2.0178936391e-06                           101         8.5974965524e+01        -1.0536746193e+00
           955         6.5387869023e-06                           297         2.1846655041e+02        -1.0536717383e+00
           981         6.2541841572e-06                           273         2.1387922140e+02        -1.0536747047e+00
           944         5.5057788584e-07                            33         3.0307177015e+01        -1.0536725502e+00
           926         7.5636827311e-07                            49         4.6737673673e+01        -1.0536725617e+00
           985         9.1674633242e-06                           439         3.1685266547e+02        -1.0536716923e+00
           948         3.8237737014e-07                            29         2.7502842590e+01        -1.0536734821e+00
           963         2.1970584298e-06                            83         7.3060041722e+01        -1.0536746078e+00
           930         2.1898053257e-06                           135         8.8069870028e+01        -1.0536733736e+00
           989         6.8464155860e-07                            31         1.7669692177e+01        -1.0536725502e+00
           934         2.3844763165e-06                            89         6.1190445300e+01        -1.0536716299e+00
           967         1.7986234444e-06                            73         6.5837417026e+01        -1.0536726587e+00
           993         8.9088970197e-06                           401         2.7826048486e+02        -1.0536724418e+00
           956         2.0185533235e-06                            75         6.0712156921e+01        -1.0536735790e+00
           938         1.5960821434e-06                            49         4.5445128628e+01        -1.0536724533e+00
           960         2.2418802163e-06                            91         6.3822329968e+01        -1.0536734706e+00
           971         1.3139125070e-06                            41         3.1695478554e+01        -1.0536743909e+00
           942         2.8535249852e-06                           155         1.2356310261e+02        -1.0536734706e+00
           964         7.7242791350e-07                            45         2.9401214840e+01        -1.0536725502e+00
           946         2.4951337709e-06                           153         8.2432677107e+01        -1.0536725502e+00
           979         5.7736898490e-06                           279         1.6754538427e+02        -1.0536734706e+00
           968         2.4917801244e-06                           107         8.4106835680e+01        -1.0536743909e+00
           950         2.1118983566e-06                            97         6.5168149700e+01        -1.0536734706e+00
           983         7.2507974767e-06                           289         2.0410107932e+02        -1.0536725502e+00
           972         3.5954822904e-06                           207         1.4859797112e+02        -1.0536735790e+00
           954         3.0164495412e-06                           123         8.4597102403e+01        -1.0536735790e+00
           987         3.9239902889e-06                           109         8.5915352359e+01        -1.0536744993e+00
           976         2.7097522057e-06                           155         1.0509454975e+02        -1.0536745109e+00
           958         1.8636882240e-06                            73         4.8589901405e+01        -1.0536735790e+00
           980         2.2012174929e-06                           119         8.3254759378e+01        -1.0536746078e+00
           962         1.5920265040e-06                            89         4.6468913333e+01        -1.0536735790e+00
           984         1.4721404928e-06                            85         4.1658592469e+01        -1.0536734706e+00
           966         1.8514385674e-06                           113         7.1094264203e+01        -1.0536735790e+00
           999         4.5199743494e-06                           189         1.5690387673e+02        -1.0536724533e+00
           970         1.6185052154e-06                            73         5.3072038909e+01        -1.0536725502e+00
           992         7.4090405508e-07                            59         3.7159137383e+01        -1.0536735790e+00
           974         1.3757373519e-06                            47         4.4379309082e+01        -1.0536716299e+00
           978         5.8420192940e-07                            43         2.5552733811e+01        -1.0536734706e+00
           982         4.9927662300e-06                           275         1.5443071666e+02        -1.0536725502e+00
           986         3.7633814907e-06                           213         1.5563890611e+02        -1.0536747162e+00
           990         2.9432921377e-06                           143         1.1058182096e+02        -1.0536724418e+00
           994         1.3904245995e-06                            79         4.2122352366e+01        -1.0536735790e+00
           998         3.7065877929e-06                           191         1.4076047997e+02        -1.0536763515e+00
