-4.369447852437374
-4.369447852443776
-4.36944785243833
-4.3694478524479194
-4.369447852444732
-4.3694478524443365
-4.369447852453253
-4.369447852448876
-4.3694478524507385
-4.369447852450984
-4.36944785245309
-4.369447852454209
-4.369447852454882
-4.369447852457386
-4.369447852453859
-4.369447852462605
-4.369447852454046
-4.3694478524602145
-4.369447852461529
-4.369447852460261
-4.3694478524553535
-4.369447852459825
-4.36944785246356
-4.369447852460053
-4.369447852466862
-4.369447852464405
-4.3694478524617555
-4.369447852460091
-4.369447852466498
-4.36944785246078
-4.369447852469566
-4.3694478524667
-4.3694478524697375
-4.3694478524659
-4.369447852466493
-4.369447852461403
-4.369447852466057
-4.369447852467455
-4.369447852466787
-4.369447852476213
-4.369447852469575
-4.369447852471232
-4.369447852470637
-4.369447852467805
-4.369447852466611
-4.369447852474046
-4.369447852467013
-4.369447852473461
-4.369447852473434
-4.369447852479089
-4.36944785247107
-4.36944785247597
-4.369447852471949
-4.369447852473013
-4.3694478524686
-4.3694478524781895
-4.369447852475002
-4.369447852473019
-4.369447852480108
-4.369447852476309
-4.369447852480584
-4.369447852475808
-4.369447852477282
-4.3694478524771565
-4.369447852475002
-4.3694478524746065
-4.369447852483522
-4.369447852479145
-4.369447852481008
-4.3694478524796665
-4.369447852482984
-4.369447852477804
-4.3694478524853215
-4.369447852477119
-4.369447852482489
-4.369447852479145
-4.369447852481008
-4.369447852481253
-4.369447852479761
