14.71573297219074	9.39243576790393
12.081797070186145	15.089222557827378
11.61875404031438	15.089222557827378
16.37313618871343	17.654535186119027
11.74294029939183	15.089222557827378
13.75775130165104	15.089222557827378
12.666868111391482	15.089222557827378
16.37313618871343	17.654535186119027
11.61875404031438	15.089222557827378
16.37313618871343	17.654535186119027
12.08179707018616	15.089222557827378
12.08179707018616	15.089222557827378
17.281045600482386	9.304895666434472
11.47950493587088	15.089222557827378
11.74294029939183	15.089222557827378
13.75775130165104	15.089222557827378
13.75775130165104	15.089222557827378
13.75775130165104	15.089222557827378
11.41840619418161	15.089222557827378
14.71573297219074	7.838509547772605
11.47950493587088	15.089222557827378
11.742940299391812	15.089222557827378
14.71573297219074	8.929392738032163
14.71573297219074	9.129000404383003
16.37313618871343	17.654535186119027
