-5.351858133498481
-5.351858133503096
-5.351858133496116
-5.351858133500635
-5.351858133500648
-5.351858133499811
-5.351858133499837
-5.351858133497468
-5.3518581334965765
-5.351858133500853
-5.351858133497275
-5.3518581334969895
-5.351858133503741
-5.351858133501345
-5.351858133501333
-5.3518581334967985
-5.351858133497958
-5.351858133496383
-5.351858133503224
-5.3518581334969895
-5.351858133500393
-5.351858133495995
-5.3518581334954565
-5.35185813349767
-5.35185813349629
-5.3518581335007465
-5.351858133494088
-5.351858133490137
-5.351858133496367
-5.35185813349491
-5.351858133491481
-5.3518581334953295
-5.351858133500917
-5.351858133498508
-5.351858133496836
-5.351858133491973
-5.3518581334915565
-5.351858133498544
-5.351858133494812
-5.351858133494599
-5.351858133495335
-5.351858133492491
-5.351858133493312
-5.351858133497226
-5.351858133494997
-5.351858133486757
-5.351858133489928
-5.351858133490423
-5.351858133489116
-5.35185813348982
-5.351858133492505
-5.35185813349808
-5.351858133494011
-5.35185813349201
-5.351858133485572
-5.351858133493717
-5.351858133490131
-5.351858133492422
-5.351858133492369
-5.351858133488133
-5.351858133494248
-5.3518581334914765
-5.351858133487666
-5.351858133486547
-5.351858133483984
-5.35185813348463
-5.351858133487456
-5.351858133486997
-5.351858133489668
-5.351858133493584
-5.351858133489186
-5.351858133485609
-5.351858133487733
-5.3518581334853055
-5.351858133487741
-5.351858133488012
-5.351858133489069
-5.3518581334884985
-5.3518581334841455
-5.351858133487457
-5.3518581334806035
-5.35185813347819
-5.35185813348297
-5.351858133484631
-5.35185813348416
-5.351858133485172
-5.351858133488758
-5.351858133482785
-5.35185813348777
-5.351858133479321
-5.351858133482915
-5.351858133488947
-5.3518581334833195
-5.3518581334811675
-5.351858133483935
-5.351858133481513
-5.35185813347481
-5.35185813347653
-5.351858133480145
-5.3518581334817945
-5.351858133479663
-5.351858133480346
-5.351858133482358
-5.351858133484946
-5.351858133479358
-5.351858133476931
-5.351858133483198
-5.3518581334759885
-5.351858133480958
-5.351858133477992
-5.351858133475719
-5.35185813347315
-5.351858133473706
-5.351858133477308
-5.3518581334772986
-5.351858133474837
-5.351858133473945
-5.3518581334845186
-5.351858133476534
-5.351858133476968
-5.351858133475867
-5.351858133475779
-5.351858133475014
-5.351858133472199
-5.351858133474059
-5.3518581334703255
-5.351858133470869
-5.351858133472812
-5.351858133472472
-5.351858133468436
-5.351858133476106
-5.351858133476106
-5.351858133474144
-5.351858133475657
-5.351858133469835
-5.351858133469221
-5.351858133470538
-5.351858133471235
-5.351858133467489
-5.351858133466373
-5.351858133467986
-5.351858133466072
-5.351858133470597
-5.351858133467694
-5.351858133473716
-5.3518581334697135
-5.351858133464042
-5.351858133467561
-5.351858133467714
-5.351858133468398
-5.351858133462992
-5.351858133461547
-5.351858133461585
-5.351858133468233
-5.351858133462185
-5.351858133465304
-5.35185813346392
-5.351858133462382
-5.351858133464736
-5.351858133464877
-5.351858133463902
-5.351858133458166
-5.351858133455146
-5.351858133463746
-5.35185813345982
-5.351858133459795
-5.35185813346226
-5.351858133459557
-5.351858133461899
-5.3518581334603805
-5.351858133459076
-5.351858133451765
-5.3518581334573065
-5.351858133455334
-5.35185813345743
-5.3518581334594355
-5.35185813345672
-5.3518581334574025
-5.351858133455555
-5.351858133452675
-5.351858133453926
-5.351858133448895
-5.351858133452944
-5.351858133456599
-5.351858133452224
-5.351858133452577
-5.351858133449154
-5.351858133454836
-5.351858133445514
-5.3518581334465045
-5.351858133452102
-5.351858133447398
-5.351858133446176
-5.351858133451315
-5.351858133446424
-5.351858133443124
-5.351858133447276
-5.351858133440997
-5.351858133448337
-5.351858133442903
-5.351858133444034
-5.351858133440875
-5.351858133443158
-5.351858133439925
-5.351858133440513
-5.351858133443036
-5.351858133434746
-5.351858133437535
-5.351858133434624
-5.351858133432356
-5.351858133432234
