-5.31811999380184
-5.318119993808211
-5.318119993795721
-5.318119993807205
-5.3181199938144585
-5.31811999380217
-5.3181199938134105
-5.318119993813081
-5.318119993817652
-5.318119993808541
-5.318119993816604
-5.318119993816276
-5.318119993816276
-5.318119993819799
-5.318119993814787
-5.318119993819081
-5.318119993818751
-5.318119993818751
-5.318119993819865
-5.3181199938212265
-5.318119993817652
-5.3181199938212265
-5.3181199938212265
-5.3181199938212265
-5.31811999382234
-5.318119993824359
-5.318119993823613
-5.318119993819081
-5.318119993822894
-5.318119993823613
-5.318119993823942
-5.318119993825055
-5.318119993827074
-5.318119993829092
-5.318119993826088
-5.3181199938212265
-5.31811999382504
-5.31811999382504
-5.318119993826088
-5.318119993827531
-5.31811999382955
-5.3181199938315675
-5.318119993834651
-5.318119993827516
-5.318119993823942
-5.318119993827516
-5.318119993827187
-5.318119993827516
-5.3181199938296775
-5.318119993832025
-5.318119993834044
-5.318119993837127
-5.3181199938400905
-5.318119993829992
-5.31811999382537
-5.318119993828944
-5.318119993829662
-5.318119993829662
-5.318119993831105
-5.318119993834172
-5.318119993836519
-5.318119993839603
-5.318119993842566
-5.31811999384565
-5.318119993832467
-5.318119993827845
-5.318119993831419
-5.31811999383109
-5.318119993832138
-5.3181199938332515
-5.318119993835599
-5.318119993838665
-5.318119993842078
-5.318119993845041
-5.318119993848125
-5.318119993850144
-5.318119993834943
-5.3181199938303205
-5.3181199938338946
-5.318119993833566
-5.318119993833566
-5.318119993835727
-5.318119993837746
-5.318119993840093
-5.318119993844225
-5.318119993847517
-5.3181199938506
-5.318119993852619
-5.318119993837089
-5.318119993832796
-5.31811999383637
-5.318119993836041
-5.318119993836041
-5.318119993837155
-5.318119993840221
-5.31811999384224
-5.318119993845652
-5.318119993849663
-5.3181199938530765
-5.3181199938550945
-5.3181199938406785
-5.318119993834943
-5.318119993838517
-5.318119993838517
-5.318119993838517
-5.31811999383963
-5.318119993841649
-5.318119993844715
-5.318119993847799
-5.3181199938510915
-5.318119993855222
-5.31811999385757
-5.318119993845998
-5.318119993838532
-5.318119993841866
-5.3181199938404236
-5.318119993840752
-5.318119993841866
-5.318119993843885
-5.318119993845904
-5.3181199938500345
-5.318119993852998
-5.318119993856411
-5.318119993859477
-5.318119993851364
-5.318119993844091
-5.318119993847352
-5.31811999384394
-5.318119993842826
-5.318119993844269
-5.318119993846287
-5.318119993848306
-5.31811999385139
-5.318119993855401
-5.318119993858485
-5.318119993860832
-5.31811999385684
-5.31811999384929
-5.318119993852709
-5.318119993849416
-5.318119993846333
-5.318119993846333
-5.31811999384868
-5.318119993850699
-5.318119993853782
-5.318119993856746
-5.3181199938608765
-5.318119993862895
-5.3181199938547765
-5.318119993858176
-5.318119993854763
-5.3181199938518
-5.31811999384983
-5.318119993850734
-5.318119993853082
-5.318119993856166
-5.3181199938591295
-5.318119993862212
-5.318119993865279
-5.318119993860223
-5.318119993857139
-5.318119993855289
-5.318119993854224
-5.318119993855129
-5.3181199938585415
-5.3181199938615045
-5.318119993864588
-5.318119993866607
-5.318119993862591
-5.318119993860621
-5.318119993859676
-5.318119993858611
-5.318119993860581
-5.318119993863873
-5.318119993866957
-5.318119993868975
-5.318119993866067
-5.318119993865001
-5.318119993864056
-5.318119993864056
-5.318119993865906
-5.318119993869319
-5.3181199938713375
-5.318119993870441
-5.318119993869376
-5.318119993869496
-5.318119993869376
-5.318119993871346
-5.318119993873694
-5.31811999387481
-5.31811999387481
-5.31811999387481
-5.31811999387481
-5.318119993875715
-5.31811999388024
-5.31811999388012
-5.31811999388024
-5.318119993879175
-5.318119993885545
-5.318119993885545
-5.3181199938846
-5.318119993890965
-5.3181199938899
-5.318119993895317
