-6.045005314000415
-6.045005314011183
-6.045005314016357
-6.045005314015388
-6.045005314010429
-6.045005314020561
-6.045005314021132
-6.045005314004619
-6.045005314016797
-6.045005314014634
-6.045005314026306
-6.045005314028283
-6.045005314010364
-6.045005314008243
-6.045005314021002
-6.045005314020378
-6.045005314033457
-6.045005314028302
-6.045005314017515
-6.045005314004917
-6.045005314012448
-6.045005314026747
-6.045005314027529
-6.045005314033475
-6.045005314035589
-6.0450053140175335
-6.0450053140040065
-6.0450053140091216
-6.045005314018193
-6.045005314033897
-6.045005314027548
-6.045005314040764
-6.045005314039464
-6.045005314024822
-6.045005314005138
-6.045005314008211
-6.045005314014866
-6.045005314025343
-6.045005314033916
-6.045005314034835
-6.045005314044638
-6.045005314043949
-6.045005314028696
-6.045005314007257
-6.045005314009343
-6.045005314013957
-6.045005314022017
-6.045005314025363
-6.045005314041204
-6.04500531403871
-6.0450053140491224
-6.045005314043657
-6.0450053140331805
-6.045005314011882
-6.045005314011462
-6.0450053140150874
-6.045005314021107
-6.045005314022036
-6.04500531403265
-6.045005314045079
-6.045005314043195
-6.04500531404883
-6.045005314050944
-6.045005314032888
-6.045005314007904
-6.045005314016087
-6.0450053140172075
-6.045005314022238
-6.045005314021126
-6.045005314029324
-6.045005314036525
-6.045005314049563
-6.0450053140429025
-6.045005314056118
-6.045005314055133
-6.045005314040176
-6.045005314011652
-6.0450053140121085
-6.045005314021831
-6.045005314024357
-6.045005314022257
-6.045005314028414
-6.045005314033198
-6.04500531404101
-6.045005314049271
-6.04500531405019
-6.045005314060306
-6.045005314058213
-6.0450053140443645
-6.045005314007904
-6.045005314015857
-6.045005314017853
-6.045005314028982
-6.045005314024377
-6.045005314029545
-6.045005314032288
-6.045005314037683
-6.045005314040718
-6.045005314056558
-6.045005314054379
-6.0450053140633875
-6.045005314057975
-6.045005314047446
-6.045005314013764
-6.0450053140121085
-6.045005314021602
-6.045005314025004
-6.045005314029001
-6.045005314031664
-6.0450053140334195
-6.045005314036773
-6.0450053140373905
-6.045005314048005
-6.045005314060747
-6.045005314057459
-6.045005314063149
-6.045005314061584
-6.045005314047207
-6.045005314008243
-6.045005314017969
-6.045005314017853
-6.045005314028752
-6.045005314025023
-6.045005314036289
-6.045005314035539
-6.045005314037904
-6.04500531403648
-6.045005314044678
-6.045005314052193
-6.045005314063828
-6.045005314057221
-6.045005314066757
-6.045005314068572
-6.045005314050815
-6.045005314004917
-6.045005314012448
-6.045005314023714
-6.045005314025004
-6.045005314028771
-6.045005314032311
-6.045005314040163
-6.045005314040024
-6.045005314037612
-6.0450053140437685
-6.045005314048867
-6.045005314055274
-6.045005314063589
-6.0450053140608295
-6.045005314073746
-6.045005314074317
-6.045005314057804
-6.0450053140040065
-6.0450053140091216
-6.045005314018193
-6.045005314030864
-6.045005314025023
-6.045005314036059
-6.045005314036185
-6.045005314044648
-6.045005314039731
-6.045005314044899
-6.045005314047956
-6.045005314051948
-6.045005314055036
-6.045005314067198
-6.045005314067818
-6.045005314079491
-6.045005314081467
-6.045005314063549
-6.045005314006622
-6.045005314008211
-6.045005314014866
-6.045005314025343
-6.045005314030884
-6.045005314032311
-6.045005314039933
-6.04500531404067
-6.045005314044356
-6.045005314047019
-6.045005314049088
-6.045005314051037
-6.045005314051709
-6.045005314058644
-6.045005314074187
-6.045005314073563
-6.045005314086641
-6.04500531408045
-6.045005314070699
-6.045005314007227
-6.045005314010827
-6.045005314013957
-6.045005314022017
-6.045005314025363
-6.045005314038171
-6.045005314036185
-6.045005314044419
-6.045005314040377
-6.045005314051644
-6.045005314051207
-6.045005314052169
-6.045005314050798
-6.0450053140553175
-6.045005314065633
-6.045005314079932
-6.045005314080713
-6.045005314085624
-6.045005314084059
-6.045005314069682
-6.045005314009994
-6.045005314011432
-6.0450053140165725
-6.045005314021107
-6.045005314022036
-6.04500531403265
-6.045005314042046
-6.04500531404067
-6.0450053140441256
-6.045005314047665
-6.045005314055832
-6.045005314054288
-6.04500531405193
-6.045005314054407
-6.045005314062307
-6.0450053140713775
-6.045005314087081
-6.045005314079696
-6.045005314089233
-6.04500531409408
-6.045005314073291
-6.045005314007633
-6.045005314014198
-6.0450053140171764
-6.045005314023722
-6.045005314021126
-6.045005314029324
-6.045005314036525
-6.045005314046531
-6.045005314040377
-6.045005314051414
-6.045005314051854
-6.045005314058913
-6.045005314054049
-6.045005314055539
-6.045005314061396
-6.045005314068051
-6.045005314078528
-6.0450053140860645
-6.045005314083305
-6.045005314083312
-6.045005314007159
-6.045005314011838
-6.045005314019944
-6.045005314024327
-6.045005314023741
-6.045005314028414
-6.045005314033198
-6.04500531404101
-6.0450053140462385
-6.045005314047665
-6.045005314055602
-6.045005314054935
-6.045005314058674
-6.045005314057658
-6.045005314062528
-6.045005314067141
-6.045005314075201
-6.045005314077511
-6.045005314006308
-6.045005314011363
-6.045005314017582
-6.045005314027094
-6.045005314024346
-6.045005314031029
-6.045005314032288
-6.045005314037683
-6.045005314040718
-6.045005314053526
-6.045005314051854
-6.045005314058683
-6.045005314054696
-6.045005314062283
-6.045005314064647
-6.0450053140682725
-6.045005314074292
-6.045005314012017
-6.045005314010512
-6.045005314017109
-6.045005314024733
-6.045005314027113
-6.045005314031634
-6.045005314034904
-6.045005314036773
-6.0450053140373905
-6.045005314048005
-6.045005314057714
-6.045005314054935
-6.045005314058444
-6.045005314058304
-6.045005314069272
-6.045005314070392
-6.045005314007804
-6.045005314016222
-6.045005314016258
-6.045005314024259
-6.045005314024752
-6.045005314034401
-6.0450053140355084
-6.045005314039389
-6.04500531403648
-6.045005314044678
-6.045005314052193
-6.045005314060795
-6.045005314054696
-6.0450053140620525
-6.0450053140652935
-6.0450053140079545
-6.045005314012009
-6.045005314021966
-6.045005314023408
-6.045005314024278
-6.04500531403204
-6.045005314038275
-6.045005314039993
-6.045005314039096
-6.0450053140437685
-6.045005314048867
-6.045005314055274
-6.045005314060557
-6.045005314058304
-6.0450053140086375
-6.045005314012159
-6.045005314017755
-6.045005314029117
-6.0450053140234274
-6.045005314031566
-6.045005314035914
-6.04500531404276
-6.045005314039701
-6.045005314046384
-6.045005314047956
-6.045005314051948
-6.045005314055036
-6.045005314010321
-6.045005314012842
-6.045005314017905
-6.0450053140249045
-6.045005314029136
-6.045005314030715
-6.04500531403544
-6.045005314040399
-6.045005314042467
-6.045005314046988
-6.045005314050572
-6.045005314051037
-6.045005314007227
-6.045005314014525
-6.045005314018588
-6.045005314025055
-6.045005314024924
-6.045005314036423
-6.04500531403459
-6.045005314039925
-6.0450053140401065
-6.045005314049756
-6.045005314051177
-6.045005314006427
-6.045005314011432
-6.04500531402027
-6.045005314025738
-6.045005314025074
-6.0450053140322115
-6.045005314040298
-6.0450053140390745
-6.045005314039632
-6.045005314047394
-6.045005314006308
-6.0450053140106315
-6.0450053140171764
-6.045005314027421
-6.045005314025756
-6.045005314032362
-6.045005314036086
-6.045005314044783
-6.045005314038782
-6.045005314012017
-6.045005314010512
-6.045005314016376
-6.045005314024327
-6.045005314027439
-6.045005314033045
-6.045005314036236
-6.045005314040571
-6.045005314007804
-6.045005314016222
-6.045005314016258
-6.045005314023527
-6.045005314024346
-6.045005314034727
-6.045005314036919
-6.045005314006789
-6.045005314012009
-6.045005314021966
-6.045005314023408
-6.045005314023546
-6.045005314031634
-6.045005314007257
-6.045005314010994
-6.045005314017755
-6.045005314029117
-6.0450053140234274
-6.045005314011882
-6.045005314011462
-6.045005314016739
-6.0450053140249045
-6.045005314007904
-6.045005314016087
-6.0450053140172075
-6.045005314011652
-6.0450053140121085
-6.045005314007904
-6.045005314003709
-6.0450053140015685
