15.610061906333364	9.723595926684169
14.187281751408195	15.829552447414393
14.829205135620754	15.829552447414393
17.25751386909166	18.27739856311515
13.746502380197056	15.829552447414393
15.597720394808565	15.829552447414393
15.153185795118645	15.829552447414393
17.25751386909166	18.27739856311515
14.829205135620754	15.829552447414393
17.257513869091646	18.27739856311515
14.18728175140818	15.829552447414393
14.187281751408195	15.829552447414393
18.05790802203412	10.561885352910252
13.362378116041576	15.829552447414393
13.74650238019704	15.829552447414393
15.59772039480855	15.829552447414393
15.597720394808565	15.829552447414393
15.59772039480855	15.829552447414393
13.584235328071697	15.829552447414393
15.610061906333364	9.92098471120682
13.362378116041576	15.829552447414393
13.74650238019704	15.829552447414393
15.610061906333364	10.365519310896726
15.610061906333364	9.339471662528705
17.257513869091646	18.27739856311515
