      3      0         0.0000000000e+00                             0
      3      0         5.0000000000e+05                        726401
      7      0         2.5000000000e+07                        726403
      7      0         2.6000000000e+07                        726407
      5      0         2.6500000000e+07                       1094404
      8      0         4.1500000000e+07                       1094406
     23      2         4.2500000000e+07                       1094409
      6      0         4.3000000000e+07                       1094410
     23      2         4.6000000000e+07                       1094411
      6      0         4.6500000000e+07                       1094412
      8      0         4.8500000000e+07                       1094414
      1      0         4.9500000000e+07                       1964685
      7      0         8.1000000000e+07                       1964687
      7      0         8.2000000000e+07                       1964689
      7      0         8.2500000000e+07                       1964691
      7      0         8.3000000000e+07                       1964693
      7      0         8.4500000000e+07                       1964695
      7      0         8.5000000000e+07                       1964697
      7      0         8.6500000000e+07                       1964699
      7      0         8.7500000000e+07                       1964703
      7      0         8.8000000000e+07                       1964707
     14      1         8.8500000000e+07                       1964710
      7      0         8.9000000000e+07                       1964711
      7      0         8.9500000000e+07                       1964713
      7      0         9.0000000000e+07                       1964715
     16      1         9.0500000000e+07                       1964718
      7      0         9.1000000000e+07                       1964719
      7      0         9.1500000000e+07                       1964723
      7      0         9.2500000000e+07                       1964725
      7      0         9.3000000000e+07                       1964727
      7      0         9.3500000000e+07                       1964729
      9      1         9.4000000000e+07                       2112733
      7      0         9.9000000000e+07                       2112734
      7      0         9.9500000000e+07                       2112742
      7      0         1.0000000000e+08                       2112744
      7      0         1.0150000000e+08                       2112746
      7      0         1.0350000000e+08                       2112750
      7      0         1.0500000000e+08                       2112752
      7      0         1.0650000000e+08                       2112754
      7      0         1.0700000000e+08                       2112756
      7      0         1.0800000000e+08                       2112760
      3      0         1.0850000000e+08                       4057928
      6      0         1.7450000000e+08                       4057932
      6      0         1.7500000000e+08                       4057934
      6      0         1.7550000000e+08                       4057936
     23      2         1.7650000000e+08                       4057937
      8      0         1.7700000000e+08                       4057942
      6      0         1.7800000000e+08                       4057944
     23      2         1.7900000000e+08                       4057945
      3      0         1.7950000000e+08                       7169722
      7      0         2.8450000000e+08                       7169724
      7      0         2.8500000000e+08                       7169726
     16      1         2.8650000000e+08                       7169727
      7      0         2.8700000000e+08                       7169728
      7      0         2.8800000000e+08                       7169738
      7      0         2.9000000000e+08                       7169740
      7      0         2.9050000000e+08                       7169742
      7      0         2.9150000000e+08                       7169746
      9      1         2.9200000000e+08                       8371811
     32      3         3.3250000000e+08                       8371814
     30      3         3.3300000000e+08                       8371818
     30      3         3.3350000000e+08                       8371828
     32      3         3.3400000000e+08                       8371838
     30      3         3.3450000000e+08                       8371844
     30      3         3.3500000000e+08                       8371854
     15      1         3.3550000000e+08                       8371863
     30      3         3.3600000000e+08                       8371868
     30      3         3.3650000000e+08                       8371878
     32      3         3.3700000000e+08                       8371884
     30      3         3.3750000000e+08                       8371896
     30      3         3.3800000000e+08                       8371904
     30      3         3.3850000000e+08                       8371912
     32      3         3.3900000000e+08                       8371922
     15      1         3.3950000000e+08                       8371927
     30      3         3.4000000000e+08                       8371930
     15      1         3.4050000000e+08                       8371935
     30      3         3.4100000000e+08                       8371942
     32      3         3.4150000000e+08                       8371948
     32      3         3.4200000000e+08                       8371952
     32      3         3.4250000000e+08                       8371956
     15      1         3.4300000000e+08                       8371961
     32      3         3.4350000000e+08                       8371966
     30      3         3.4400000000e+08                       8371974
     32      3         3.4450000000e+08                       8371982
     30      3         3.4500000000e+08                       8371988
     32      3         3.4550000000e+08                       8371994
     32      3         3.4600000000e+08                       8372000
     30      3         3.4650000000e+08                       8372004
     30      3         3.4700000000e+08                       8372008
     32      3         3.4800000000e+08                       8372018
     32      3         3.4850000000e+08                       8372024
     15      1         3.4900000000e+08                       8372033
     30      3         3.4950000000e+08                       8372042
     30      3         3.5000000000e+08                       8372054
     30      3         3.5050000000e+08                       8372068
     32      3         3.5100000000e+08                       8372078
     15      1         3.5150000000e+08                       8372083
     30      3         3.5200000000e+08                       8372090
     15      1         3.5250000000e+08                       8372097
     30      3         3.5300000000e+08                       8372098
     30      3         3.5350000000e+08                       8372106
     30      3         3.5400000000e+08                       8372118
     32      3         3.5450000000e+08                       8372122
     30      3         3.5500000000e+08                       8372126
     30      3         3.5550000000e+08                       8372134
     30      3         3.5600000000e+08                       8372140
     30      3         3.5650000000e+08                       8372146
     30      3         3.5700000000e+08                       8372158
     32      3         3.5750000000e+08                       8372166
     30      3         3.5800000000e+08                       8372170
     30      3         3.5850000000e+08                       8372176
     13      1         3.5900000000e+08                       8931681
      7      0         3.7800000000e+08                       8931684
      7      0         3.7900000000e+08                       8931686
      7      0         3.8000000000e+08                       8931688
     12      1         3.8050000000e+08                       9102606
      7      0         3.8650000000e+08                       9102609
      7      0         3.8700000000e+08                       9102611
      7      0         3.8750000000e+08                       9102613
      7      0         3.8850000000e+08                       9102615
     16      1         3.8900000000e+08                       9102616
      7      0         3.8950000000e+08                       9102617
      7      0         3.9050000000e+08                       9102621
      7      0         3.9100000000e+08                       9102625
      7      0         3.9200000000e+08                       9102629
      5      0         3.9350000000e+08                      11954709
      6      0         4.9050000000e+08                      11954711
      6      0         4.9100000000e+08                      11954713
      8      0         4.9150000000e+08                      11954715
      3      0         4.9200000000e+08                      12484223
      8      0         5.1450000000e+08                      12484225
      6      0         5.1650000000e+08                      12484227
      6      0         5.1700000000e+08                      12484231
     23      2         5.2100000000e+08                      12484234
     23      2         5.2150000000e+08                      12484236
      6      0         5.2200000000e+08                      12484237
     23      2         5.2300000000e+08                      12484238
     23      2         5.2350000000e+08                      12484240
      6      0         5.2400000000e+08                      12484241
     23      2         5.2550000000e+08                      12484242
     23      2         5.2600000000e+08                      12484244
      8      0         5.2650000000e+08                      12484247
     23      2         5.2800000000e+08                      12484248
      6      0         5.2850000000e+08                      12484249
      6      0         5.2950000000e+08                      12484251
      6      0         5.3000000000e+08                      12484253
      8      0         5.3050000000e+08                      12484255
      8      0         5.3150000000e+08                      12484257
     23      2         5.3250000000e+08                      12484258
      8      0         5.3300000000e+08                      12484261
      6      0         5.3400000000e+08                      12484263
     23      2         5.3500000000e+08                      12484268
      8      0         5.3550000000e+08                      12484269
      8      0         5.3650000000e+08                      12484273
     23      2         5.3800000000e+08                      12484274
      6      0         5.3850000000e+08                      12484275
      6      0         5.4000000000e+08                      12484277
      6      0         5.4050000000e+08                      12484279
      8      0         5.4200000000e+08                      12484281
     23      2         5.4500000000e+08                      12484282
      8      0         5.4550000000e+08                      12484285
      6      0         5.4600000000e+08                      12484287
     23      2         5.4750000000e+08                      12484288
      8      0         5.4800000000e+08                      12484289
      8      0         5.4850000000e+08                      12484291
      6      0         5.4900000000e+08                      12484293
      6      0         5.4950000000e+08                      12484295
      6      0         5.5250000000e+08                      12484297
     23      2         5.5300000000e+08                      12484298
     23      2         5.5350000000e+08                      12484300
      6      0         5.5400000000e+08                      12484301
      8      0         5.5500000000e+08                      12484303
     23      2         5.5600000000e+08                      12484304
     23      2         5.5650000000e+08                      12484306
      6      0         5.5700000000e+08                      12484307
      8      0         5.5800000000e+08                      12484309
      1      0         5.5900000000e+08                      17692813
     23      2         7.3450000000e+08                      17692814
     23      2         7.3500000000e+08                      17692816
      6      0         7.3550000000e+08                      17692817
      8      0         7.3600000000e+08                      17692819
      5      0         7.3650000000e+08                      17754242
      7      0         7.3850000000e+08                      17754244
     16      1         7.3900000000e+08                      17754247
      7      0         7.3950000000e+08                      17754248
      7      0         7.4000000000e+08                      17754250
      7      0         7.4050000000e+08                      17754252
     14      1         7.4100000000e+08                      17754253
      7      0         7.4150000000e+08                      17754258
      7      0         7.4250000000e+08                      17754266
      7      0         7.4300000000e+08                      17754268
      7      0         7.4350000000e+08                      17754270
      7      0         7.4400000000e+08                      17754272
      7      0         7.4500000000e+08                      17754276
      7      0         7.4550000000e+08                      17754278
      7      0         7.4600000000e+08                      17754280
      7      0         7.4650000000e+08                      17754284
     16      1         7.4700000000e+08                      17754287
      7      0         7.4750000000e+08                      17754290
      7      0         7.4850000000e+08                      17754292
      7      0         7.4900000000e+08                      17754294
      7      0         7.4950000000e+08                      17754298
      3      0         7.5000000000e+08                      18924417
      1      0         7.9150000000e+08                      19104748
      6      0         7.9850000000e+08                      19104750
     23      2         7.9900000000e+08                      19104751
      6      0         7.9950000000e+08                      19104752
      8      0         8.0050000000e+08                      19104754
      6      0         8.0100000000e+08                      19104756
     23      2         8.0300000000e+08                      19104759
      8      0         8.0350000000e+08                      19104762
      8      0         8.0550000000e+08                      19104764
      6      0         8.0650000000e+08                      19104766
      6      0         8.0950000000e+08                      19104768
     23      2         8.1050000000e+08                      19104769
      8      0         8.1100000000e+08                      19104772
      6      0         8.1200000000e+08                      19104774
      6      0         8.1300000000e+08                      19104776
      6      0         8.1450000000e+08                      19104778
      6      0         8.1700000000e+08                      19104780
      6      0         8.1750000000e+08                      19104782
      6      0         8.1900000000e+08                      19104784
      6      0         8.1950000000e+08                      19104786
      8      0         8.2000000000e+08                      19104790
     23      2         8.2100000000e+08                      19104793
      8      0         8.2150000000e+08                      19104796
     23      2         8.2300000000e+08                      19104797
      8      0         8.2350000000e+08                      19104798
      8      0         8.2450000000e+08                      19104802
      8      0         8.2600000000e+08                      19104804
      8      0         8.2900000000e+08                      19104806
      4      0         8.3150000000e+08                      20434210
      6      0         8.8250000000e+08                      20434212
     23      2         8.8300000000e+08                      20434213
      8      0         8.8350000000e+08                      20434214
     23      2         8.8500000000e+08                      20434215
      8      0         8.8550000000e+08                      20434216
      8      0         8.8650000000e+08                      20434218
      8      0         8.8750000000e+08                      20434220
      6      0         8.8850000000e+08                      20434222
     23      2         8.8900000000e+08                      20434223
      6      0         8.8950000000e+08                      20434224
      6      0         8.9000000000e+08                      20434226
      6      0         8.9050000000e+08                      20434228
      8      0         8.9150000000e+08                      20434232
      8      0         8.9250000000e+08                      20434234
     23      2         8.9550000000e+08                      20434237
     23      2         8.9600000000e+08                      20434241
      8      0         8.9650000000e+08                      20434242
      6      0         8.9950000000e+08                      20434244
     23      2         9.0050000000e+08                      20434245
     23      2         9.0100000000e+08                      20434247
      6      0         9.0150000000e+08                      20434248
     23      2         9.0200000000e+08                      20434249
      8      0         9.0250000000e+08                      20434250
     23      2         9.0300000000e+08                      20434251
      1      0         9.0350000000e+08                      20631670
      7      0         9.1050000000e+08                      20631672
      7      0         9.1100000000e+08                      20631674
      7      0         9.1150000000e+08                      20631678
      7      0         9.1200000000e+08                      20631682
      7      0         9.1300000000e+08                      20631684
      7      0         9.1350000000e+08                      20631686
      1      0         9.1600000000e+08                      20891777
      7      0         9.2550000000e+08                      20891779
     12      1         9.2600000000e+08                      21144094
      7      0         9.3450000000e+08                      21144095
      7      0         9.3500000000e+08                      21144097
      7      0         9.3550000000e+08                      21144099
      7      0         9.3600000000e+08                      21144101
      7      0         9.3700000000e+08                      21144105
      7      0         9.3750000000e+08                      21144107
      7      0         9.3850000000e+08                      21144109
      7      0         9.3900000000e+08                      21144113
      7      0         9.3950000000e+08                      21144115
      7      0         9.4000000000e+08                      21144117
      7      0         9.4050000000e+08                      21144119
      7      0         9.4100000000e+08                      21144121
      7      0         9.4150000000e+08                      21144123
      7      0         9.4200000000e+08                      21144125
     16      1         9.4350000000e+08                      21144128
      7      0         9.4400000000e+08                      21144129
      7      0         9.4450000000e+08                      21144131
      7      0         9.4600000000e+08                      21144133
      7      0         9.4650000000e+08                      21144135
      7      0         9.4700000000e+08                      21144139
     16      1         9.4850000000e+08                      21144142
      7      0         9.4900000000e+08                      21144145
      7      0         9.4950000000e+08                      21144151
      7      0         9.5000000000e+08                      21144157
      7      0         9.5050000000e+08                      21144159
      7      0         9.5100000000e+08                      21144161
      7      0         9.5150000000e+08                      21144163
      7      0         9.5300000000e+08                      21144167
      7      0         9.5350000000e+08                      21144169
      7      0         9.5400000000e+08                      21144171
      7      0         9.5450000000e+08                      21144175
      7      0         9.5500000000e+08                      21144177
     16      1         9.5600000000e+08                      21144180
      7      0         9.5650000000e+08                      21144183
      7      0         9.5700000000e+08                      21144189
      7      0         9.5750000000e+08                      21144191
      7      0         9.5800000000e+08                      21144193
      7      0         9.5850000000e+08                      21144195
      7      0         9.5950000000e+08                      21144197
      7      0         9.6000000000e+08                      21144199
      1      0         9.6100000000e+08                      23766987
