     17      2         0.0000000000e+00                             0
     17      2         5.0000000000e+05                        433003
     24      2         5.1750000000e+08                        433005
     22      2         5.1800000000e+08                        433007
     24      2         5.1850000000e+08                        433009
     31      3         5.1900000000e+08                        433014
     24      2         5.1950000000e+08                        433021
     24      2         5.2150000000e+08                        433023
     31      3         5.2200000000e+08                        433024
     31      3         5.2250000000e+08                        433028
     24      2         5.2300000000e+08                        433035
     24      2         5.2350000000e+08                        433039
     22      2         5.2400000000e+08                        433041
     22      2         5.2450000000e+08                        433045
     22      2         5.2500000000e+08                        433053
     24      2         5.2600000000e+08                        433059
     24      2         5.2650000000e+08                        433061
     22      2         5.2700000000e+08                        433063
     24      2         5.2750000000e+08                        433065
     31      3         5.2800000000e+08                        433066
     24      2         5.2850000000e+08                        433067
     24      2         5.2900000000e+08                        433071
     22      2         5.2950000000e+08                        433075
     24      2         5.3000000000e+08                        433079
     24      2         5.3050000000e+08                        433083
     31      3         5.3100000000e+08                        433086
     31      3         5.3150000000e+08                        433090
     24      2         5.3200000000e+08                        433095
     24      2         5.3250000000e+08                        433099
     22      2         5.3300000000e+08                        433103
     24      2         5.3350000000e+08                        433105
     24      2         5.3400000000e+08                        433111
     24      2         5.3450000000e+08                        433115
     22      2         5.3500000000e+08                        433119
     31      3         5.3550000000e+08                        433124
     31      3         5.3600000000e+08                        433128
     31      3         5.3650000000e+08                        433130
     31      3         5.3700000000e+08                        433138
     22      2         5.3750000000e+08                        433139
     22      2         5.3800000000e+08                        433143
     31      3         5.3850000000e+08                        433146
     31      3         5.3900000000e+08                        433152
     24      2         5.3950000000e+08                        433155
     24      2         5.4000000000e+08                        433157
     24      2         5.4050000000e+08                        433159
     24      2         5.4100000000e+08                        433165
     24      2         5.4150000000e+08                        433167
     22      2         5.4200000000e+08                        433171
     24      2         5.4250000000e+08                        433173
     22      2         5.4300000000e+08                        433175
     24      2         5.4350000000e+08                        433181
     24      2         5.4400000000e+08                        433187
     24      2         5.4450000000e+08                        433189
     31      3         5.4500000000e+08                        433194
     24      2         5.4550000000e+08                        433199
     24      2         5.4600000000e+08                        433205
     31      3         5.4650000000e+08                        433212
     24      2         5.4700000000e+08                        433213
     24      2         5.4750000000e+08                        433217
     24      2         5.4850000000e+08                        433219
     31      3         5.4900000000e+08                        433224
     24      2         5.4950000000e+08                        433227
     22      2         5.5000000000e+08                        433233
     24      2         5.5050000000e+08                        433235
     31      3         5.5150000000e+08                        433238
     22      2         5.5200000000e+08                        433241
     22      2         5.5300000000e+08                        433243
     22      2         5.5350000000e+08                        433245
     22      2         5.5400000000e+08                        433251
     22      2         5.5450000000e+08                        433253
     22      2         5.5500000000e+08                        433255
     31      3         5.5550000000e+08                        433258
     24      2         5.5600000000e+08                        433261
     24      2         5.5700000000e+08                        433265
     24      2         5.5750000000e+08                        433271
     24      2         5.5800000000e+08                        433277
     24      2         5.5850000000e+08                        433281
     22      2         5.5900000000e+08                        433285
     22      2         5.5950000000e+08                        433289
     31      3         5.6000000000e+08                        433290
     24      2         5.6050000000e+08                        433295
     22      2         5.6100000000e+08                        433299
     24      2         5.6150000000e+08                        433301
     22      2         5.6200000000e+08                        433303
     22      2         5.6300000000e+08                        433305
     22      2         5.6350000000e+08                        433309
     31      3         5.6400000000e+08                        433310
     31      3         5.6450000000e+08                        433312
     24      2         5.6500000000e+08                        433313
     24      2         5.6550000000e+08                        433317
     24      2         5.6600000000e+08                        433319
     24      2         5.6650000000e+08                        433321
     22      2         5.6700000000e+08                        433323
     31      3         5.6750000000e+08                        433326
     22      2         5.6800000000e+08                        433327
     24      2         5.6900000000e+08                        433333
     24      2         5.6950000000e+08                        433335
     22      2         5.7000000000e+08                        433337
     24      2         5.7050000000e+08                        433339
     24      2         5.7100000000e+08                        433345
     24      2         5.7200000000e+08                        433349
     24      2         5.7300000000e+08                        433351
     22      2         5.7350000000e+08                        433353
     31      3         5.7400000000e+08                        433354
     24      2         5.7450000000e+08                        433357
     24      2         5.7550000000e+08                        433359
     22      2         5.7600000000e+08                        433363
     31      3         5.7650000000e+08                        433364
     31      3         5.7700000000e+08                        433368
     22      2         5.7750000000e+08                        433373
     22      2         5.7800000000e+08                        433375
     24      2         5.7850000000e+08                        433379
     31      3         5.7900000000e+08                        433384
     31      3         5.7950000000e+08                        433388
     24      2         5.8000000000e+08                        433391
     31      3         5.8050000000e+08                        433394
     31      3         5.8100000000e+08                        433398
     24      2         5.8150000000e+08                        433401
     22      2         5.8250000000e+08                        433407
     24      2         5.8300000000e+08                        433411
     24      2         5.8350000000e+08                        433417
     31      3         5.8400000000e+08                        433418
     24      2         5.8450000000e+08                        433419
     24      2         5.8500000000e+08                        433423
     22      2         5.8550000000e+08                        433425
     31      3         5.8600000000e+08                        433428
     24      2         5.8650000000e+08                        433433
     31      3         5.8700000000e+08                        433436
     22      2         5.8750000000e+08                        433439
     22      2         5.8800000000e+08                        433441
     22      2         5.8850000000e+08                        433443
     24      2         5.8950000000e+08                        433449
     22      2         5.9000000000e+08                        433451
     22      2         5.9050000000e+08                        433453
     22      2         5.9100000000e+08                        433457
     24      2         5.9150000000e+08                        433463
     24      2         5.9200000000e+08                        433467
     24      2         5.9250000000e+08                        433473
     24      2         5.9300000000e+08                        433475
     22      2         5.9350000000e+08                        433479
     24      2         5.9400000000e+08                        433483
     31      3         5.9450000000e+08                        433486
     22      2         5.9500000000e+08                        433491
     22      2         5.9550000000e+08                        433497
     31      3         5.9600000000e+08                        433500
     24      2         5.9650000000e+08                        433503
     22      2         5.9700000000e+08                        433509
     22      2         5.9750000000e+08                        433513
     31      3         5.9800000000e+08                        433516
     22      2         5.9850000000e+08                        433519
     24      2         5.9900000000e+08                        433525
     22      2         5.9950000000e+08                        433529
     22      2         6.0050000000e+08                        433533
     24      2         6.0100000000e+08                        433539
     22      2         6.0150000000e+08                        433543
     22      2         6.0200000000e+08                        433547
     31      3         6.0250000000e+08                        433550
     22      2         6.0300000000e+08                        433557
     24      2         6.0450000000e+08                        433559
     31      3         6.0500000000e+08                        433562
     22      2         6.0550000000e+08                        433563
     24      2         6.0600000000e+08                        433565
     22      2         6.0650000000e+08                        433567
     22      2         6.0700000000e+08                        433569
     22      2         6.0750000000e+08                        433573
     24      2         6.0800000000e+08                        433579
     31      3         6.0850000000e+08                        433580
     31      3         6.0900000000e+08                        433582
     31      3         6.0950000000e+08                        433588
     22      2         6.1000000000e+08                        433589
     24      2         6.1050000000e+08                        433593
     31      3         6.1200000000e+08                        433596
     22      2         6.1250000000e+08                        433603
     24      2         6.1300000000e+08                        433607
     31      3         6.1350000000e+08                        433612
     24      2         6.1400000000e+08                        433613
     22      2         6.1450000000e+08                        433615
     31      3         6.1500000000e+08                        433620
     31      3         6.1550000000e+08                        433626
     31      3         6.1600000000e+08                        433628
     22      2         6.1650000000e+08                        433631
     31      3         6.1700000000e+08                        433634
     22      2         6.1750000000e+08                        433639
     22      2         6.1800000000e+08                        433641
     31      3         6.1850000000e+08                        433644
     22      2         6.1900000000e+08                        433647
     22      2         6.1950000000e+08                        433649
     24      2         6.2000000000e+08                        433651
     31      3         6.2050000000e+08                        433652
     31      3         6.2100000000e+08                        433654
     24      2         6.2150000000e+08                        433659
     24      2         6.2200000000e+08                        433661
     24      2         6.2250000000e+08                        433665
     22      2         6.2300000000e+08                        433667
     31      3         6.2350000000e+08                        433672
     31      3         6.2400000000e+08                        433676
     24      2         6.2450000000e+08                        433679
     24      2         6.2500000000e+08                        433681
     22      2         6.2550000000e+08                        433683
     31      3         6.2600000000e+08                        433688
     24      2         6.2650000000e+08                        433691
     31      3         6.2750000000e+08                        433696
     22      2         6.2800000000e+08                        433699
     24      2         6.2850000000e+08                        433701
     31      3         6.2900000000e+08                        433712
     24      2         6.2950000000e+08                        433713
     31      3         6.3000000000e+08                        433714
     22      2         6.3050000000e+08                        433717
     31      3         6.3100000000e+08                        433724
     24      2         6.3150000000e+08                        433729
     24      2         6.3200000000e+08                        433735
     31      3         6.3250000000e+08                        433738
     24      2         6.3300000000e+08                        433741
     22      2         6.3350000000e+08                        433743
     22      2         6.3400000000e+08                        433745
     22      2         6.3450000000e+08                        433749
     22      2         6.3500000000e+08                        433751
     31      3         6.3700000000e+08                        433756
     24      2         6.3750000000e+08                        433761
     31      3         6.3800000000e+08                        433764
     31      3         6.3850000000e+08                        433772
     22      2         6.3900000000e+08                        433779
     22      2         6.3950000000e+08                        433781
     22      2         6.4000000000e+08                        433785
     31      3         6.4050000000e+08                        433788
     22      2         6.4100000000e+08                        433789
     22      2         6.4200000000e+08                        433793
     31      3         6.4250000000e+08                        433794
     22      2         6.4300000000e+08                        433795
     24      2         6.4350000000e+08                        433797
     22      2         6.4400000000e+08                        433799
     22      2         6.4450000000e+08                        433803
     31      3         6.4500000000e+08                        433804
     22      2         6.4550000000e+08                        433809
     24      2         6.4600000000e+08                        433815
     22      2         6.4650000000e+08                        433819
     31      3         6.4700000000e+08                        433824
     24      2         6.4750000000e+08                        433827
     22      2         6.4800000000e+08                        433831
     24      2         6.4850000000e+08                        433833
     22      2         6.4900000000e+08                        433839
     22      2         6.4950000000e+08                        433843
     24      2         6.5050000000e+08                        433847
     22      2         6.5200000000e+08                        433851
     24      2         6.5250000000e+08                        433855
     31      3         6.5300000000e+08                        433860
     24      2         6.5350000000e+08                        433863
     31      3         6.5400000000e+08                        433866
     24      2         6.5450000000e+08                        433869
     31      3         6.5500000000e+08                        433870
     24      2         6.5550000000e+08                        433877
     22      2         6.5600000000e+08                        433881
     24      2         6.5700000000e+08                        433883
     24      2         6.5750000000e+08                        433885
     22      2         6.5800000000e+08                        433891
     22      2         6.5850000000e+08                        433893
     31      3         6.5900000000e+08                        433898
     24      2         6.5950000000e+08                        433903
     22      2         6.6000000000e+08                        433907
     31      3         6.6050000000e+08                        433908
     22      2         6.6100000000e+08                        433911
     22      2         6.6150000000e+08                        433915
     24      2         6.6200000000e+08                        433917
     24      2         6.6250000000e+08                        433919
     31      3         6.6350000000e+08                        433924
     24      2         6.6400000000e+08                        433925
     24      2         6.6450000000e+08                        433929
     22      2         6.6500000000e+08                        433933
     22      2         6.6650000000e+08                        433935
     31      3         6.6700000000e+08                        433938
     22      2         6.6750000000e+08                        433941
     22      2         6.6850000000e+08                        433945
     24      2         6.6900000000e+08                        433953
     24      2         6.6950000000e+08                        433955
     22      2         6.7000000000e+08                        433957
     24      2         6.7050000000e+08                        433961
     22      2         6.7100000000e+08                        433963
     22      2         6.7150000000e+08                        433965
     24      2         6.7200000000e+08                        433969
     24      2         6.7250000000e+08                        433971
     22      2         6.7300000000e+08                        433973
     24      2         6.7350000000e+08                        433975
     24      2         6.7400000000e+08                        433977
     31      3         6.7450000000e+08                        433980
     31      3         6.7500000000e+08                        433982
     22      2         6.7550000000e+08                        433985
     22      2         6.7600000000e+08                        433987
     31      3         6.7700000000e+08                        433990
     31      3         6.7750000000e+08                        433992
     22      2         6.7800000000e+08                        433997
     22      2         6.7850000000e+08                        433999
     22      2         6.7900000000e+08                        434001
     24      2         6.7950000000e+08                        434003
     24      2         6.8000000000e+08                        434007
     22      2         6.8050000000e+08                        434009
     24      2         6.8100000000e+08                        434013
     24      2         6.8150000000e+08                        434017
     24      2         6.8200000000e+08                        434019
     24      2         6.8250000000e+08                        434023
     31      3         6.8300000000e+08                        434024
     22      2         6.8350000000e+08                        434027
     24      2         6.8400000000e+08                        434029
     22      2         6.8500000000e+08                        434031
     22      2         6.8550000000e+08                        434033
     31      3         6.8650000000e+08                        434036
     22      2         6.8700000000e+08                        434039
     22      2         6.8750000000e+08                        434043
     31      3         6.8800000000e+08                        434046
     22      2         6.8850000000e+08                        434047
     24      2         6.8950000000e+08                        434049
     22      2         6.9000000000e+08                        434053
     24      2         6.9050000000e+08                        434055
     24      2         6.9100000000e+08                        434057
     22      2         6.9150000000e+08                        434061
     24      2         6.9200000000e+08                        434063
     22      2         6.9250000000e+08                        434067
     24      2         6.9300000000e+08                        434071
     31      3         6.9350000000e+08                        434074
     24      2         6.9400000000e+08                        434075
     22      2         6.9450000000e+08                        434077
     31      3         6.9500000000e+08                        434078
     24      2         6.9550000000e+08                        434081
     31      3         6.9600000000e+08                        434082
     24      2         6.9650000000e+08                        434087
     24      2         6.9700000000e+08                        434089
     22      2         6.9800000000e+08                        434091
     22      2         6.9850000000e+08                        434095
     22      2         6.9900000000e+08                        434101
     22      2         7.0000000000e+08                        434103
     24      2         7.0050000000e+08                        434111
     22      2         7.0100000000e+08                        434115
     22      2         7.0150000000e+08                        434119
     22      2         7.0200000000e+08                        434123
     31      3         7.0250000000e+08                        434128
     22      2         7.0300000000e+08                        434133
     22      2         7.0350000000e+08                        434135
     22      2         7.0400000000e+08                        434139
     22      2         7.0450000000e+08                        434141
     22      2         7.0550000000e+08                        434143
     24      2         7.0650000000e+08                        434147
     24      2         7.0800000000e+08                        434153
     31      3         7.0850000000e+08                        434158
     31      3         7.0900000000e+08                        434164
     24      2         7.0950000000e+08                        434167
     31      3         7.1000000000e+08                        434172
     22      2         7.1050000000e+08                        434179
     24      2         7.1100000000e+08                        434181
     24      2         7.1200000000e+08                        434183
     24      2         7.1250000000e+08                        434187
     22      2         7.1300000000e+08                        434193
     31      3         7.1350000000e+08                        434196
     24      2         7.1400000000e+08                        434199
     22      2         7.1450000000e+08                        434205
     24      2         7.1600000000e+08                        434207
     22      2         7.1650000000e+08                        434213
     24      2         7.1700000000e+08                        434217
     24      2         7.1750000000e+08                        434219
     22      2         7.1800000000e+08                        434223
     24      2         7.1850000000e+08                        434231
     22      2         7.1900000000e+08                        434237
     22      2         7.1950000000e+08                        434241
     22      2         7.2100000000e+08                        434245
     22      2         7.2150000000e+08                        434247
     22      2         7.2200000000e+08                        434249
     22      2         7.2250000000e+08                        434255
     22      2         7.2300000000e+08                        434257
     24      2         7.2350000000e+08                        434259
     31      3         7.2400000000e+08                        434260
     22      2         7.2450000000e+08                        434263
     31      3         7.2500000000e+08                        434268
     31      3         7.2550000000e+08                        434272
     22      2         7.2600000000e+08                        434275
     24      2         7.2700000000e+08                        434279
     24      2         7.2750000000e+08                        434281
     24      2         7.2800000000e+08                        434285
     31      3         7.2850000000e+08                        434290
     24      2         7.2900000000e+08                        434293
     31      3         7.2950000000e+08                        434296
     24      2         7.3000000000e+08                        434299
     22      2         7.3050000000e+08                        434301
     24      2         7.3150000000e+08                        434303
     24      2         7.3200000000e+08                        434305
     24      2         7.3250000000e+08                        434313
     24      2         7.3300000000e+08                        434319
     22      2         7.3350000000e+08                        434321
     31      3         7.3400000000e+08                        434322
     24      2         7.3450000000e+08                        434327
     22      2         7.3500000000e+08                        434329
     31      3         7.3550000000e+08                        434330
     31      3         7.3600000000e+08                        434336
     22      2         7.3650000000e+08                        434339
     31      3         7.3700000000e+08                        434344
     31      3         7.3750000000e+08                        434348
     22      2         7.3800000000e+08                        434355
     31      3         7.3850000000e+08                        434360
     24      2         7.3900000000e+08                        434361
     22      2         7.3950000000e+08                        434365
     31      3         7.4000000000e+08                        434368
     22      2         7.4050000000e+08                        434373
     22      2         7.4100000000e+08                        434375
     24      2         7.4150000000e+08                        434377
     24      2         7.4200000000e+08                        434383
     22      2         7.4250000000e+08                        434385
     24      2         7.4300000000e+08                        434389
     22      2         7.4350000000e+08                        434391
     22      2         7.4400000000e+08                        434393
     31      3         7.4600000000e+08                        434400
     31      3         7.4650000000e+08                        434402
     24      2         7.4700000000e+08                        434405
     24      2         7.4750000000e+08                        434407
     24      2         7.4800000000e+08                        434411
     31      3         7.4850000000e+08                        434412
     24      2         7.4900000000e+08                        434415
     24      2         7.4950000000e+08                        434417
     24      2         7.5050000000e+08                        434421
     31      3         7.5100000000e+08                        434424
     31      3         7.5150000000e+08                        434428
     22      2         7.5200000000e+08                        434431
     24      2         7.5250000000e+08                        434435
     22      2         7.5350000000e+08                        434437
     24      2         7.5400000000e+08                        434439
     22      2         7.5450000000e+08                        434441
     22      2         7.5500000000e+08                        434447
     24      2         7.5600000000e+08                        434453
     22      2         7.5700000000e+08                        434457
     22      2         7.5750000000e+08                        434461
     22      2         7.5800000000e+08                        434465
     22      2         7.5850000000e+08                        434467
     22      2         7.5900000000e+08                        434471
     22      2         7.5950000000e+08                        434477
     22      2         7.6000000000e+08                        434481
     24      2         7.6050000000e+08                        434483
     22      2         7.6100000000e+08                        434485
     24      2         7.6150000000e+08                        434487
     22      2         7.6200000000e+08                        434491
     22      2         7.6300000000e+08                        434493
     24      2         7.6350000000e+08                        434495
     22      2         7.6400000000e+08                        434501
     24      2         7.6450000000e+08                        434503
     22      2         7.6500000000e+08                        434507
     31      3         7.6550000000e+08                        434510
     22      2         7.6600000000e+08                        434515
     22      2         7.6650000000e+08                        434521
     31      3         7.6700000000e+08                        434526
     22      2         7.6750000000e+08                        434527
     24      2         7.6800000000e+08                        434533
     31      3         7.6850000000e+08                        434534
     24      2         7.6900000000e+08                        434535
     24      2         7.6950000000e+08                        434537
     24      2         7.7050000000e+08                        434539
     22      2         7.7100000000e+08                        434541
     22      2         7.7200000000e+08                        434547
     22      2         7.7300000000e+08                        434551
     22      2         7.7350000000e+08                        434553
     22      2         7.7400000000e+08                        434555
     31      3         7.7450000000e+08                        434556
     22      2         7.7500000000e+08                        434561
     22      2         7.7550000000e+08                        434563
     22      2         7.7600000000e+08                        434569
     24      2         7.7650000000e+08                        434571
     22      2         7.7700000000e+08                        434577
     24      2         7.7800000000e+08                        434583
     22      2         7.7850000000e+08                        434585
     31      3         7.7900000000e+08                        434588
     31      3         7.7950000000e+08                        434592
     24      2         7.8000000000e+08                        434597
     31      3         7.8050000000e+08                        434598
     24      2         7.8100000000e+08                        434599
     22      2         7.8150000000e+08                        434603
     31      3         7.8200000000e+08                        434606
     22      2         7.8250000000e+08                        434607
     31      3         7.8300000000e+08                        434610
     24      2         7.8350000000e+08                        434611
     24      2         7.8450000000e+08                        434615
     24      2         7.8500000000e+08                        434617
     24      2         7.8550000000e+08                        434619
     24      2         7.8600000000e+08                        434621
     31      3         7.8650000000e+08                        434622
     24      2         7.8700000000e+08                        434627
     22      2         7.8800000000e+08                        434631
     22      2         7.8850000000e+08                        434633
     24      2         7.8900000000e+08                        434635
     22      2         7.8950000000e+08                        434643
     22      2         7.9000000000e+08                        434649
     24      2         7.9050000000e+08                        434655
     22      2         7.9100000000e+08                        434657
     24      2         7.9150000000e+08                        434661
     22      2         7.9200000000e+08                        434665
     24      2         7.9250000000e+08                        434667
     22      2         7.9300000000e+08                        434671
     31      3         7.9350000000e+08                        434674
     22      2         7.9400000000e+08                        434677
     22      2         7.9450000000e+08                        434681
     24      2         7.9500000000e+08                        434683
     22      2         7.9550000000e+08                        434687
     24      2         7.9600000000e+08                        434689
     22      2         7.9650000000e+08                        434693
     24      2         7.9700000000e+08                        434697
     31      3         7.9750000000e+08                        434702
     24      2         7.9800000000e+08                        434707
     22      2         7.9850000000e+08                        434711
     24      2         7.9900000000e+08                        434717
     22      2         7.9950000000e+08                        434719
     31      3         8.0000000000e+08                        434722
     22      2         8.0050000000e+08                        434725
     24      2         8.0100000000e+08                        434729
     31      3         8.0250000000e+08                        434730
     22      2         8.0300000000e+08                        434731
     24      2         8.0350000000e+08                        434733
     24      2         8.0450000000e+08                        434737
     22      2         8.0500000000e+08                        434739
     22      2         8.0550000000e+08                        434741
     24      2         8.0600000000e+08                        434743
     31      3         8.0650000000e+08                        434744
     22      2         8.0700000000e+08                        434745
     22      2         8.0750000000e+08                        434751
     24      2         8.0800000000e+08                        434753
     22      2         8.0850000000e+08                        434755
     22      2         8.0900000000e+08                        434757
     22      2         8.0950000000e+08                        434761
     24      2         8.1050000000e+08                        434765
     22      2         8.1100000000e+08                        434769
     24      2         8.1150000000e+08                        434773
     31      3         8.1200000000e+08                        434774
     22      2         8.1250000000e+08                        434775
     31      3         8.1350000000e+08                        434780
     22      2         8.1400000000e+08                        434785
     31      3         8.1450000000e+08                        434790
     24      2         8.1500000000e+08                        434793
     22      2         8.1550000000e+08                        434795
     22      2         8.1600000000e+08                        434797
     22      2         8.1650000000e+08                        434799
     31      3         8.1700000000e+08                        434800
     24      2         8.1750000000e+08                        434805
     24      2         8.1800000000e+08                        434809
     31      3         8.1850000000e+08                        434814
     22      2         8.1900000000e+08                        434817
     22      2         8.1950000000e+08                        434819
     22      2         8.2000000000e+08                        434823
     24      2         8.2050000000e+08                        434831
     22      2         8.2100000000e+08                        434837
     22      2         8.2150000000e+08                        434841
     22      2         8.2250000000e+08                        434845
     24      2         8.2300000000e+08                        434847
     22      2         8.2350000000e+08                        434849
     24      2         8.2400000000e+08                        434851
     22      2         8.2450000000e+08                        434853
     24      2         8.2500000000e+08                        434857
     31      3         8.2550000000e+08                        434860
     22      2         8.2600000000e+08                        434861
     24      2         8.2650000000e+08                        434865
     22      2         8.2700000000e+08                        434871
     24      2         8.2800000000e+08                        434875
     24      2         8.2900000000e+08                        434877
     24      2         8.2950000000e+08                        434879
     24      2         8.3050000000e+08                        434881
     31      3         8.3100000000e+08                        434888
     22      2         8.3150000000e+08                        434891
     24      2         8.3200000000e+08                        434893
     22      2         8.3300000000e+08                        434895
     24      2         8.3350000000e+08                        434899
     24      2         8.3400000000e+08                        434903
     24      2         8.3500000000e+08                        434911
     22      2         8.3550000000e+08                        434919
     22      2         8.3600000000e+08                        434923
     31      3         8.3650000000e+08                        434930
     31      3         8.3700000000e+08                        434932
     22      2         8.3750000000e+08                        434939
     31      3         8.3800000000e+08                        434944
     22      2         8.3850000000e+08                        434945
     24      2         8.3900000000e+08                        434947
     31      3         8.3950000000e+08                        434950
     22      2         8.4000000000e+08                        434955
     22      2         8.4050000000e+08                        434959
     24      2         8.4100000000e+08                        434963
     22      2         8.4150000000e+08                        434967
     31      3         8.4200000000e+08                        434968
     22      2         8.4250000000e+08                        434973
     22      2         8.4300000000e+08                        434977
     22      2         8.4350000000e+08                        434981
     24      2         8.4400000000e+08                        434983
     31      3         8.4450000000e+08                        434988
     31      3         8.4500000000e+08                        434992
     24      2         8.4550000000e+08                        434995
     24      2         8.4600000000e+08                        434997
     31      3         8.4650000000e+08                        435002
     22      2         8.4700000000e+08                        435003
     22      2         8.4800000000e+08                        435007
     22      2         8.4850000000e+08                        435009
     29      3         8.4950000000e+08                        645245
