      9      1         0.0000000000e+00                             0
      9      1         5.0000000000e+05                        751188
      7      0         2.5500000000e+07                        751189
      2      0         2.6000000000e+07                        894934
      7      0         3.2000000000e+07                        894940
     16      1         3.2500000000e+07                        894941
      7      0         3.3000000000e+07                        894942
      7      0         3.3500000000e+07                        894948
      7      0         3.4000000000e+07                        894950
      7      0         3.5000000000e+07                        894952
      7      0         3.5500000000e+07                        894956
      7      0         3.6000000000e+07                        894960
      7      0         3.6500000000e+07                        894964
      7      0         3.7000000000e+07                        894966
      7      0         3.7500000000e+07                        894972
      7      0         3.9000000000e+07                        894974
      7      0         3.9500000000e+07                        894976
     11      1         4.0500000000e+07                        954845
      7      0         4.2500000000e+07                        954846
      7      0         4.3500000000e+07                        954848
      7      0         4.4500000000e+07                        954850
      7      0         4.5000000000e+07                        954852
      7      0         4.6000000000e+07                        954854
      7      0         4.6500000000e+07                        954856
      7      0         4.7500000000e+07                        954858
      7      0         4.8000000000e+07                        954860
      7      0         4.8500000000e+07                        954862
      2      0         4.9000000000e+07                       2186508
     16      1         9.1500000000e+07                       2186509
      7      0         9.2000000000e+07                       2186510
      7      0         9.2500000000e+07                       2186514
     16      1         9.3000000000e+07                       2186517
      7      0         9.3500000000e+07                       2186520
      7      0         9.4500000000e+07                       2186522
      7      0         9.5000000000e+07                       2186524
      7      0         9.6000000000e+07                       2186528
      7      0         9.6500000000e+07                       2186530
      7      0         9.7000000000e+07                       2186538
      7      0         9.7500000000e+07                       2186542
      7      0         9.9000000000e+07                       2186548
     11      1         9.9500000000e+07                       2490144
      7      0         1.0950000000e+08                       2490145
      7      0         1.1000000000e+08                       2490147
      7      0         1.1100000000e+08                       2490151
      7      0         1.1200000000e+08                       2490153
      7      0         1.1300000000e+08                       2490155
      7      0         1.1400000000e+08                       2490159
      7      0         1.1450000000e+08                       2490161
      7      0         1.1500000000e+08                       2490163
      7      0         1.1550000000e+08                       2490165
      7      0         1.1600000000e+08                       2490167
      7      0         1.1650000000e+08                       2490169
      7      0         1.1700000000e+08                       2490171
      7      0         1.1750000000e+08                       2490173
      7      0         1.1800000000e+08                       2490175
      7      0         1.1850000000e+08                       2490179
      7      0         1.1900000000e+08                       2490181
      7      0         1.1950000000e+08                       2490185
      7      0         1.2000000000e+08                       2490187
      7      0         1.2150000000e+08                       2490191
      7      0         1.2200000000e+08                       2490193
      7      0         1.2250000000e+08                       2490195
      7      0         1.2300000000e+08                       2490197
      7      0         1.2350000000e+08                       2490199
      7      0         1.2400000000e+08                       2490201
      7      0         1.2450000000e+08                       2490203
      7      0         1.2500000000e+08                       2490205
      7      0         1.2600000000e+08                       2490207
      7      0         1.2650000000e+08                       2490209
      7      0         1.2800000000e+08                       2490213
      7      0         1.3000000000e+08                       2490217
      2      0         1.3050000000e+08                       4812940
      7      0         2.1100000000e+08                       4812942
      7      0         2.1150000000e+08                       4812946
      7      0         2.1200000000e+08                       4812948
      7      0         2.1300000000e+08                       4812950
      7      0         2.1350000000e+08                       4812954
      7      0         2.1400000000e+08                       4812960
      7      0         2.1450000000e+08                       4812962
      7      0         2.1500000000e+08                       4812966
      7      0         2.1550000000e+08                       4812968
      7      0         2.1600000000e+08                       4812970
      7      0         2.1650000000e+08                       4812976
      7      0         2.1750000000e+08                       4812982
      7      0         2.1900000000e+08                       4812986
      7      0         2.2000000000e+08                       4812988
      7      0         2.2050000000e+08                       4812994
     14      1         2.2100000000e+08                       4812995
      1      0         2.2150000000e+08                      10391431
      6      0         4.1000000000e+08                      10391433
      6      0         4.1050000000e+08                      10391435
      6      0         4.1100000000e+08                      10391437
      8      0         4.1150000000e+08                      10391439
      6      0         4.1250000000e+08                      10391441
     23      2         4.1300000000e+08                      10391442
      6      0         4.1350000000e+08                      10391443
      8      0         4.1400000000e+08                      10391445
      6      0         4.1650000000e+08                      10391447
      6      0         4.1700000000e+08                      10391449
     23      2         4.2000000000e+08                      10391450
      6      0         4.2050000000e+08                      10391451
      6      0         4.2150000000e+08                      10391453
      8      0         4.2200000000e+08                      10391461
     23      2         4.2300000000e+08                      10391462
      8      0         4.2350000000e+08                      10391463
     23      2         4.2450000000e+08                      10391464
      8      0         4.2500000000e+08                      10391465
     23      2         4.2600000000e+08                      10391466
      6      0         4.2650000000e+08                      10391469
      8      0         4.2700000000e+08                      10391471
      8      0         4.2850000000e+08                      10391473
      8      0         4.3000000000e+08                      10391475
     23      2         4.3050000000e+08                      10391476
      6      0         4.3100000000e+08                      10391477
      6      0         4.3150000000e+08                      10391479
      6      0         4.3200000000e+08                      10391481
      8      0         4.3250000000e+08                      10391483
      6      0         4.3300000000e+08                      10391485
      6      0         4.3400000000e+08                      10391487
      6      0         4.3450000000e+08                      10391489
      8      0         4.3550000000e+08                      10391491
     23      2         4.3650000000e+08                      10391492
      6      0         4.3700000000e+08                      10391493
      2      0         4.3850000000e+08                      12622068
      7      0         5.1350000000e+08                      12622070
      7      0         5.1450000000e+08                      12622072
      7      0         5.1550000000e+08                      12622074
      7      0         5.1600000000e+08                      12622076
     14      1         5.1750000000e+08                      12622077
      7      0         5.1800000000e+08                      12622080
      7      0         5.1850000000e+08                      12622082
      7      0         5.1900000000e+08                      12622084
      7      0         5.1950000000e+08                      12622088
      7      0         5.2000000000e+08                      12622090
     16      1         5.2050000000e+08                      12622095
      7      0         5.2100000000e+08                      12622098
      7      0         5.2200000000e+08                      12622100
      7      0         5.2250000000e+08                      12622102
      7      0         5.2550000000e+08                      12622106
      7      0         5.2600000000e+08                      12622108
      7      0         5.2650000000e+08                      12622110
      7      0         5.2800000000e+08                      12622112
      7      0         5.2850000000e+08                      12622116
      7      0         5.3000000000e+08                      12622118
      7      0         5.3050000000e+08                      12622120
      7      0         5.3100000000e+08                      12622124
      7      0         5.3150000000e+08                      12622128
      9      1         5.3200000000e+08                      13474778
     30      3         5.6100000000e+08                      13474785
     30      3         5.6150000000e+08                      13474793
     32      3         5.6200000000e+08                      13474797
     32      3         5.6250000000e+08                      13474803
     30      3         5.6300000000e+08                      13474813
     32      3         5.6350000000e+08                      13474823
     32      3         5.6400000000e+08                      13474827
     30      3         5.6450000000e+08                      13474833
     32      3         5.6550000000e+08                      13474837
     30      3         5.6600000000e+08                      13474845
     30      3         5.6650000000e+08                      13474851
     32      3         5.6750000000e+08                      13474855
     30      3         5.6800000000e+08                      13474863
     15      1         5.6850000000e+08                      13474866
     32      3         5.6900000000e+08                      13474883
     30      3         5.6950000000e+08                      13474893
     32      3         5.7000000000e+08                      13474895
     30      3         5.7050000000e+08                      13474901
     11      1         5.7100000000e+08                      13794890
     32      3         5.8150000000e+08                      13794891
     30      3         5.8200000000e+08                      13794895
     32      3         5.8250000000e+08                      13794897
     32      3         5.8300000000e+08                      13794901
     15      1         5.8350000000e+08                      13794908
     30      3         5.8400000000e+08                      13794913
     32      3         5.8450000000e+08                      13794917
     15      1         5.8500000000e+08                      13794924
     32      3         5.8550000000e+08                      13794929
     32      3         5.8600000000e+08                      13794933
     30      3         5.8650000000e+08                      13794941
     32      3         5.8700000000e+08                      13794943
     30      3         5.8750000000e+08                      13794947
     30      3         5.8850000000e+08                      13794955
     30      3         5.8900000000e+08                      13794959
     30      3         5.8950000000e+08                      13794967
     32      3         5.9000000000e+08                      13794975
     30      3         5.9050000000e+08                      13794981
     30      3         5.9100000000e+08                      13794985
     15      1         5.9150000000e+08                      13794992
     30      3         5.9200000000e+08                      13795001
     30      3         5.9250000000e+08                      13795011
     30      3         5.9350000000e+08                      13795017
     32      3         5.9400000000e+08                      13795025
     32      3         5.9450000000e+08                      13795029
     32      3         5.9500000000e+08                      13795035
     30      3         5.9550000000e+08                      13795043
     30      3         5.9600000000e+08                      13795045
     30      3         5.9650000000e+08                      13795055
     30      3         5.9700000000e+08                      13795059
     32      3         5.9750000000e+08                      13795069
     30      3         5.9850000000e+08                      13795075
     15      1         5.9900000000e+08                      13795078
     32      3         5.9950000000e+08                      13795087
     32      3         6.0000000000e+08                      13795097
     32      3         6.0050000000e+08                      13795107
     30      3         6.0100000000e+08                      13795119
     30      3         6.0150000000e+08                      13795125
     13      1         6.0200000000e+08                      13830026
      7      0         6.0300000000e+08                      13830027
      7      0         6.0400000000e+08                      13830029
      7      0         6.0450000000e+08                      13830031
      7      0         6.0500000000e+08                      13830033
      7      0         6.0600000000e+08                      13830035
      7      0         6.0700000000e+08                      13830039
      4      0         6.0750000000e+08                      14365906
      8      0         6.2600000000e+08                      14365908
      6      0         6.2700000000e+08                      14365910
      8      0         6.2900000000e+08                      14365912
      6      0         6.3100000000e+08                      14365914
      8      0         6.3250000000e+08                      14365916
      6      0         6.3350000000e+08                      14365918
      8      0         6.3450000000e+08                      14365920
      8      0         6.3600000000e+08                      14365924
      2      0         6.3650000000e+08                      15735522
      8      0         6.8350000000e+08                      15735524
     23      2         6.8450000000e+08                      15735525
      8      0         6.8500000000e+08                      15735526
     23      2         6.8550000000e+08                      15735531
      6      0         6.8600000000e+08                      15735532
     23      2         6.8900000000e+08                      15735533
      8      0         6.8950000000e+08                      15735534
      8      0         6.9000000000e+08                      15735536
      6      0         6.9300000000e+08                      15735538
      8      0         6.9750000000e+08                      15735540
      1      0         6.9800000000e+08                      16453850
     23      2         7.2450000000e+08                      16453853
      6      0         7.2500000000e+08                      16453854
      8      0         7.2800000000e+08                      16453856
      6      0         7.2900000000e+08                      16453858
      8      0         7.3000000000e+08                      16453862
      8      0         7.3050000000e+08                      16453864
      8      0         7.3100000000e+08                      16453868
      8      0         7.3150000000e+08                      16453870
      8      0         7.3200000000e+08                      16453872
     23      2         7.3550000000e+08                      16453873
      8      0         7.3600000000e+08                      16453874
      6      0         7.3850000000e+08                      16453876
     23      2         7.4100000000e+08                      16453879
      6      0         7.4150000000e+08                      16453880
      6      0         7.4400000000e+08                      16453882
      8      0         7.4450000000e+08                      16453884
      6      0         7.4550000000e+08                      16453886
     23      2         7.4850000000e+08                      16453887
      6      0         7.4900000000e+08                      16453888
      6      0         7.5050000000e+08                      16453892
     23      2         7.5100000000e+08                      16453893
      8      0         7.5150000000e+08                      16453894
      6      0         7.5200000000e+08                      16453896
      8      0         7.5300000000e+08                      16453898
      8      0         7.5350000000e+08                      16453900
     23      2         7.5450000000e+08                      16453901
      6      0         7.5500000000e+08                      16453906
     23      2         7.5750000000e+08                      16453907
      8      0         7.5800000000e+08                      16453908
      8      0         7.5850000000e+08                      16453914
      8      0         7.5900000000e+08                      16453916
      6      0         7.5950000000e+08                      16453920
      6      0         7.6000000000e+08                      16453922
      8      0         7.6200000000e+08                      16453926
      6      0         7.6300000000e+08                      16453928
     23      2         7.6400000000e+08                      16453929
      8      0         7.6450000000e+08                      16453930
      8      0         7.6500000000e+08                      16453932
     23      2         7.6550000000e+08                      16453933
      8      0         7.6600000000e+08                      16453934
      6      0         7.6650000000e+08                      16453936
      6      0         7.6750000000e+08                      16453938
      4      0         7.6800000000e+08                      17746805
     16      1         8.1350000000e+08                      17746806
      7      0         8.1400000000e+08                      17746809
      7      0         8.1450000000e+08                      17746815
     14      1         8.1500000000e+08                      17746816
      7      0         8.1550000000e+08                      17746817
      7      0         8.1600000000e+08                      17746819
      7      0         8.1800000000e+08                      17746821
      7      0         8.1900000000e+08                      17746825
     16      1         8.1950000000e+08                      17746826
      7      0         8.2000000000e+08                      17746829
      7      0         8.2100000000e+08                      17746831
      3      0         8.2150000000e+08                      18501588
     23      2         8.4800000000e+08                      18501589
      6      0         8.4850000000e+08                      18501590
      8      0         8.4950000000e+08                      18501592
      6      0         8.5000000000e+08                      18501594
      6      0         8.5100000000e+08                      18501596
      6      0         8.5400000000e+08                      18501598
      6      0         8.5500000000e+08                      18501600
      6      0         8.5550000000e+08                      18501604
      8      0         8.5600000000e+08                      18501606
      8      0         8.5650000000e+08                      18501610
      6      0         8.5750000000e+08                      18501612
     23      2         8.5800000000e+08                      18501613
      4      0         8.5850000000e+08                      18615121
      6      0         8.6800000000e+08                      18615123
      6      0         8.6950000000e+08                      18615125
     23      2         8.7350000000e+08                      18615126
      5      0         8.7400000000e+08                      20221555
      7      0         9.3100000000e+08                      20221559
      7      0         9.3450000000e+08                      20221561
      7      0         9.3500000000e+08                      20221563
      7      0         9.3550000000e+08                      20221565
     14      1         9.3950000000e+08                      20221566
      7      0         9.4000000000e+08                      20221571
      7      0         9.4150000000e+08                      20221573
      7      0         9.4350000000e+08                      20221577
      7      0         9.4400000000e+08                      20221579
      7      0         9.4450000000e+08                      20221583
      7      0         9.4550000000e+08                      20221585
      7      0         9.4600000000e+08                      20221587
      7      0         9.4700000000e+08                      20221589
      7      0         9.4750000000e+08                      20221593
      5      0         9.4800000000e+08                      22380102
