     11      1         0.0000000000e+00                             0
      7      0         5.0000000000e+05                          1412
      7      0         1.0000000000e+06                          1414
      7      0         1.5000000000e+06                          1416
     14      1         2.5000000000e+06                          1417
      7      0         3.0000000000e+06                          1418
     14      1         4.5000000000e+06                          1419
      7      0         5.0000000000e+06                          1424
     16      1         6.5000000000e+06                          1429
      7      0         7.0000000000e+06                          1430
      7      0         7.5000000000e+06                          1434
      7      0         8.0000000000e+06                          1440
      7      0         9.5000000000e+06                          1442
      7      0         1.0500000000e+07                          1444
      7      0         1.1000000000e+07                          1446
      7      0         1.1500000000e+07                          1448
      7      0         1.2000000000e+07                          1452
     16      1         1.2500000000e+07                          1455
      7      0         1.3000000000e+07                          1458
      7      0         1.4000000000e+07                          1460
      7      0         1.4500000000e+07                          1462
      7      0         1.5000000000e+07                          1464
     16      1         1.5500000000e+07                          1469
      7      0         1.6000000000e+07                          1472
      7      0         1.6500000000e+07                          1474
      7      0         1.7000000000e+07                          1480
      7      0         1.8000000000e+07                          1482
      7      0         1.8500000000e+07                          1484
      7      0         1.9000000000e+07                          1486
      7      0         1.9500000000e+07                          1488
      7      0         2.0000000000e+07                          1492
      7      0         2.0500000000e+07                          1494
      7      0         2.1000000000e+07                          1496
      7      0         2.1500000000e+07                          1498
      7      0         2.3000000000e+07                          1500
      7      0         2.3500000000e+07                          1502
      7      0         2.4500000000e+07                          1506
     14      1         2.5000000000e+07                          1507
      1      0         2.5500000000e+07                        858350
      7      0         5.5500000000e+07                        858354
      7      0         5.6500000000e+07                        858356
      7      0         5.7000000000e+07                        858360
      7      0         5.8000000000e+07                        858362
      7      0         5.8500000000e+07                        858364
      7      0         5.9000000000e+07                        858366
      7      0         5.9500000000e+07                        858368
      7      0         6.0500000000e+07                        858370
      7      0         6.1500000000e+07                        858374
      9      1         6.2000000000e+07                       1269014
      7      0         7.6000000000e+07                       1269017
     10      1         7.6500000000e+07                       1326930
      7      0         7.8000000000e+07                       1326931
     14      1         7.8500000000e+07                       1326934
      7      0         7.9000000000e+07                       1326937
     30      3         7.9500000000e+07                       1327345
     30      3         8.0000000000e+07                       1327349
     30      3         8.0500000000e+07                       1327357
     30      3         8.1000000000e+07                       1327361
     30      3         8.1500000000e+07                       1327367
     32      3         8.2000000000e+07                       1327375
     30      3         8.2500000000e+07                       1327381
     32      3         8.3000000000e+07                       1327385
     32      3         8.3500000000e+07                       1327397
     32      3         8.4000000000e+07                       1327407
     30      3         8.4500000000e+07                       1327409
     30      3         8.5000000000e+07                       1327413
     30      3         8.5500000000e+07                       1327415
     30      3         8.6000000000e+07                       1327425
     32      3         8.6500000000e+07                       1327431
     30      3         8.7000000000e+07                       1327441
     32      3         8.7500000000e+07                       1327443
     32      3         8.8000000000e+07                       1327447
     30      3         8.8500000000e+07                       1327455
     32      3         8.9000000000e+07                       1327457
     30      3         8.9500000000e+07                       1327459
     30      3         9.0000000000e+07                       1327469
     30      3         9.0500000000e+07                       1327479
     30      3         9.1000000000e+07                       1327481
     30      3         9.1500000000e+07                       1327487
     30      3         9.2000000000e+07                       1327491
     30      3         9.2500000000e+07                       1327497
     30      3         9.3000000000e+07                       1327503
     32      3         9.3500000000e+07                       1327505
     32      3         9.4000000000e+07                       1327507
     32      3         9.4500000000e+07                       1327513
     30      3         9.5000000000e+07                       1327517
     30      3         9.5500000000e+07                       1327525
     30      3         9.6000000000e+07                       1327531
     30      3         9.6500000000e+07                       1327543
     30      3         9.7000000000e+07                       1327551
     30      3         9.7500000000e+07                       1327555
     30      3         9.8000000000e+07                       1327567
     15      1         9.8500000000e+07                       1327576
     32      3         9.9000000000e+07                       1327585
     32      3         9.9500000000e+07                       1327595
     32      3         1.0000000000e+08                       1327597
     15      1         1.0050000000e+08                       1327608
     15      1         1.0100000000e+08                       1327614
     30      3         1.0150000000e+08                       1327627
     30      3         1.0200000000e+08                       1327631
     32      3         1.0250000000e+08                       1327635
     32      3         1.0300000000e+08                       1327639
     32      3         1.0350000000e+08                       1327647
     30      3         1.0400000000e+08                       1327655
     30      3         1.0450000000e+08                       1327657
     30      3         1.0500000000e+08                       1327669
     32      3         1.0550000000e+08                       1327671
     32      3         1.0600000000e+08                       1327679
     30      3         1.0700000000e+08                       1327691
     32      3         1.0800000000e+08                       1327703
     32      3         1.0850000000e+08                       1327711
     30      3         1.0900000000e+08                       1327713
     30      3         1.0950000000e+08                       1327725
     30      3         1.1000000000e+08                       1327735
     15      1         1.1050000000e+08                       1327742
     30      3         1.1100000000e+08                       1327751
     15      1         1.1150000000e+08                       1327756
     32      3         1.1200000000e+08                       1327761
     30      3         1.1250000000e+08                       1327765
     30      3         1.1300000000e+08                       1327773
     32      3         1.1350000000e+08                       1327777
     32      3         1.1400000000e+08                       1327779
     30      3         1.1450000000e+08                       1327787
     15      1         1.1500000000e+08                       1327790
     15      1         1.1550000000e+08                       1327798
     30      3         1.1600000000e+08                       1327805
     30      3         1.1650000000e+08                       1327809
     32      3         1.1700000000e+08                       1327821
     32      3         1.1750000000e+08                       1327823
     30      3         1.1800000000e+08                       1327829
     32      3         1.1850000000e+08                       1327837
     30      3         1.1900000000e+08                       1327843
     32      3         1.1950000000e+08                       1327845
     30      3         1.2000000000e+08                       1327847
     30      3         1.2050000000e+08                       1327857
     30      3         1.2100000000e+08                       1327861
     12      1         1.2150000000e+08                       1632140
     14      1         1.3200000000e+08                       1632142
      7      0         1.3250000000e+08                       1632143
      7      0         1.3300000000e+08                       1632145
      7      0         1.3350000000e+08                       1632147
      7      0         1.3450000000e+08                       1632149
      7      0         1.3500000000e+08                       1632153
      7      0         1.3550000000e+08                       1632159
      7      0         1.3650000000e+08                       1632163
      7      0         1.3700000000e+08                       1632165
      7      0         1.3750000000e+08                       1632167
      7      0         1.3800000000e+08                       1632169
      7      0         1.3850000000e+08                       1632175
      7      0         1.3900000000e+08                       1632177
      7      0         1.4000000000e+08                       1632183
      7      0         1.4050000000e+08                       1632185
      1      0         1.4100000000e+08                       3312337
      8      0         1.9850000000e+08                       3312339
      8      0         1.9900000000e+08                       3312341
      6      0         2.0000000000e+08                       3312343
      6      0         2.0150000000e+08                       3312345
     23      2         2.0300000000e+08                       3312346
      8      0         2.0350000000e+08                       3312347
     23      2         2.0400000000e+08                       3312348
      8      0         2.0450000000e+08                       3312349
     23      2         2.0600000000e+08                       3312350
      8      0         2.0650000000e+08                       3312353
      8      0         2.0700000000e+08                       3312355
     23      2         2.0750000000e+08                       3312358
      6      0         2.0800000000e+08                       3312359
     23      2         2.0900000000e+08                       3312362
      6      0         2.0950000000e+08                       3312365
     23      2         2.1000000000e+08                       3312366
      8      0         2.1050000000e+08                       3312367
      8      0         2.1200000000e+08                       3312371
      6      0         2.1300000000e+08                       3312373
      8      0         2.1400000000e+08                       3312375
     23      2         2.1600000000e+08                       3312376
      6      0         2.1650000000e+08                       3312379
     23      2         2.1700000000e+08                       3312380
      6      0         2.1750000000e+08                       3312381
     23      2         2.1800000000e+08                       3312382
      6      0         2.1850000000e+08                       3312383
     23      2         2.1950000000e+08                       3312384
      3      0         2.2000000000e+08                       5837669
      2      0         3.0700000000e+08                       6238149
      6      0         3.2100000000e+08                       6238151
     23      2         3.2150000000e+08                       6238154
      6      0         3.2200000000e+08                       6238155
      8      0         3.2400000000e+08                       6238157
     23      2         3.2500000000e+08                       6238158
      8      0         3.2550000000e+08                       6238159
     23      2         3.2750000000e+08                       6238160
      6      0         3.2800000000e+08                       6238161
      1      0         3.2900000000e+08                       6754934
      7      0         3.4700000000e+08                       6754938
      7      0         3.4750000000e+08                       6754940
     10      1         3.4800000000e+08                       6838458
      7      0         3.5100000000e+08                       6838461
      7      0         3.5150000000e+08                       6838463
     14      1         3.5250000000e+08                       6838466
      7      0         3.5300000000e+08                       6838469
      7      0         3.5400000000e+08                       6838471
      7      0         3.5500000000e+08                       6838475
      7      0         3.5650000000e+08                       6838477
      7      0         3.5700000000e+08                       6838479
     16      1         3.5750000000e+08                       6838480
      7      0         3.5800000000e+08                       6838481
      7      0         3.5900000000e+08                       6838483
      7      0         3.5950000000e+08                       6838485
      7      0         3.6050000000e+08                       6838487
      7      0         3.6100000000e+08                       6838491
      7      0         3.6200000000e+08                       6838495
      7      0         3.6250000000e+08                       6838499
      7      0         3.6350000000e+08                       6838501
      7      0         3.6550000000e+08                       6838503
      7      0         3.6600000000e+08                       6838507
      7      0         3.6750000000e+08                       6838509
      7      0         3.6850000000e+08                       6838513
     16      1         3.6900000000e+08                       6838514
      7      0         3.6950000000e+08                       6838517
      7      0         3.7100000000e+08                       6838521
     12      1         3.7200000000e+08                       6937829
      7      0         3.7550000000e+08                       6937830
      7      0         3.7600000000e+08                       6937834
      7      0         3.7700000000e+08                       6937836
      7      0         3.7750000000e+08                       6937838
      7      0         3.7800000000e+08                       6937842
      7      0         3.8000000000e+08                       6937844
      7      0         3.8200000000e+08                       6937846
      7      0         3.8300000000e+08                       6937852
      7      0         3.8350000000e+08                       6937854
      7      0         3.8400000000e+08                       6937860
     14      1         3.8450000000e+08                       6937865
      7      0         3.8500000000e+08                       6937866
      7      0         3.8550000000e+08                       6937868
      7      0         3.8600000000e+08                       6937872
      7      0         3.8750000000e+08                       6937874
      7      0         3.8800000000e+08                       6937880
      7      0         3.8850000000e+08                       6937886
      7      0         3.8900000000e+08                       6937888
     14      1         3.8950000000e+08                       6937891
      5      0         3.9000000000e+08                       8521124
      7      0         4.4350000000e+08                       8521126
      7      0         4.4400000000e+08                       8521128
      7      0         4.4450000000e+08                       8521132
      7      0         4.4500000000e+08                       8521136
      7      0         4.4600000000e+08                       8521138
      7      0         4.4650000000e+08                       8521142
     16      1         4.4750000000e+08                       8521143
      1      0         4.4800000000e+08                      10726140
      7      0         5.2250000000e+08                      10726144
      7      0         5.2300000000e+08                      10726146
     16      1         5.2450000000e+08                      10726147
      7      0         5.2500000000e+08                      10726148
      7      0         5.2550000000e+08                      10726150
      7      0         5.2700000000e+08                      10726158
      7      0         5.2750000000e+08                      10726160
      7      0         5.2800000000e+08                      10726162
      7      0         5.2850000000e+08                      10726164
     16      1         5.3000000000e+08                      10726167
      7      0         5.3050000000e+08                      10726168
      7      0         5.3100000000e+08                      10726170
     16      1         5.3150000000e+08                      10726171
      7      0         5.3200000000e+08                      10726172
      7      0         5.3250000000e+08                      10726176
      7      0         5.3300000000e+08                      10726178
      7      0         5.3400000000e+08                      10726182
      7      0         5.3450000000e+08                      10726184
     16      1         5.3500000000e+08                      10726189
      7      0         5.3550000000e+08                      10726190
      7      0         5.3650000000e+08                      10726192
      7      0         5.3700000000e+08                      10726196
      7      0         5.3750000000e+08                      10726198
     16      1         5.3800000000e+08                      10726201
      7      0         5.3850000000e+08                      10726202
      7      0         5.3900000000e+08                      10726206
      7      0         5.4150000000e+08                      10726208
      7      0         5.4200000000e+08                      10726210
      7      0         5.4300000000e+08                      10726212
      7      0         5.4400000000e+08                      10726214
     14      1         5.4450000000e+08                      10726217
      7      0         5.4500000000e+08                      10726218
     14      1         5.4600000000e+08                      10726223
      7      0         5.4650000000e+08                      10726226
      7      0         5.4700000000e+08                      10726228
      7      0         5.4750000000e+08                      10726232
      7      0         5.4900000000e+08                      10726236
      7      0         5.4950000000e+08                      10726240
      7      0         5.5000000000e+08                      10726242
     16      1         5.5050000000e+08                      10726245
      7      0         5.5100000000e+08                      10726246
      7      0         5.5150000000e+08                      10726248
     12      1         5.5200000000e+08                      10843784
      7      0         5.5600000000e+08                      10843785
      7      0         5.5750000000e+08                      10843787
     16      1         5.5800000000e+08                      10843790
      7      0         5.5850000000e+08                      10843791
      7      0         5.5950000000e+08                      10843793
      7      0         5.6000000000e+08                      10843795
      7      0         5.6200000000e+08                      10843797
      1      0         5.6250000000e+08                      11418347
      7      0         5.8450000000e+08                      11418349
      7      0         5.8500000000e+08                      11418351
      7      0         5.8600000000e+08                      11418353
      7      0         5.8750000000e+08                      11418355
      7      0         5.8800000000e+08                      11418361
      7      0         5.8900000000e+08                      11418363
      7      0         5.9100000000e+08                      11418367
      7      0         5.9150000000e+08                      11418371
      7      0         5.9200000000e+08                      11418375
      7      0         5.9250000000e+08                      11418377
      7      0         5.9400000000e+08                      11418381
      7      0         5.9450000000e+08                      11418385
     12      1         5.9650000000e+08                      11506927
     15      1         5.9950000000e+08                      11506933
     15      1         6.0000000000e+08                      11506943
     32      3         6.0050000000e+08                      11506946
     30      3         6.0100000000e+08                      11506952
     30      3         6.0150000000e+08                      11506958
     30      3         6.0200000000e+08                      11506960
     30      3         6.0250000000e+08                      11506968
     32      3         6.0350000000e+08                      11506972
     30      3         6.0400000000e+08                      11506980
     30      3         6.0450000000e+08                      11506986
     30      3         6.0500000000e+08                      11506988
     32      3         6.0550000000e+08                      11506996
     30      3         6.0600000000e+08                      11507000
     30      3         6.0650000000e+08                      11507006
     32      3         6.0700000000e+08                      11507018
     30      3         6.0750000000e+08                      11507020
     15      1         6.0800000000e+08                      11507023
     32      3         6.0850000000e+08                      11507030
     30      3         6.0900000000e+08                      11507038
     32      3         6.0950000000e+08                      11507044
     15      1         6.1000000000e+08                      11507051
     30      3         6.1050000000e+08                      11507052
     30      3         6.1100000000e+08                      11507060
     30      3         6.1150000000e+08                      11507066
     15      1         6.1200000000e+08                      11507071
     32      3         6.1250000000e+08                      11507080
     30      3         6.1300000000e+08                      11507086
     32      3         6.1350000000e+08                      11507088
     32      3         6.1400000000e+08                      11507094
     30      3         6.1450000000e+08                      11507102
     32      3         6.1500000000e+08                      11507112
     30      3         6.1550000000e+08                      11507120
     15      1         6.1600000000e+08                      11507129
     30      3         6.1650000000e+08                      11507132
     32      3         6.1700000000e+08                      11507140
     30      3         6.1750000000e+08                      11507148
     30      3         6.1800000000e+08                      11507152
     32      3         6.1850000000e+08                      11507156
     30      3         6.1900000000e+08                      11507166
     32      3         6.1950000000e+08                      11507168
     32      3         6.2000000000e+08                      11507176
     32      3         6.2050000000e+08                      11507186
     32      3         6.2100000000e+08                      11507190
     32      3         6.2150000000e+08                      11507196
     32      3         6.2200000000e+08                      11507204
     32      3         6.2250000000e+08                      11507216
     30      3         6.2300000000e+08                      11507226
     32      3         6.2350000000e+08                      11507230
     15      1         6.2400000000e+08                      11507231
     32      3         6.2450000000e+08                      11507240
     15      1         6.2500000000e+08                      11507247
     32      3         6.2550000000e+08                      11507250
     30      3         6.2600000000e+08                      11507256
     30      3         6.2650000000e+08                      11507260
     30      3         6.2700000000e+08                      11507268
     30      3         6.2750000000e+08                      11507274
     32      3         6.2800000000e+08                      11507278
     30      3         6.2850000000e+08                      11507286
     15      1         6.2900000000e+08                      11507291
     15      1         6.2950000000e+08                      11507301
     30      3         6.3000000000e+08                      11507314
     32      3         6.3050000000e+08                      11507322
     32      3         6.3100000000e+08                      11507326
     32      3         6.3150000000e+08                      11507332
     15      1         6.3200000000e+08                      11507339
     30      3         6.3250000000e+08                      11507344
     30      3         6.3300000000e+08                      11507354
     32      3         6.3350000000e+08                      11507360
     32      3         6.3400000000e+08                      11507366
     30      3         6.3450000000e+08                      11507370
     32      3         6.3500000000e+08                      11507378
     32      3         6.3550000000e+08                      11507380
     30      3         6.3600000000e+08                      11507388
     30      3         6.3650000000e+08                      11507392
     30      3         6.3700000000e+08                      11507398
     30      3         6.3750000000e+08                      11507406
     32      3         6.3800000000e+08                      11507416
     32      3         6.3850000000e+08                      11507422
     32      3         6.3900000000e+08                      11507428
     32      3         6.3950000000e+08                      11507434
     30      3         6.4000000000e+08                      11507440
     32      3         6.4050000000e+08                      11507450
     30      3         6.4100000000e+08                      11507454
     30      3         6.4150000000e+08                      11507460
     32      3         6.4200000000e+08                      11507464
     30      3         6.4250000000e+08                      11507476
     32      3         6.4300000000e+08                      11507484
     32      3         6.4350000000e+08                      11507486
     30      3         6.4400000000e+08                      11507490
     32      3         6.4450000000e+08                      11507500
     30      3         6.4500000000e+08                      11507508
     32      3         6.4550000000e+08                      11507514
     32      3         6.4600000000e+08                      11507518
     30      3         6.4650000000e+08                      11507522
     30      3         6.4700000000e+08                      11507538
     30      3         6.4750000000e+08                      11507544
     30      3         6.4800000000e+08                      11507554
     32      3         6.4850000000e+08                      11507560
     30      3         6.4900000000e+08                      11507568
     32      3         6.4950000000e+08                      11507574
     30      3         6.5000000000e+08                      11507578
     30      3         6.5050000000e+08                      11507586
     32      3         6.5100000000e+08                      11507588
     30      3         6.5150000000e+08                      11507592
     32      3         6.5200000000e+08                      11507602
     30      3         6.5250000000e+08                      11507606
     15      1         6.5300000000e+08                      11507611
     30      3         6.5350000000e+08                      11507616
     32      3         6.5400000000e+08                      11507618
     32      3         6.5450000000e+08                      11507624
     30      3         6.5500000000e+08                      11507628
     32      3         6.5550000000e+08                      11507638
     30      3         6.5600000000e+08                      11507646
     15      1         6.5650000000e+08                      11507651
     32      3         6.5700000000e+08                      11507656
     30      3         6.5750000000e+08                      11507664
     30      3         6.5800000000e+08                      11507672
     30      3         6.5850000000e+08                      11507676
     30      3         6.5900000000e+08                      11507682
     32      3         6.5950000000e+08                      11507688
     30      3         6.6050000000e+08                      11507696
     15      1         6.6100000000e+08                      11507703
     30      3         6.6150000000e+08                      11507712
     30      3         6.6200000000e+08                      11507716
     30      3         6.6250000000e+08                      11507730
     30      3         6.6300000000e+08                      11507742
     32      3         6.6350000000e+08                      11507748
     30      3         6.6400000000e+08                      11507758
     32      3         6.6450000000e+08                      11507764
     32      3         6.6500000000e+08                      11507774
     32      3         6.6550000000e+08                      11507778
     30      3         6.6600000000e+08                      11507782
     32      3         6.6650000000e+08                      11507792
     30      3         6.6700000000e+08                      11507806
     30      3         6.6750000000e+08                      11507812
     30      3         6.6800000000e+08                      11507816
     30      3         6.6850000000e+08                      11507828
     32      3         6.6900000000e+08                      11507834
     32      3         6.6950000000e+08                      11507842
     32      3         6.7000000000e+08                      11507848
     30      3         6.7100000000e+08                      11507850
     30      3         6.7150000000e+08                      11507854
     15      1         6.7200000000e+08                      11507859
     30      3         6.7250000000e+08                      11507862
     15      1         6.7300000000e+08                      11507867
     30      3         6.7350000000e+08                      11507876
     30      3         6.7400000000e+08                      11507882
     30      3         6.7450000000e+08                      11507890
     30      3         6.7500000000e+08                      11507896
     30      3         6.7550000000e+08                      11507904
     32      3         6.7600000000e+08                      11507914
     32      3         6.7650000000e+08                      11507916
     15      1         6.7700000000e+08                      11507929
     15      1         6.7750000000e+08                      11507941
     30      3         6.7800000000e+08                      11507946
     30      3         6.7850000000e+08                      11507952
     32      3         6.7900000000e+08                      11507956
     30      3         6.7950000000e+08                      11507962
     32      3         6.8000000000e+08                      11507968
     30      3         6.8050000000e+08                      11507978
     30      3         6.8100000000e+08                      11507982
     30      3         6.8150000000e+08                      11507986
     30      3         6.8200000000e+08                      11507992
     30      3         6.8250000000e+08                      11507994
     15      1         6.8300000000e+08                      11508001
     32      3         6.8350000000e+08                      11508006
     32      3         6.8400000000e+08                      11508020
     30      3         6.8450000000e+08                      11508030
     32      3         6.8500000000e+08                      11508036
     30      3         6.8550000000e+08                      11508046
     30      3         6.8600000000e+08                      11508056
     30      3         6.8650000000e+08                      11508062
     32      3         6.8700000000e+08                      11508072
     15      1         6.8750000000e+08                      11508081
     30      3         6.8800000000e+08                      11508088
     32      3         6.8850000000e+08                      11508096
     30      3         6.8900000000e+08                      11508100
     30      3         6.8950000000e+08                      11508116
     30      3         6.9000000000e+08                      11508122
     30      3         6.9050000000e+08                      11508130
     30      3         6.9100000000e+08                      11508132
     32      3         6.9150000000e+08                      11508136
     32      3         6.9200000000e+08                      11508148
     15      1         6.9250000000e+08                      11508157
     30      3         6.9300000000e+08                      11508164
     30      3         6.9350000000e+08                      11508166
     30      3         6.9400000000e+08                      11508178
     32      3         6.9450000000e+08                      11508184
     30      3         6.9500000000e+08                      11508190
     32      3         6.9550000000e+08                      11508196
     30      3         6.9600000000e+08                      11508204
     30      3         6.9650000000e+08                      11508208
     30      3         6.9800000000e+08                      11508220
     30      3         6.9850000000e+08                      11508222
     32      3         6.9900000000e+08                      11508234
     30      3         6.9950000000e+08                      11508240
     32      3         7.0000000000e+08                      11508252
     10      1         7.0050000000e+08                      11705312
     30      3         7.0700000000e+08                      11705313
     15      1         7.0750000000e+08                      11705314
     30      3         7.0800000000e+08                      11705319
     32      3         7.0850000000e+08                      11705321
     30      3         7.0900000000e+08                      11705335
     30      3         7.0950000000e+08                      11705339
     32      3         7.1000000000e+08                      11705347
     32      3         7.1050000000e+08                      11705357
     15      1         7.1100000000e+08                      11705364
     30      3         7.1150000000e+08                      11705369
     32      3         7.1200000000e+08                      11705375
     32      3         7.1250000000e+08                      11705379
     30      3         7.1300000000e+08                      11705381
     30      3         7.1350000000e+08                      11705389
     30      3         7.1400000000e+08                      11705397
     30      3         7.1450000000e+08                      11705403
     30      3         7.1500000000e+08                      11705407
     32      3         7.1550000000e+08                      11705413
     32      3         7.1600000000e+08                      11705417
     30      3         7.1650000000e+08                      11705427
     30      3         7.1700000000e+08                      11705441
     30      3         7.1750000000e+08                      11705445
     11      1         7.1800000000e+08                      11707771
      7      0         7.1850000000e+08                      11707774
      7      0         7.1900000000e+08                      11707776
      7      0         7.1950000000e+08                      11707778
      7      0         7.2000000000e+08                      11707780
     14      1         7.2050000000e+08                      11707781
      7      0         7.2100000000e+08                      11707782
      7      0         7.2150000000e+08                      11707784
      7      0         7.2250000000e+08                      11707788
     14      1         7.2350000000e+08                      11707791
      7      0         7.2400000000e+08                      11707792
      7      0         7.2450000000e+08                      11707798
      7      0         7.2500000000e+08                      11707800
      7      0         7.2600000000e+08                      11707804
      7      0         7.2650000000e+08                      11707812
     14      1         7.2700000000e+08                      11707815
      7      0         7.2750000000e+08                      11707816
      7      0         7.2800000000e+08                      11707818
      7      0         7.2850000000e+08                      11707820
      5      0         7.2950000000e+08                      11722964
     11      1         7.3100000000e+08                      11983052
      7      0         7.3950000000e+08                      11983053
      7      0         7.4000000000e+08                      11983055
      7      0         7.4050000000e+08                      11983057
      7      0         7.4150000000e+08                      11983059
     14      1         7.4250000000e+08                      11983060
      7      0         7.4300000000e+08                      11983065
      7      0         7.4400000000e+08                      11983067
      7      0         7.4550000000e+08                      11983069
     13      1         7.4600000000e+08                      12264629
     30      3         7.5550000000e+08                      12264634
     11      1         7.5600000000e+08                      12333621
     32      3         7.5850000000e+08                      12333624
     30      3         7.5900000000e+08                      12333628
     32      3         7.5950000000e+08                      12333632
     32      3         7.6000000000e+08                      12333640
     30      3         7.6050000000e+08                      12333648
     32      3         7.6100000000e+08                      12333656
     32      3         7.6150000000e+08                      12333660
     15      1         7.6200000000e+08                      12333665
     30      3         7.6250000000e+08                      12333676
     30      3         7.6300000000e+08                      12333688
     32      3         7.6350000000e+08                      12333696
     32      3         7.6400000000e+08                      12333702
     32      3         7.6450000000e+08                      12333706
     32      3         7.6500000000e+08                      12333712
     32      3         7.6550000000e+08                      12333718
     30      3         7.6600000000e+08                      12333720
     30      3         7.6650000000e+08                      12333732
     30      3         7.6700000000e+08                      12333738
     30      3         7.6750000000e+08                      12333742
     30      3         7.6800000000e+08                      12333750
     15      1         7.6850000000e+08                      12333763
     30      3         7.6900000000e+08                      12333772
     30      3         7.6950000000e+08                      12333780
     32      3         7.7000000000e+08                      12333784
     32      3         7.7050000000e+08                      12333796
     15      1         7.7100000000e+08                      12333803
     15      1         7.7150000000e+08                      12333813
     30      3         7.7200000000e+08                      12333820
     32      3         7.7250000000e+08                      12333830
     30      3         7.7300000000e+08                      12333832
     30      3         7.7350000000e+08                      12333838
     32      3         7.7400000000e+08                      12333840
     30      3         7.7450000000e+08                      12333850
     32      3         7.7500000000e+08                      12333862
     30      3         7.7550000000e+08                      12333870
     30      3         7.7600000000e+08                      12333874
     32      3         7.7650000000e+08                      12333878
     32      3         7.7700000000e+08                      12333886
     15      1         7.7750000000e+08                      12333889
     32      3         7.7800000000e+08                      12333896
     30      3         7.7850000000e+08                      12333904
     10      1         7.7900000000e+08                      13184778
     30      3         8.0800000000e+08                      13184785
     32      3         8.0850000000e+08                      13184795
     32      3         8.0900000000e+08                      13184801
     32      3         8.0950000000e+08                      13184811
     32      3         8.1000000000e+08                      13184817
     15      1         8.1050000000e+08                      13184826
     32      3         8.1100000000e+08                      13184831
     30      3         8.1150000000e+08                      13184843
     30      3         8.1200000000e+08                      13184851
     32      3         8.1250000000e+08                      13184855
     30      3         8.1300000000e+08                      13184859
     30      3         8.1350000000e+08                      13184865
     32      3         8.1400000000e+08                      13184869
     30      3         8.1450000000e+08                      13184875
     30      3         8.1500000000e+08                      13184883
     30      3         8.1550000000e+08                      13184889
     32      3         8.1600000000e+08                      13184897
     30      3         8.1650000000e+08                      13184905
     30      3         8.1700000000e+08                      13184911
     32      3         8.1750000000e+08                      13184915
     15      1         8.1800000000e+08                      13184916
     30      3         8.1850000000e+08                      13184917
     30      3         8.1900000000e+08                      13184925
     32      3         8.1950000000e+08                      13184933
     30      3         8.2000000000e+08                      13184937
     30      3         8.2050000000e+08                      13184939
     32      3         8.2100000000e+08                      13184953
     30      3         8.2150000000e+08                      13184961
     30      3         8.2200000000e+08                      13184967
     30      3         8.2250000000e+08                      13184973
     30      3         8.2300000000e+08                      13184979
     15      1         8.2350000000e+08                      13184986
     30      3         8.2400000000e+08                      13184993
     32      3         8.2450000000e+08                      13184997
     30      3         8.2500000000e+08                      13185007
     15      1         8.2550000000e+08                      13185016
     32      3         8.2600000000e+08                      13185021
     32      3         8.2650000000e+08                      13185029
     30      3         8.2700000000e+08                      13185035
     15      1         8.2750000000e+08                      13185042
     30      3         8.2800000000e+08                      13185055
     32      3         8.2850000000e+08                      13185067
     30      3         8.2900000000e+08                      13185075
     30      3         8.2950000000e+08                      13185079
     32      3         8.3000000000e+08                      13185085
     30      3         8.3050000000e+08                      13185091
     32      3         8.3100000000e+08                      13185105
     32      3         8.3150000000e+08                      13185115
     30      3         8.3200000000e+08                      13185125
     15      1         8.3250000000e+08                      13185130
     32      3         8.3300000000e+08                      13185137
     32      3         8.3350000000e+08                      13185145
     30      3         8.3400000000e+08                      13185153
     15      1         8.3450000000e+08                      13185160
     30      3         8.3500000000e+08                      13185163
     15      1         8.3550000000e+08                      13185168
     29      3         8.3600000000e+08                      13207061
     31      3         8.5650000000e+08                      13207065
     22      2         8.5700000000e+08                      13207068
     18      2         8.5750000000e+08                      13210677
     24      2         8.6250000000e+08                      13210679
     24      2         8.6300000000e+08                      13210683
     24      2         8.6350000000e+08                      13210687
     22      2         8.6400000000e+08                      13210689
     22      2         8.6450000000e+08                      13210691
     24      2         8.6500000000e+08                      13210693
     22      2         8.6550000000e+08                      13210695
     24      2         8.6650000000e+08                      13210699
     22      2         8.6700000000e+08                      13210701
     24      2         8.6750000000e+08                      13210705
     24      2         8.6800000000e+08                      13210709
     24      2         8.6850000000e+08                      13210711
     31      3         8.6900000000e+08                      13210712
     22      2         8.6950000000e+08                      13210717
     31      3         8.7000000000e+08                      13210722
     22      2         8.7050000000e+08                      13210727
     22      2         8.7100000000e+08                      13210731
     31      3         8.7150000000e+08                      13210738
     31      3         8.7200000000e+08                      13210742
     22      2         8.7250000000e+08                      13210745
     24      2         8.7350000000e+08                      13210747
     22      2         8.7400000000e+08                      13210751
     24      2         8.7450000000e+08                      13210753
     31      3         8.7500000000e+08                      13210760
     31      3         8.7550000000e+08                      13210764
     31      3         8.7600000000e+08                      13210768
     22      2         8.7650000000e+08                      13210773
     24      2         8.7700000000e+08                      13210777
     24      2         8.7750000000e+08                      13210779
     22      2         8.7800000000e+08                      13210781
     22      2         8.7850000000e+08                      13210783
     24      2         8.7900000000e+08                      13210787
     22      2         8.8000000000e+08                      13210791
     31      3         8.8050000000e+08                      13210794
     31      3         8.8100000000e+08                      13210796
     22      2         8.8150000000e+08                      13210797
     31      3         8.8200000000e+08                      13210798
     31      3         8.8250000000e+08                      13210802
     24      2         8.8300000000e+08                      13210805
     22      2         8.8350000000e+08                      13210811
     22      2         8.8400000000e+08                      13210813
     22      2         8.8550000000e+08                      13210815
     22      2         8.8600000000e+08                      13210821
     24      2         8.8650000000e+08                      13210823
     24      2         8.8700000000e+08                      13210825
     22      2         8.8800000000e+08                      13210827
     22      2         8.8850000000e+08                      13210829
     22      2         8.8900000000e+08                      13210831
     24      2         8.8950000000e+08                      13210833
     24      2         8.9000000000e+08                      13210835
     31      3         8.9050000000e+08                      13210842
     22      2         8.9100000000e+08                      13210849
     31      3         8.9150000000e+08                      13210852
     24      2         8.9200000000e+08                      13210853
     24      2         8.9250000000e+08                      13210855
     31      3         8.9300000000e+08                      13210858
     22      2         8.9350000000e+08                      13210861
     24      2         8.9600000000e+08                      13210863
     24      2         8.9650000000e+08                      13210865
     22      2         8.9750000000e+08                      13210869
     22      2         8.9800000000e+08                      13210873
     31      3         8.9850000000e+08                      13210878
     31      3         8.9900000000e+08                      13210880
     31      3         8.9950000000e+08                      13210884
     24      2         9.0000000000e+08                      13210889
     31      3         9.0100000000e+08                      13210892
     24      2         9.0150000000e+08                      13210893
     24      2         9.0250000000e+08                      13210895
     22      2         9.0450000000e+08                      13210899
     31      3         9.0500000000e+08                      13210906
     22      2         9.0550000000e+08                      13210909
     22      2         9.0600000000e+08                      13210911
     31      3         9.0650000000e+08                      13210912
     22      2         9.0700000000e+08                      13210917
     24      2         9.0750000000e+08                      13210921
     24      2         9.0850000000e+08                      13210925
     22      2         9.0900000000e+08                      13210929
     24      2         9.0950000000e+08                      13210931
     22      2         9.1050000000e+08                      13210935
     31      3         9.1100000000e+08                      13210938
     24      2         9.1150000000e+08                      13210939
     22      2         9.1200000000e+08                      13210941
     22      2         9.1250000000e+08                      13210943
     22      2         9.1300000000e+08                      13210947
     24      2         9.1400000000e+08                      13210949
     31      3         9.1450000000e+08                      13210950
     31      3         9.1500000000e+08                      13210956
     24      2         9.1550000000e+08                      13210961
     22      2         9.1600000000e+08                      13210963
     31      3         9.1650000000e+08                      13210970
     31      3         9.1700000000e+08                      13210972
     31      3         9.1750000000e+08                      13210976
     24      2         9.1800000000e+08                      13210981
     24      2         9.1850000000e+08                      13210985
     22      2         9.1900000000e+08                      13210987
     22      2         9.1950000000e+08                      13210989
     22      2         9.2050000000e+08                      13210995
     24      2         9.2100000000e+08                      13210999
     31      3         9.2150000000e+08                      13211002
     31      3         9.2200000000e+08                      13211006
     24      2         9.2250000000e+08                      13211011
     31      3         9.2300000000e+08                      13211016
     31      3         9.2350000000e+08                      13211020
     31      3         9.2400000000e+08                      13211022
     31      3         9.2450000000e+08                      13211024
     24      2         9.2500000000e+08                      13211029
     22      2         9.2550000000e+08                      13211033
     22      2         9.2600000000e+08                      13211039
     24      2         9.2700000000e+08                      13211043
     22      2         9.2750000000e+08                      13211047
     22      2         9.2800000000e+08                      13211049
     31      3         9.2850000000e+08                      13211050
     31      3         9.2900000000e+08                      13211054
     24      2         9.2950000000e+08                      13211055
     24      2         9.3000000000e+08                      13211061
     31      3         9.3050000000e+08                      13211068
     31      3         9.3100000000e+08                      13211074
     24      2         9.3150000000e+08                      13211081
     24      2         9.3200000000e+08                      13211085
     31      3         9.3250000000e+08                      13211088
     24      2         9.3300000000e+08                      13211093
     22      2         9.3350000000e+08                      13211099
     22      2         9.3450000000e+08                      13211103
     24      2         9.3500000000e+08                      13211105
     24      2         9.3550000000e+08                      13211109
     22      2         9.3600000000e+08                      13211113
     22      2         9.3650000000e+08                      13211115
     24      2         9.3700000000e+08                      13211119
     31      3         9.3750000000e+08                      13211122
     24      2         9.3800000000e+08                      13211127
     24      2         9.3850000000e+08                      13211131
     24      2         9.3950000000e+08                      13211133
     22      2         9.4000000000e+08                      13211135
     31      3         9.4050000000e+08                      13211138
     31      3         9.4100000000e+08                      13211140
     31      3         9.4150000000e+08                      13211142
     24      2         9.4200000000e+08                      13211147
     22      2         9.4250000000e+08                      13211149
     24      2         9.4300000000e+08                      13211153
     31      3         9.4350000000e+08                      13211160
     31      3         9.4400000000e+08                      13211162
     22      2         9.4450000000e+08                      13211165
     22      2         9.4500000000e+08                      13211167
     24      2         9.4550000000e+08                      13211171
     22      2         9.4650000000e+08                      13211175
     22      2         9.4700000000e+08                      13211179
     22      2         9.4750000000e+08                      13211185
     31      3         9.4850000000e+08                      13211186
     24      2         9.4900000000e+08                      13211187
     22      2         9.4950000000e+08                      13211189
     24      2         9.5000000000e+08                      13211191
     24      2         9.5100000000e+08                      13211193
     31      3         9.5150000000e+08                      13211196
     22      2         9.5200000000e+08                      13211201
     22      2         9.5250000000e+08                      13211205
     24      2         9.5300000000e+08                      13211209
     24      2         9.5400000000e+08                      13211211
     31      3         9.5450000000e+08                      13211214
     22      2         9.5500000000e+08                      13211215
     22      2         9.5550000000e+08                      13211219
     31      3         9.5650000000e+08                      13211222
     22      2         9.5700000000e+08                      13211227
     24      2         9.5750000000e+08                      13211229
     24      2         9.5800000000e+08                      13211233
     24      2         9.5850000000e+08                      13211235
     24      2         9.5900000000e+08                      13211239
     24      2         9.5950000000e+08                      13211243
     22      2         9.6000000000e+08                      13211249
     24      2         9.6050000000e+08                      13211251
     31      3         9.6100000000e+08                      13211254
     24      2         9.6150000000e+08                      13211257
     24      2         9.6200000000e+08                      13211261
     22      2         9.6250000000e+08                      13211267
     22      2         9.6300000000e+08                      13211271
     31      3         9.6350000000e+08                      13211274
     22      2         9.6400000000e+08                      13211275
     24      2         9.6450000000e+08                      13211277
     24      2         9.6500000000e+08                      13211281
     29      3         9.6550000000e+08                      13965731
