     12      1         0.0000000000e+00                             0
     12      1         5.0000000000e+05                        554476
      7      0         1.9000000000e+07                        554479
      7      0         2.0500000000e+07                        554481
     16      1         2.2500000000e+07                        554484
      7      0         2.3000000000e+07                        554485
      7      0         2.3500000000e+07                        554487
      9      1         2.4000000000e+07                        663907
      7      0         2.8000000000e+07                        663910
      7      0         2.8500000000e+07                        663912
      7      0         2.9000000000e+07                        665525
      7      0         2.9500000000e+07                        665527
      7      0         3.0000000000e+07                        665531
      7      0         3.1000000000e+07                        665533
      7      0         3.1500000000e+07                        665535
      7      0         3.2000000000e+07                        665537
      7      0         3.2500000000e+07                        665539
      7      0         3.3000000000e+07                        665541
      7      0         3.3500000000e+07                        665543
      7      0         3.5000000000e+07                        665545
      7      0         3.5500000000e+07                        665549
      7      0         3.6000000000e+07                        665551
      7      0         3.8000000000e+07                        665553
     16      1         3.9000000000e+07                        665556
      7      0         3.9500000000e+07                        665557
      7      0         4.0000000000e+07                        665561
      7      0         4.1000000000e+07                        665563
      1      0         4.2000000000e+07                       3294498
      7      0         1.3250000000e+08                       3294502
     14      1         1.3300000000e+08                       3294505
      7      0         1.3350000000e+08                       3294510
      7      0         1.3400000000e+08                       3294516
      7      0         1.3450000000e+08                       3294520
      7      0         1.3500000000e+08                       3294526
      7      0         1.3550000000e+08                       3294528
      4      0         1.3700000000e+08                       5035186
     16      1         1.9800000000e+08                       5035187
      7      0         1.9850000000e+08                       5035188
      7      0         1.9900000000e+08                       5035190
      7      0         1.9950000000e+08                       5035194
      7      0         2.0050000000e+08                       5035196
      7      0         2.0150000000e+08                       5035198
     16      1         2.0500000000e+08                       5035199
      7      0         2.0550000000e+08                       5035202
      7      0         2.0600000000e+08                       5035204
      7      0         2.0850000000e+08                       5035206
      7      0         2.1000000000e+08                       5035208
     14      1         2.1050000000e+08                       5035213
      7      0         2.1100000000e+08                       5035216
      7      0         2.1200000000e+08                       5035220
      7      0         2.1350000000e+08                       5035222
      7      0         2.1400000000e+08                       5035224
      7      0         2.1450000000e+08                       5035226
      7      0         2.1500000000e+08                       5035230
      1      0         2.1550000000e+08                       5515939
      7      0         2.3400000000e+08                       5515941
      7      0         2.3450000000e+08                       5515947
      7      0         2.3500000000e+08                       5515951
      5      0         2.3650000000e+08                       6584830
      7      0         2.7350000000e+08                       6584834
      7      0         2.7400000000e+08                       6584838
      7      0         2.7450000000e+08                       6584840
      7      0         2.7500000000e+08                       6584842
      7      0         2.7700000000e+08                       6584844
      7      0         2.7750000000e+08                       6584846
      7      0         2.7800000000e+08                       6584850
      7      0         2.7850000000e+08                       6584852
      7      0         2.7900000000e+08                       6584854
      7      0         2.7950000000e+08                       6584856
      7      0         2.8000000000e+08                       6584858
      7      0         2.8150000000e+08                       6584860
      7      0         2.8200000000e+08                       6584862
     10      1         2.8250000000e+08                       6648398
      7      0         2.8450000000e+08                       6648399
      7      0         2.8600000000e+08                       6648403
      7      0         2.8650000000e+08                       6648405
     14      1         2.8800000000e+08                       6648406
     16      1         2.8850000000e+08                       6648408
      7      0         2.8900000000e+08                       6648411
      7      0         2.8950000000e+08                       6648413
      7      0         2.9000000000e+08                       6648415
     14      1         2.9050000000e+08                       6648420
      7      0         2.9100000000e+08                       6648421
      7      0         2.9200000000e+08                       6648423
      7      0         2.9250000000e+08                       6648425
      7      0         2.9400000000e+08                       6648427
      7      0         2.9450000000e+08                       6648429
      7      0         2.9500000000e+08                       6648431
      7      0         2.9600000000e+08                       6648435
      7      0         2.9750000000e+08                       6648437
      7      0         2.9800000000e+08                       6648439
      7      0         3.0000000000e+08                       6648445
      7      0         3.0050000000e+08                       6648449
      7      0         3.0100000000e+08                       6648451
      7      0         3.0150000000e+08                       6648453
      7      0         3.0250000000e+08                       6648457
     16      1         3.0350000000e+08                       6648460
      7      0         3.0400000000e+08                       6648467
      7      0         3.0450000000e+08                       6648469
      7      0         3.0500000000e+08                       6648473
      7      0         3.0550000000e+08                       6648475
      2      0         3.0650000000e+08                       9505700
      8      0         4.0450000000e+08                       9505704
      6      0         4.0500000000e+08                       9505706
     23      2         4.0750000000e+08                       9505707
      8      0         4.0800000000e+08                       9505708
     23      2         4.0950000000e+08                       9505709
      6      0         4.1000000000e+08                       9505710
      6      0         4.1050000000e+08                       9505712
     23      2         4.1150000000e+08                       9505715
      8      0         4.1200000000e+08                       9505718
      4      0         4.1250000000e+08                      11598445
      8      0         4.8400000000e+08                      11598447
      8      0         4.8450000000e+08                      11598451
      8      0         4.8500000000e+08                      11598453
     23      2         4.8700000000e+08                      11598454
      8      0         4.8750000000e+08                      11598457
      6      0         4.8900000000e+08                      11598459
     23      2         4.9300000000e+08                      11598460
      6      0         4.9350000000e+08                      11598461
      6      0         4.9400000000e+08                      11598463
      2      0         4.9500000000e+08                      11891322
      6      0         5.0850000000e+08                      11891324
     23      2         5.0950000000e+08                      11891327
      8      0         5.1000000000e+08                      11891328
     23      2         5.1250000000e+08                      11891329
     23      2         5.1300000000e+08                      11891333
      6      0         5.1350000000e+08                      11891334
     23      2         5.1550000000e+08                      11891335
      6      0         5.1600000000e+08                      11891336
     23      2         5.1850000000e+08                      11891337
      6      0         5.1900000000e+08                      11891338
      8      0         5.2050000000e+08                      11891340
      2      0         5.2100000000e+08                      13110024
      7      0         5.6250000000e+08                      13110026
      7      0         5.6300000000e+08                      13110028
      7      0         5.6350000000e+08                      13110030
     14      1         5.6400000000e+08                      13110033
      7      0         5.6450000000e+08                      13110034
      7      0         5.6550000000e+08                      13110038
     14      1         5.6750000000e+08                      13110041
     16      1         5.6800000000e+08                      13110045
      7      0         5.6850000000e+08                      13110052
      7      0         5.7000000000e+08                      13110054
      7      0         5.7200000000e+08                      13110056
      7      0         5.7300000000e+08                      13110058
      7      0         5.7350000000e+08                      13110062
      7      0         5.7400000000e+08                      13110066
     14      1         5.7450000000e+08                      13110067
      7      0         5.7500000000e+08                      13110068
      7      0         5.7550000000e+08                      13110072
      7      0         5.7650000000e+08                      13110076
      7      0         5.7750000000e+08                      13110078
      7      0         5.8000000000e+08                      13110080
      7      0         5.8100000000e+08                      13110084
      9      1         5.8300000000e+08                      13573068
      7      0         5.9900000000e+08                      13573069
      7      0         6.0000000000e+08                      13573071
      7      0         6.0050000000e+08                      13573073
      7      0         6.0250000000e+08                      13573075
     14      1         6.0300000000e+08                      13573076
      7      0         6.0350000000e+08                      13573079
      7      0         6.0400000000e+08                      13573083
     16      1         6.0450000000e+08                      13573084
      7      0         6.0500000000e+08                      13573085
      7      0         6.0550000000e+08                      13573089
      7      0         6.0600000000e+08                      13573093
      7      0         6.0650000000e+08                      13573095
      7      0         6.0700000000e+08                      13573097
      7      0         6.0800000000e+08                      13573099
      7      0         6.0850000000e+08                      13573101
      7      0         6.1000000000e+08                      13573103
      7      0         6.1050000000e+08                      13573107
      7      0         6.1100000000e+08                      13573109
     12      1         6.1150000000e+08                      13777190
      7      0         6.1850000000e+08                      13777191
     12      1         6.1900000000e+08                      14080120
     30      3         6.2950000000e+08                      14080125
     32      3         6.3000000000e+08                      14080133
     30      3         6.3050000000e+08                      14080147
     32      3         6.3100000000e+08                      14080159
     30      3         6.3150000000e+08                      14080167
     32      3         6.3200000000e+08                      14080175
     30      3         6.3250000000e+08                      14080177
     30      3         6.3300000000e+08                      14080183
     30      3         6.3350000000e+08                      14080189
     15      1         6.3400000000e+08                      14080198
     30      3         6.3450000000e+08                      14080201
     32      3         6.3500000000e+08                      14080207
     32      3         6.3550000000e+08                      14080211
     30      3         6.3600000000e+08                      14080213
     32      3         6.3650000000e+08                      14080215
     15      1         6.3700000000e+08                      14080222
     32      3         6.3750000000e+08                      14080227
     30      3         6.3800000000e+08                      14080239
     32      3         6.3850000000e+08                      14080247
     32      3         6.3900000000e+08                      14080249
     32      3         6.3950000000e+08                      14080253
     32      3         6.4000000000e+08                      14080259
     32      3         6.4050000000e+08                      14080267
     15      1         6.4100000000e+08                      14080274
     32      3         6.4150000000e+08                      14080281
     30      3         6.4200000000e+08                      14080283
     32      3         6.4250000000e+08                      14080285
     15      1         6.4300000000e+08                      14080296
     32      3         6.4350000000e+08                      14080301
     32      3         6.4400000000e+08                      14080309
     32      3         6.4450000000e+08                      14080317
     30      3         6.4500000000e+08                      14080329
     15      1         6.4550000000e+08                      14080332
     30      3         6.4600000000e+08                      14080339
     12      1         6.4650000000e+08                      14126917
     30      3         6.4850000000e+08                      14126924
     30      3         6.4900000000e+08                      14126926
     32      3         6.4950000000e+08                      14126932
     30      3         6.5000000000e+08                      14126934
     30      3         6.5050000000e+08                      14126942
     15      1         6.5100000000e+08                      14126949
     32      3         6.5150000000e+08                      14126952
     32      3         6.5200000000e+08                      14126956
     30      3         6.5250000000e+08                      14126964
     15      1         6.5300000000e+08                      14126971
     30      3         6.5350000000e+08                      14126978
     30      3         6.5400000000e+08                      14126988
     30      3         6.5450000000e+08                      14127000
     32      3         6.5500000000e+08                      14127006
     30      3         6.5550000000e+08                      14127010
     30      3         6.5600000000e+08                      14127020
     32      3         6.5650000000e+08                      14127026
     30      3         6.5700000000e+08                      14127032
     15      1         6.5750000000e+08                      14127041
     32      3         6.5800000000e+08                      14127048
     32      3         6.5850000000e+08                      14127050
     30      3         6.5900000000e+08                      14127056
     32      3         6.5950000000e+08                      14127064
     15      1         6.6000000000e+08                      14127069
     30      3         6.6050000000e+08                      14127080
     30      3         6.6100000000e+08                      14127088
     30      3         6.6150000000e+08                      14127090
     32      3         6.6200000000e+08                      14127096
     30      3         6.6250000000e+08                      14127098
     30      3         6.6300000000e+08                      14127102
     30      3         6.6350000000e+08                      14127106
     30      3         6.6400000000e+08                      14127114
     15      1         6.6450000000e+08                      14127119
     15      1         6.6500000000e+08                      14127125
     32      3         6.6550000000e+08                      14127130
     15      1         6.6600000000e+08                      14127135
     15      1         6.6650000000e+08                      14127151
     32      3         6.6700000000e+08                      14127158
     30      3         6.6750000000e+08                      14127162
     32      3         6.6800000000e+08                      14127168
     32      3         6.6850000000e+08                      14127182
     32      3         6.6900000000e+08                      14127184
     30      3         6.6950000000e+08                      14127188
     30      3         6.7000000000e+08                      14127190
     15      1         6.7050000000e+08                      14127191
     30      3         6.7100000000e+08                      14127194
     11      1         6.7150000000e+08                      14145318
      7      0         6.7200000000e+08                      14145319
      7      0         6.7400000000e+08                      14145323
      1      0         6.7500000000e+08                      15085886
      6      0         7.0850000000e+08                      15085888
      8      0         7.1100000000e+08                      15085890
      8      0         7.1300000000e+08                      15085892
     23      2         7.1500000000e+08                      15085893
      8      0         7.1550000000e+08                      15085896
      8      0         7.1700000000e+08                      15085898
      6      0         7.2000000000e+08                      15085900
      6      0         7.2100000000e+08                      15085902
      8      0         7.2250000000e+08                      15085904
     23      2         7.2300000000e+08                      15085907
     23      2         7.2350000000e+08                      15085909
      1      0         7.2400000000e+08                      15297166
      7      0         7.3200000000e+08                      15297170
      7      0         7.3300000000e+08                      15297176
      7      0         7.3350000000e+08                      15297182
      7      0         7.3400000000e+08                      15297184
      7      0         7.3650000000e+08                      15297186
      7      0         7.3750000000e+08                      15297188
      7      0         7.3800000000e+08                      15297190
      7      0         7.3950000000e+08                      15297192
     16      1         7.4050000000e+08                      15297193
      7      0         7.4100000000e+08                      15297196
      7      0         7.4150000000e+08                      15297202
      7      0         7.4400000000e+08                      15297204
      7      0         7.4450000000e+08                      15297206
      7      0         7.4550000000e+08                      15297208
     14      1         7.4600000000e+08                      15297209
      7      0         7.4650000000e+08                      15297212
      7      0         7.4700000000e+08                      15297214
      7      0         7.4750000000e+08                      15297216
      7      0         7.4800000000e+08                      15297218
      7      0         7.4950000000e+08                      15297220
      7      0         7.5050000000e+08                      15297224
      7      0         7.5100000000e+08                      15297226
      7      0         7.5150000000e+08                      15297228
      7      0         7.5200000000e+08                      15297232
      7      0         7.5350000000e+08                      15297238
      7      0         7.5400000000e+08                      15297240
      7      0         7.5500000000e+08                      15297244
      7      0         7.5650000000e+08                      15297246
     16      1         7.5700000000e+08                      15297253
      7      0         7.5750000000e+08                      15297256
      7      0         7.5800000000e+08                      15297258
      7      0         7.5850000000e+08                      15297260
      7      0         7.5950000000e+08                      15297262
      7      0         7.6000000000e+08                      15297266
      9      1         7.6050000000e+08                      15324233
      7      0         7.6150000000e+08                      15324234
      7      0         7.6200000000e+08                      15324238
      7      0         7.6300000000e+08                      15324242
      7      0         7.6350000000e+08                      15324244
      4      0         7.6450000000e+08                      15686049
      7      0         7.7750000000e+08                      15686051
      7      0         7.7800000000e+08                      15686055
      7      0         7.7900000000e+08                      15686059
      7      0         7.7950000000e+08                      15686061
      7      0         7.8000000000e+08                      15686065
      7      0         7.8050000000e+08                      15686067
     14      1         7.8100000000e+08                      15686068
      7      0         7.8150000000e+08                      15686071
      1      0         7.8200000000e+08                      18378415
      7      0         8.7300000000e+08                      18378417
      7      0         8.7450000000e+08                      18378419
      7      0         8.7500000000e+08                      18378423
      7      0         8.7550000000e+08                      18378425
     14      1         8.7600000000e+08                      18378426
      7      0         8.7650000000e+08                      18378427
      7      0         8.7700000000e+08                      18378431
     14      1         8.7750000000e+08                      18378438
      7      0         8.7800000000e+08                      18378439
      7      0         8.7850000000e+08                      18378441
      7      0         8.7900000000e+08                      18378443
     16      1         8.7950000000e+08                      18378446
      7      0         8.8000000000e+08                      18378451
      7      0         8.8150000000e+08                      18378453
      7      0         8.8250000000e+08                      18378455
      7      0         8.8300000000e+08                      18378457
      7      0         8.8350000000e+08                      18378461
      7      0         8.8450000000e+08                      18378463
      7      0         8.8500000000e+08                      18378467
      7      0         8.8550000000e+08                      18378475
      3      0         8.8600000000e+08                      18493096
      6      0         8.9150000000e+08                      18493098
      8      0         8.9400000000e+08                      18493100
     23      2         8.9700000000e+08                      18493101
      8      0         8.9750000000e+08                      18493102
      8      0         8.9800000000e+08                      18493104
     23      2         8.9850000000e+08                      18493105
      8      0         8.9900000000e+08                      18493106
      6      0         9.0050000000e+08                      18493108
      6      0         9.0150000000e+08                      18493110
      6      0         9.0200000000e+08                      18493112
      8      0         9.0300000000e+08                      18493114
      8      0         9.0450000000e+08                      18493116
      6      0         9.0500000000e+08                      18493118
      6      0         9.0550000000e+08                      18493120
      8      0         9.0600000000e+08                      18493122
      8      0         9.0700000000e+08                      18493124
      8      0         9.0850000000e+08                      18493126
      8      0         9.0950000000e+08                      18493128
      8      0         9.1150000000e+08                      18493130
      8      0         9.1300000000e+08                      18493132
     23      2         9.1400000000e+08                      18493133
      4      0         9.1450000000e+08                      19004800
     23      2         9.3200000000e+08                      19004801
      8      0         9.3250000000e+08                      19004802
      8      0         9.3400000000e+08                      19004806
      8      0         9.3500000000e+08                      19004808
     23      2         9.3550000000e+08                      19004809
      6      0         9.3600000000e+08                      19004810
     23      2         9.3700000000e+08                      19004813
      6      0         9.3750000000e+08                      19004818
      6      0         9.3800000000e+08                      19004820
      6      0         9.3950000000e+08                      19004826
      8      0         9.4200000000e+08                      19004828
      8      0         9.4300000000e+08                      19004830
      8      0         9.4350000000e+08                      19004832
      8      0         9.4650000000e+08                      19004834
     23      2         9.4700000000e+08                      19004835
      8      0         9.4750000000e+08                      19004836
      5      0         9.4850000000e+08                      21480925
