     28      3         0.0000000000e+00                             0
     28      3         5.0000000000e+05                        114439
     32      3         1.0900000000e+08                        114443
     32      3         1.0950000000e+08                        114445
     32      3         1.1000000000e+08                        114451
     32      3         1.1050000000e+08                        114457
     30      3         1.1100000000e+08                        114461
     32      3         1.1150000000e+08                        114465
     30      3         1.1200000000e+08                        114477
     32      3         1.1250000000e+08                        114483
     30      3         1.1300000000e+08                        114491
     32      3         1.1350000000e+08                        114501
     30      3         1.1400000000e+08                        114505
     32      3         1.1450000000e+08                        114511
     32      3         1.1500000000e+08                        114517
     32      3         1.1550000000e+08                        114521
     30      3         1.1600000000e+08                        114527
     30      3         1.1650000000e+08                        114535
     32      3         1.1700000000e+08                        114537
     32      3         1.1750000000e+08                        114541
     32      3         1.1800000000e+08                        114545
     32      3         1.1850000000e+08                        114551
     32      3         1.1900000000e+08                        114561
     12      1         1.1950000000e+08                        310249
      7      0         1.2650000000e+08                        310252
      7      0         1.2700000000e+08                        310254
      7      0         1.2850000000e+08                        310258
      7      0         1.2900000000e+08                        310260
      7      0         1.2950000000e+08                        310262
      7      0         1.3050000000e+08                        310264
      7      0         1.3100000000e+08                        310268
      7      0         1.3200000000e+08                        310270
      7      0         1.3250000000e+08                        310272
      7      0         1.3400000000e+08                        310274
      7      0         1.3450000000e+08                        310276
      7      0         1.3500000000e+08                        310278
      7      0         1.3550000000e+08                        310282
      7      0         1.3700000000e+08                        310284
      7      0         1.3750000000e+08                        310288
      7      0         1.3800000000e+08                        310290
      7      0         1.3850000000e+08                        310292
      7      0         1.3900000000e+08                        310294
      7      0         1.3950000000e+08                        310296
     16      1         1.4100000000e+08                        310297
      7      0         1.4150000000e+08                        310298
      7      0         1.4250000000e+08                        310300
      7      0         1.4300000000e+08                        310302
      7      0         1.4350000000e+08                        310304
      7      0         1.4400000000e+08                        310308
      7      0         1.4450000000e+08                        310314
      7      0         1.4500000000e+08                        310316
      7      0         1.4700000000e+08                        310318
      7      0         1.4750000000e+08                        310320
      7      0         1.4800000000e+08                        310322
      7      0         1.4900000000e+08                        310324
      7      0         1.4950000000e+08                        310326
      7      0         1.5000000000e+08                        310330
      7      0         1.5050000000e+08                        310332
     16      1         1.5100000000e+08                        310339
      7      0         1.5150000000e+08                        310344
      7      0         1.5200000000e+08                        310346
     14      1         1.5300000000e+08                        310349
      7      0         1.5350000000e+08                        310352
      7      0         1.5500000000e+08                        310354
      7      0         1.5650000000e+08                        310356
      1      0         1.5700000000e+08                       4281455
      7      0         2.9100000000e+08                       4281457
      7      0         2.9150000000e+08                       4281461
      7      0         2.9300000000e+08                       4281463
      7      0         2.9450000000e+08                       4281465
      7      0         2.9600000000e+08                       4281467
      7      0         2.9650000000e+08                       4281469
      7      0         2.9700000000e+08                       4281471
      7      0         2.9750000000e+08                       4281473
      7      0         2.9800000000e+08                       4281477
      7      0         2.9900000000e+08                       4281479
     16      1         2.9950000000e+08                       4281482
      7      0         3.0000000000e+08                       4281487
      9      1         3.0050000000e+08                       4537897
      7      0         3.0950000000e+08                       4537898
      7      0         3.1150000000e+08                       4537902
      7      0         3.1200000000e+08                       4537904
      1      0         3.1250000000e+08                       6835211
      6      0         3.9150000000e+08                       6835213
      6      0         3.9300000000e+08                       6835215
      6      0         3.9400000000e+08                       6835217
      8      0         3.9900000000e+08                       6835219
      6      0         3.9950000000e+08                       6835221
     23      2         4.0000000000e+08                       6835222
     23      2         4.0050000000e+08                       6835224
      8      0         4.0100000000e+08                       6835225
     23      2         4.0250000000e+08                       6835226
      8      0         4.0300000000e+08                       6835227
      8      0         4.0400000000e+08                       6835229
      8      0         4.0500000000e+08                       6835233
      6      0         4.0650000000e+08                       6835237
      6      0         4.0750000000e+08                       6835239
      8      0         4.0850000000e+08                       6835241
     23      2         4.0900000000e+08                       6835242
      6      0         4.0950000000e+08                       6835243
      5      0         4.1000000000e+08                       7120234
      6      0         4.2100000000e+08                       7120236
      8      0         4.2250000000e+08                       7120238
      6      0         4.2300000000e+08                       7120240
      8      0         4.2350000000e+08                       7120242
      8      0         4.2400000000e+08                       7120244
      6      0         4.2450000000e+08                       7120246
      6      0         4.2500000000e+08                       7120248
      6      0         4.2600000000e+08                       7120250
      8      0         4.2650000000e+08                       7120254
      6      0         4.2800000000e+08                       7120256
     23      2         4.3050000000e+08                       7120257
      6      0         4.3100000000e+08                       7120260
      6      0         4.3300000000e+08                       7120262
     23      2         4.3400000000e+08                       7120265
      8      0         4.3450000000e+08                       7120266
     23      2         4.3550000000e+08                       7120267
      4      0         4.3600000000e+08                      10009511
     23      2         5.3600000000e+08                      10009512
      6      0         5.3650000000e+08                      10009515
      6      0         5.3700000000e+08                      10009517
      8      0         5.3750000000e+08                      10009519
      6      0         5.3800000000e+08                      10009521
     23      2         5.3850000000e+08                      10009522
      6      0         5.3900000000e+08                      10009527
      6      0         5.4500000000e+08                      10009529
      8      0         5.4550000000e+08                      10009533
      8      0         5.4700000000e+08                      10009535
     23      2         5.4800000000e+08                      10009536
      8      0         5.4850000000e+08                      10009541
      6      0         5.4900000000e+08                      10009543
      8      0         5.4950000000e+08                      10009545
      8      0         5.5000000000e+08                      10009549
      8      0         5.5200000000e+08                      10009551
      6      0         5.5250000000e+08                      10009553
      6      0         5.5450000000e+08                      10009555
      6      0         5.5650000000e+08                      10009557
      6      0         5.5750000000e+08                      10009559
      8      0         5.5800000000e+08                      10009561
      8      0         5.5850000000e+08                      10009563
      8      0         5.6000000000e+08                      10009565
      6      0         5.6150000000e+08                      10009567
      6      0         5.6200000000e+08                      10009569
      8      0         5.6250000000e+08                      10009571
      8      0         5.6350000000e+08                      10009573
     23      2         5.6400000000e+08                      10009574
      6      0         5.6450000000e+08                      10009575
      8      0         5.6550000000e+08                      10009577
     23      2         5.6600000000e+08                      10009578
      8      0         5.6650000000e+08                      10009581
     23      2         5.6700000000e+08                      10009582
      6      0         5.6750000000e+08                      10009585
      8      0         5.6950000000e+08                      10009587
      5      0         5.7000000000e+08                      11601502
     23      2         6.2350000000e+08                      11601503
      6      0         6.2400000000e+08                      11601506
     23      2         6.2500000000e+08                      11601507
      6      0         6.2550000000e+08                      11601510
      8      0         6.2800000000e+08                      11601512
      6      0         6.2900000000e+08                      11601514
     23      2         6.2950000000e+08                      11601517
      6      0         6.3000000000e+08                      11601520
      6      0         6.3100000000e+08                      11601522
     23      2         6.3150000000e+08                      11601523
      6      0         6.3200000000e+08                      11601524
      6      0         6.3450000000e+08                      11601526
      6      0         6.3550000000e+08                      11601528
     23      2         6.3700000000e+08                      11601529
      8      0         6.3750000000e+08                      11601530
     23      2         6.3850000000e+08                      11601531
      6      0         6.3900000000e+08                      11601532
      8      0         6.4000000000e+08                      11601534
      6      0         6.4100000000e+08                      11601536
      6      0         6.4200000000e+08                      11601538
      8      0         6.4350000000e+08                      11601540
     23      2         6.4450000000e+08                      11601541
     23      2         6.4500000000e+08                      11601543
      8      0         6.4550000000e+08                      11601544
      6      0         6.4600000000e+08                      11601546
     23      2         6.4700000000e+08                      11601547
      8      0         6.4750000000e+08                      11601548
     23      2         6.5100000000e+08                      11601549
     23      2         6.5150000000e+08                      11601551
      6      0         6.5200000000e+08                      11601552
      6      0         6.5450000000e+08                      11601554
     23      2         6.5500000000e+08                      11601555
      1      0         6.5550000000e+08                      13052630
     23      2         7.0450000000e+08                      13052631
      6      0         7.0500000000e+08                      13052632
      8      0         7.0550000000e+08                      13052634
      6      0         7.1300000000e+08                      13052638
     23      2         7.1350000000e+08                      13052639
      6      0         7.1400000000e+08                      13052640
      8      0         7.1450000000e+08                      13052642
      8      0         7.1500000000e+08                      13052644
     23      2         7.1700000000e+08                      13052645
      8      0         7.1750000000e+08                      13052646
      6      0         7.1850000000e+08                      13052648
      6      0         7.1900000000e+08                      13052650
      6      0         7.2100000000e+08                      13052652
     23      2         7.2350000000e+08                      13052653
      6      0         7.2400000000e+08                      13052654
     23      2         7.2450000000e+08                      13052655
      8      0         7.2500000000e+08                      13052656
     23      2         7.2600000000e+08                      13052657
      6      0         7.2650000000e+08                      13052658
      6      0         7.2750000000e+08                      13052660
     23      2         7.2800000000e+08                      13052661
      8      0         7.2850000000e+08                      13052662
      6      0         7.2950000000e+08                      13052664
      6      0         7.3000000000e+08                      13052666
      8      0         7.3050000000e+08                      13052668
      6      0         7.3300000000e+08                      13052670
     23      2         7.3350000000e+08                      13052671
      6      0         7.3400000000e+08                      13052672
      8      0         7.3450000000e+08                      13052674
      8      0         7.3500000000e+08                      13052676
      6      0         7.3550000000e+08                      13052678
      8      0         7.3650000000e+08                      13052682
      8      0         7.4000000000e+08                      13052686
      8      0         7.4050000000e+08                      13052688
      6      0         7.4100000000e+08                      13052690
     23      2         7.4400000000e+08                      13052691
      8      0         7.4450000000e+08                      13052692
      6      0         7.4600000000e+08                      13052694
     23      2         7.4650000000e+08                      13052695
      6      0         7.4700000000e+08                      13052696
      6      0         7.4750000000e+08                      13052698
     23      2         7.4800000000e+08                      13052699
      8      0         7.4850000000e+08                      13052702
     23      2         7.4900000000e+08                      13052703
      6      0         7.4950000000e+08                      13052704
      8      0         7.5000000000e+08                      13052706
      6      0         7.5050000000e+08                      13052708
     23      2         7.5150000000e+08                      13052711
      8      0         7.5200000000e+08                      13052714
      8      0         7.5450000000e+08                      13052716
      6      0         7.5650000000e+08                      13052720
      6      0         7.5700000000e+08                      13052722
      6      0         7.5750000000e+08                      13052724
      8      0         7.5800000000e+08                      13052726
      6      0         7.5850000000e+08                      13052728
      6      0         7.5900000000e+08                      13052730
      6      0         7.6000000000e+08                      13052732
      8      0         7.6050000000e+08                      13052734
     23      2         7.6100000000e+08                      13052735
      6      0         7.6150000000e+08                      13052736
      6      0         7.6250000000e+08                      13052738
      8      0         7.6500000000e+08                      13052740
     23      2         7.6550000000e+08                      13052741
      3      0         7.6600000000e+08                      13199525
      7      0         7.7150000000e+08                      13199527
      1      0         7.7200000000e+08                      16644030
      7      0         8.8800000000e+08                      16644032
      7      0         8.8950000000e+08                      16644034
      7      0         8.9150000000e+08                      16644036
      7      0         8.9250000000e+08                      16644038
      7      0         8.9300000000e+08                      16644042
      7      0         8.9400000000e+08                      16644044
      7      0         8.9450000000e+08                      16644048
      7      0         8.9500000000e+08                      16644052
      7      0         8.9700000000e+08                      16644054
      7      0         8.9750000000e+08                      16644056
      7      0         8.9800000000e+08                      16644058
      7      0         9.0000000000e+08                      16644060
     14      1         9.0200000000e+08                      16644063
      7      0         9.0250000000e+08                      16644066
     14      1         9.0300000000e+08                      16644069
      7      0         9.0350000000e+08                      16644072
      7      0         9.0500000000e+08                      16644074
     16      1         9.0550000000e+08                      16644075
      7      0         9.0600000000e+08                      16644076
      7      0         9.0650000000e+08                      16644078
      7      0         9.0700000000e+08                      16644080
      7      0         9.0950000000e+08                      16644082
      7      0         9.1250000000e+08                      16644088
      7      0         9.1350000000e+08                      16644090
      7      0         9.1400000000e+08                      16644094
     14      1         9.1450000000e+08                      16644095
      4      0         9.1500000000e+08                      17082323
     23      2         9.3000000000e+08                      17082324
      6      0         9.3050000000e+08                      17082325
      3      0         9.3100000000e+08                      17784880
      7      0         9.5600000000e+08                      17784886
      7      0         9.5650000000e+08                      17784888
      7      0         9.5700000000e+08                      17784890
     16      1         9.5800000000e+08                      17784895
      7      0         9.5850000000e+08                      17784898
      7      0         9.5900000000e+08                      17784900
      7      0         9.6000000000e+08                      17784904
      7      0         9.6050000000e+08                      17784906
      7      0         9.6100000000e+08                      17784912
      7      0         9.6150000000e+08                      17784914
      7      0         9.6200000000e+08                      17784918
      7      0         9.6250000000e+08                      17784920
      7      0         9.6300000000e+08                      17784922
      7      0         9.6350000000e+08                      17784924
     14      1         9.6400000000e+08                      17784927
      7      0         9.6450000000e+08                      17784928
      7      0         9.6500000000e+08                      17784930
      7      0         9.6550000000e+08                      17784934
      7      0         9.6600000000e+08                      17784938
      7      0         9.6650000000e+08                      17784940
      7      0         9.6800000000e+08                      17784944
      7      0         9.6850000000e+08                      17784948
      7      0         9.6900000000e+08                      17784950
     14      1         9.6950000000e+08                      17784955
      7      0         9.7000000000e+08                      17784958
     16      1         9.7050000000e+08                      17784959
      7      0         9.7100000000e+08                      17784962
      7      0         9.7150000000e+08                      17784966
      7      0         9.7250000000e+08                      17784968
      7      0         9.7300000000e+08                      17784970
     16      1         9.7350000000e+08                      17784971
      7      0         9.7400000000e+08                      17784972
     14      1         9.7450000000e+08                      17784975
      7      0         9.7500000000e+08                      17784976
      7      0         9.7600000000e+08                      17784978
      7      0         9.7650000000e+08                      17784984
      7      0         9.7700000000e+08                      17784988
      7      0         9.7800000000e+08                      17784992
      7      0         9.7850000000e+08                      17784994
      7      0         9.7950000000e+08                      17784996
      7      0         9.8000000000e+08                      17785000
      7      0         9.8100000000e+08                      17785004
      7      0         9.8150000000e+08                      17785008
      7      0         9.8200000000e+08                      17785012
      7      0         9.8450000000e+08                      17785016
      7      0         9.8650000000e+08                      17785018
      7      0         9.8700000000e+08                      17785022
      7      0         9.8900000000e+08                      17785024
      7      0         9.8950000000e+08                      17785026
      7      0         9.9000000000e+08                      17785028
      7      0         9.9100000000e+08                      17785030
      7      0         9.9200000000e+08                      17785032
      7      0         9.9300000000e+08                      17785036
      7      0         9.9350000000e+08                      17785040
      7      0         9.9400000000e+08                      17785044
      7      0         9.9550000000e+08                      17785046
      7      0         9.9800000000e+08                      17785048
      3      0         9.9950000000e+08                      18300718
