      9      1         0.0000000000e+00                             0
      9      1         5.0000000000e+05                        236116
     15      1         8.0000000000e+06                        236118
     32      3         8.5000000000e+06                        236123
     32      3         9.0000000000e+06                        236131
     32      3         9.5000000000e+06                        236141
     32      3         1.0000000000e+07                        236147
     32      3         1.0500000000e+07                        236149
     30      3         1.1000000000e+07                        236151
     30      3         1.1500000000e+07                        236159
      9      1         1.2000000000e+07                        239804
      7      0         1.2500000000e+07                        239809
      7      0         1.3000000000e+07                        239811
      7      0         1.3500000000e+07                        239815
      7      0         1.4500000000e+07                        239817
      7      0         1.5000000000e+07                        239819
      7      0         1.5500000000e+07                        239821
      7      0         1.6500000000e+07                        239823
      7      0         1.7500000000e+07                        239825
      7      0         1.9000000000e+07                        239827
      7      0         1.9500000000e+07                        239829
     16      1         2.0000000000e+07                        239838
      7      0         2.0500000000e+07                        239841
      1      0         2.1500000000e+07                        290117
      6      0         2.4000000000e+07                        290119
     23      2         2.5500000000e+07                        290120
      8      0         2.6000000000e+07                        290123
     23      2         2.6500000000e+07                        290124
      8      0         2.7000000000e+07                        290127
     23      2         2.8000000000e+07                        290128
     23      2         2.8500000000e+07                        290130
      8      0         2.9000000000e+07                        290131
     23      2         2.9500000000e+07                        290132
      6      0         3.0000000000e+07                        290133
      8      0         3.3500000000e+07                        290135
     23      2         3.4000000000e+07                        290138
      8      0         3.4500000000e+07                        290141
     23      2         3.6500000000e+07                        290142
      8      0         3.7000000000e+07                        290145
      1      0         3.7500000000e+07                       1371009
      6      0         7.5000000000e+07                       1371011
     23      2         7.5500000000e+07                       1371012
      6      0         7.6000000000e+07                       1371013
      6      0         7.6500000000e+07                       1371015
      8      0         7.7500000000e+07                       1371017
      6      0         7.8000000000e+07                       1371019
      8      0         7.9000000000e+07                       1371023
      8      0         7.9500000000e+07                       1371025
      6      0         8.0000000000e+07                       1371027
      8      0         8.2500000000e+07                       1371029
      8      0         8.3500000000e+07                       1371031
      6      0         8.5000000000e+07                       1371033
      2      0         8.5500000000e+07                       1916144
      7      0         1.0500000000e+08                       1916146
      7      0         1.0600000000e+08                       1916148
      7      0         1.0700000000e+08                       1916150
     10      1         1.0750000000e+08                       2232949
      7      0         1.1800000000e+08                       2232950
      7      0         1.1850000000e+08                       2232952
      7      0         1.1900000000e+08                       2232954
      7      0         1.1950000000e+08                       2232956
      7      0         1.2050000000e+08                       2232962
      7      0         1.2100000000e+08                       2232966
      7      0         1.2150000000e+08                       2232970
      7      0         1.2250000000e+08                       2232972
      7      0         1.2350000000e+08                       2232974
     14      1         1.2400000000e+08                       2232977
      7      0         1.2450000000e+08                       2232980
      7      0         1.2550000000e+08                       2232982
      7      0         1.2650000000e+08                       2232984
      7      0         1.2700000000e+08                       2232988
     14      1         1.2750000000e+08                       2232993
      7      0         1.2800000000e+08                       2232996
      7      0         1.2850000000e+08                       2232998
      7      0         1.2900000000e+08                       2233000
      7      0         1.2950000000e+08                       2233004
      5      0         1.3100000000e+08                       4890030
      8      0         2.2100000000e+08                       4890032
     23      2         2.2200000000e+08                       4890033
      8      0         2.2250000000e+08                       4890034
     23      2         2.2300000000e+08                       4890037
     23      2         2.2350000000e+08                       4890039
      6      0         2.2450000000e+08                       4890040
     23      2         2.2500000000e+08                       4890041
      8      0         2.2550000000e+08                       4890044
      6      0         2.2600000000e+08                       4890048
     23      2         2.2650000000e+08                       4890049
      6      0         2.2700000000e+08                       4890050
      8      0         2.2750000000e+08                       4890052
      6      0         2.2800000000e+08                       4890054
      6      0         2.2850000000e+08                       4890056
      6      0         2.3250000000e+08                       4890058
      6      0         2.3450000000e+08                       4890060
     23      2         2.3550000000e+08                       4890061
      6      0         2.3600000000e+08                       4890062
      6      0         2.3650000000e+08                       4890064
      8      0         2.3750000000e+08                       4890066
      6      0         2.3850000000e+08                       4890068
     23      2         2.3900000000e+08                       4890069
      6      0         2.3950000000e+08                       4890070
      8      0         2.4000000000e+08                       4890072
      6      0         2.4100000000e+08                       4890074
      6      0         2.4150000000e+08                       4890076
      8      0         2.4200000000e+08                       4890080
      8      0         2.4300000000e+08                       4890082
      8      0         2.4350000000e+08                       4890084
     23      2         2.4450000000e+08                       4890085
      6      0         2.4500000000e+08                       4890088
     23      2         2.4600000000e+08                       4890089
      6      0         2.4650000000e+08                       4890092
      8      0         2.5000000000e+08                       4890096
      8      0         2.5100000000e+08                       4890098
     23      2         2.5250000000e+08                       4890099
      8      0         2.5300000000e+08                       4890100
     23      2         2.5400000000e+08                       4890103
      6      0         2.5450000000e+08                       4890104
     23      2         2.5500000000e+08                       4890105
      8      0         2.5550000000e+08                       4890106
      8      0         2.5600000000e+08                       4890108
      6      0         2.5700000000e+08                       4890110
      6      0         2.5750000000e+08                       4890112
     23      2         2.5800000000e+08                       4890113
      8      0         2.5850000000e+08                       4890114
      6      0         2.5900000000e+08                       4890116
     23      2         2.6050000000e+08                       4890119
      2      0         2.6100000000e+08                       6450733
      8      0         3.1600000000e+08                       6450735
      6      0         3.1650000000e+08                       6450737
      8      0         3.1700000000e+08                       6450739
      6      0         3.1800000000e+08                       6450743
      6      0         3.1850000000e+08                       6450745
      6      0         3.1900000000e+08                       6450747
      8      0         3.1950000000e+08                       6450749
      6      0         3.2000000000e+08                       6450751
     23      2         3.2200000000e+08                       6450756
      6      0         3.2250000000e+08                       6450759
      6      0         3.2350000000e+08                       6450761
      8      0         3.2400000000e+08                       6450763
      6      0         3.2550000000e+08                       6450765
      8      0         3.2600000000e+08                       6450769
      6      0         3.2650000000e+08                       6450771
     23      2         3.2750000000e+08                       6450772
      6      0         3.2800000000e+08                       6450773
     23      2         3.2850000000e+08                       6450774
      8      0         3.2900000000e+08                       6450777
      6      0         3.3050000000e+08                       6450779
      6      0         3.3200000000e+08                       6450781
      6      0         3.3500000000e+08                       6450783
     23      2         3.3600000000e+08                       6450784
      8      0         3.3650000000e+08                       6450785
      3      0         3.3800000000e+08                       8863251
      7      0         4.1950000000e+08                       8863255
      7      0         4.2100000000e+08                       8863259
      7      0         4.2200000000e+08                       8863263
      5      0         4.2250000000e+08                      10366683
      8      0         4.7450000000e+08                      10366685
      6      0         4.7550000000e+08                      10366687
      8      0         4.8000000000e+08                      10366689
      8      0         4.8100000000e+08                      10366693
      4      0         4.8150000000e+08                      12305436
      6      0         5.4850000000e+08                      12305438
      8      0         5.4950000000e+08                      12305440
      2      0         5.5050000000e+08                      12849953
      6      0         5.7300000000e+08                      12849955
      6      0         5.7350000000e+08                      12849959
      4      0         5.7450000000e+08                      13819691
     23      2         6.0950000000e+08                      13819692
     23      2         6.1000000000e+08                      13819694
      6      0         6.1050000000e+08                      13819695
      8      0         6.1100000000e+08                      13819697
      6      0         6.1200000000e+08                      13819699
      8      0         6.1400000000e+08                      13819701
     23      2         6.1450000000e+08                      13819702
      8      0         6.1500000000e+08                      13819703
     23      2         6.1550000000e+08                      13819704
      5      0         6.1600000000e+08                      14432518
      8      0         6.3700000000e+08                      14432520
      6      0         6.3800000000e+08                      14432522
      8      0         6.3850000000e+08                      14432524
      1      0         6.4050000000e+08                      14651974
     16      1         6.4850000000e+08                      14651979
      7      0         6.4900000000e+08                      14651980
      7      0         6.4950000000e+08                      14651986
      7      0         6.5000000000e+08                      14651990
      7      0         6.5050000000e+08                      14651992
     14      1         6.5250000000e+08                      14651993
      7      0         6.5300000000e+08                      14651994
      7      0         6.5600000000e+08                      14651996
      7      0         6.5700000000e+08                      14651998
      7      0         6.5950000000e+08                      14652000
      7      0         6.6000000000e+08                      14652006
      7      0         6.6050000000e+08                      14652008
      7      0         6.6150000000e+08                      14652012
      7      0         6.6200000000e+08                      14652014
      7      0         6.6250000000e+08                      14652016
      7      0         6.6300000000e+08                      14652022
      7      0         6.6350000000e+08                      14652028
      7      0         6.6500000000e+08                      14652032
      1      0         6.6550000000e+08                      14724662
      6      0         6.6900000000e+08                      14724664
      8      0         6.7200000000e+08                      14724666
      8      0         6.7250000000e+08                      14724668
      6      0         6.7300000000e+08                      14724670
      8      0         6.7400000000e+08                      14724672
      8      0         6.7450000000e+08                      14724676
      6      0         6.7500000000e+08                      14724680
      8      0         6.7650000000e+08                      14724682
      6      0         6.7750000000e+08                      14724684
      8      0         6.7800000000e+08                      14724686
      8      0         6.7900000000e+08                      14724688
      6      0         6.8050000000e+08                      14724690
      6      0         6.8100000000e+08                      14724692
      8      0         6.8200000000e+08                      14724694
      8      0         6.8250000000e+08                      14724696
      6      0         6.8300000000e+08                      14724698
     23      2         6.8400000000e+08                      14724699
      6      0         6.8450000000e+08                      14724702
      6      0         6.8700000000e+08                      14724704
     23      2         6.8850000000e+08                      14724705
      3      0         6.8900000000e+08                      15459959
      6      0         7.1450000000e+08                      15459963
      8      0         7.1550000000e+08                      15459965
      6      0         7.1600000000e+08                      15459967
      6      0         7.1650000000e+08                      15459969
      6      0         7.1750000000e+08                      15459971
     23      2         7.1800000000e+08                      15459974
      6      0         7.1850000000e+08                      15459975
     23      2         7.1950000000e+08                      15459976
      6      0         7.2000000000e+08                      15459977
     23      2         7.2200000000e+08                      15459980
      8      0         7.2250000000e+08                      15459981
      8      0         7.2300000000e+08                      15459983
      8      0         7.2350000000e+08                      15459985
      6      0         7.2400000000e+08                      15459987
     23      2         7.2500000000e+08                      15459988
      8      0         7.2550000000e+08                      15459989
      3      0         7.2650000000e+08                      16355851
     16      1         7.5800000000e+08                      16355854
      7      0         7.5850000000e+08                      16355855
      7      0         7.5900000000e+08                      16355857
      7      0         7.6050000000e+08                      16355859
      7      0         7.6100000000e+08                      16355861
     14      1         7.6150000000e+08                      16355866
      7      0         7.6200000000e+08                      16355867
     14      1         7.6250000000e+08                      16355870
      7      0         7.6300000000e+08                      16355873
      7      0         7.6350000000e+08                      16355875
      7      0         7.6400000000e+08                      16355877
      7      0         7.6500000000e+08                      16355879
      7      0         7.6600000000e+08                      16355881
      7      0         7.6650000000e+08                      16355883
      4      0         7.6800000000e+08                      17149979
     23      2         7.9650000000e+08                      17149982
      8      0         7.9700000000e+08                      17149983
     23      2         7.9750000000e+08                      17149984
      8      0         7.9800000000e+08                      17149985
     23      2         7.9850000000e+08                      17149986
      8      0         7.9900000000e+08                      17149989
      8      0         8.0050000000e+08                      17149991
     23      2         8.0250000000e+08                      17149992
      6      0         8.0300000000e+08                      17149993
     23      2         8.0350000000e+08                      17149994
      8      0         8.0400000000e+08                      17149995
      4      0         8.0650000000e+08                      18256385
      7      0         8.4400000000e+08                      18256387
      7      0         8.4450000000e+08                      18256393
      7      0         8.4500000000e+08                      18256397
      7      0         8.4550000000e+08                      18256401
      7      0         8.4650000000e+08                      18256407
      7      0         8.4700000000e+08                      18256409
      7      0         8.4800000000e+08                      18256411
      7      0         8.4850000000e+08                      18256417
     13      1         8.4900000000e+08                      19048745
      7      0         8.7600000000e+08                      19048746
      7      0         8.7800000000e+08                      19048748
      7      0         8.7900000000e+08                      19048750
      1      0         8.8000000000e+08                      19677209
     10      1         9.0250000000e+08                      20007624
     30      3         9.1350000000e+08                      20007627
     30      3         9.1400000000e+08                      20007629
     30      3         9.1450000000e+08                      20007631
     30      3         9.1500000000e+08                      20007635
     32      3         9.1550000000e+08                      20007643
     30      3         9.1600000000e+08                      20007651
     32      3         9.1650000000e+08                      20007661
     30      3         9.1700000000e+08                      20007669
     30      3         9.1750000000e+08                      20007675
     32      3         9.1800000000e+08                      20007687
     15      1         9.1850000000e+08                      20007696
     30      3         9.1900000000e+08                      20007701
     32      3         9.1950000000e+08                      20007703
     30      3         9.2000000000e+08                      20007715
     32      3         9.2050000000e+08                      20007721
     32      3         9.2100000000e+08                      20007723
     32      3         9.2150000000e+08                      20007729
     32      3         9.2200000000e+08                      20007741
     32      3         9.2250000000e+08                      20007751
     32      3         9.2300000000e+08                      20007759
     30      3         9.2350000000e+08                      20007763
     32      3         9.2400000000e+08                      20007767
     30      3         9.2450000000e+08                      20007773
     30      3         9.2500000000e+08                      20007785
     32      3         9.2550000000e+08                      20007787
     15      1         9.2600000000e+08                      20007796
     32      3         9.2650000000e+08                      20007797
     30      3         9.2700000000e+08                      20007805
     32      3         9.2750000000e+08                      20007811
     32      3         9.2800000000e+08                      20007815
     30      3         9.2850000000e+08                      20007831
     30      3         9.2900000000e+08                      20007845
     30      3         9.2950000000e+08                      20007849
     32      3         9.3000000000e+08                      20007857
     30      3         9.3050000000e+08                      20007865
     30      3         9.3100000000e+08                      20007869
     30      3         9.3150000000e+08                      20007873
     32      3         9.3200000000e+08                      20007883
     30      3         9.3250000000e+08                      20007887
     32      3         9.3300000000e+08                      20007891
     32      3         9.3350000000e+08                      20007897
     30      3         9.3400000000e+08                      20007903
     32      3         9.3450000000e+08                      20007909
     30      3         9.3500000000e+08                      20007915
     32      3         9.3550000000e+08                      20007917
     15      1         9.3600000000e+08                      20007922
     32      3         9.3650000000e+08                      20007925
     32      3         9.3700000000e+08                      20007929
     30      3         9.3750000000e+08                      20007931
     15      1         9.3800000000e+08                      20007936
     32      3         9.3850000000e+08                      20007943
     30      3         9.3900000000e+08                      20007947
     15      1         9.3950000000e+08                      20007950
     15      1         9.4000000000e+08                      20007958
     30      3         9.4050000000e+08                      20007971
     32      3         9.4100000000e+08                      20007975
     15      1         9.4150000000e+08                      20007976
     30      3         9.4200000000e+08                      20007981
     30      3         9.4250000000e+08                      20007989
     30      3         9.4300000000e+08                      20007995
     30      3         9.4350000000e+08                      20008001
     30      3         9.4400000000e+08                      20008013
     30      3         9.4450000000e+08                      20008019
     32      3         9.4500000000e+08                      20008023
     30      3         9.4550000000e+08                      20008025
     30      3         9.4600000000e+08                      20008029
     32      3         9.4650000000e+08                      20008037
     15      1         9.4700000000e+08                      20008040
     32      3         9.4750000000e+08                      20008045
     30      3         9.4800000000e+08                      20008051
     30      3         9.4850000000e+08                      20008055
     15      1         9.4900000000e+08                      20008062
     32      3         9.4950000000e+08                      20008073
     15      1         9.5000000000e+08                      20008080
     32      3         9.5050000000e+08                      20008089
     30      3         9.5100000000e+08                      20008095
     32      3         9.5150000000e+08                      20008105
     30      3         9.5200000000e+08                      20008113
     30      3         9.5250000000e+08                      20008117
     30      3         9.5300000000e+08                      20008123
     30      3         9.5350000000e+08                      20008129
     30      3         9.5400000000e+08                      20008137
     32      3         9.5450000000e+08                      20008139
     15      1         9.5500000000e+08                      20008146
     30      3         9.5550000000e+08                      20008153
     32      3         9.5600000000e+08                      20008157
     30      3         9.5650000000e+08                      20008161
     30      3         9.5700000000e+08                      20008165
     32      3         9.5750000000e+08                      20008167
     30      3         9.5800000000e+08                      20008177
     30      3         9.5850000000e+08                      20008179
     30      3         9.5900000000e+08                      20008185
     32      3         9.5950000000e+08                      20008187
     32      3         9.6000000000e+08                      20008191
     32      3         9.6050000000e+08                      20008197
     30      3         9.6100000000e+08                      20008203
     30      3         9.6150000000e+08                      20008215
     32      3         9.6200000000e+08                      20008221
     32      3         9.6250000000e+08                      20008225
     15      1         9.6300000000e+08                      20008232
     15      1         9.6350000000e+08                      20008242
     32      3         9.6400000000e+08                      20008245
     30      3         9.6450000000e+08                      20008251
     32      3         9.6500000000e+08                      20008261
     30      3         9.6550000000e+08                      20008265
     32      3         9.6600000000e+08                      20008269
     30      3         9.6700000000e+08                      20008271
     32      3         9.6750000000e+08                      20008273
     32      3         9.6800000000e+08                      20008279
     30      3         9.6850000000e+08                      20008285
     30      3         9.6900000000e+08                      20008289
     15      1         9.6950000000e+08                      20008292
     30      3         9.7000000000e+08                      20008297
     15      1         9.7050000000e+08                      20008304
     32      3         9.7100000000e+08                      20008313
     15      1         9.7150000000e+08                      20008318
     30      3         9.7200000000e+08                      20008323
     30      3         9.7250000000e+08                      20008331
     32      3         9.7300000000e+08                      20008339
     30      3         9.7400000000e+08                      20008349
     30      3         9.7450000000e+08                      20008359
     32      3         9.7500000000e+08                      20008367
     30      3         9.7550000000e+08                      20008371
     30      3         9.7600000000e+08                      20008375
     30      3         9.7650000000e+08                      20008385
     30      3         9.7700000000e+08                      20008395
     32      3         9.7750000000e+08                      20008403
     32      3         9.7800000000e+08                      20008411
     32      3         9.7850000000e+08                      20008419
     30      3         9.7900000000e+08                      20008425
     30      3         9.7950000000e+08                      20008437
     30      3         9.8000000000e+08                      20008445
     30      3         9.8050000000e+08                      20008455
     30      3         9.8100000000e+08                      20008459
     30      3         9.8150000000e+08                      20008471
     10      1         9.8200000000e+08                      20217536
      7      0         9.8900000000e+08                      20217537
      7      0         9.8950000000e+08                      20217539
      7      0         9.9050000000e+08                      20217543
      7      0         9.9250000000e+08                      20217545
      7      0         9.9300000000e+08                      20217549
      7      0         9.9400000000e+08                      20217553
      7      0         9.9550000000e+08                      20217555
      7      0         9.9650000000e+08                      20217559
     16      1         9.9700000000e+08                      20217560
     16      1         9.9750000000e+08                      20217562
      7      0         9.9800000000e+08                      20217569
      7      0         9.9850000000e+08                      20217573
      7      0         9.9900000000e+08                      20217575
      7      0         9.9950000000e+08                      20217577
