      7      0         0.0000000000e+00                             0
      7      0         5.0000000000e+05                             3
      7      0         1.0000000000e+06                             5
      7      0         2.0000000000e+06                             7
      7      0         2.5000000000e+06                             9
      7      0         3.5000000000e+06                            11
      7      0         4.0000000000e+06                            15
      7      0         4.5000000000e+06                            17
      7      0         5.0000000000e+06                            19
      7      0         5.5000000000e+06                            21
      7      0         6.0000000000e+06                            25
      7      0         6.5000000000e+06                            27
      7      0         7.0000000000e+06                            29
      7      0         7.5000000000e+06                            31
      7      0         8.0000000000e+06                            35
      7      0         8.5000000000e+06                            37
      7      0         9.0000000000e+06                            39
      7      0         1.0000000000e+07                            41
      7      0         1.0500000000e+07                            43
      7      0         1.1000000000e+07                            45
      7      0         1.1500000000e+07                            47
      7      0         1.2000000000e+07                            53
     14      1         1.2500000000e+07                            54
      7      0         1.3000000000e+07                            57
      7      0         1.3500000000e+07                            59
      7      0         1.6500000000e+07                            63
      7      0         1.7000000000e+07                            65
      7      0         1.7500000000e+07                            67
      7      0         1.8500000000e+07                            69
      7      0         1.9000000000e+07                            71
      7      0         1.9500000000e+07                            73
      7      0         2.1000000000e+07                            75
      7      0         2.1500000000e+07                            79
      7      0         2.2000000000e+07                            81
      7      0         2.2500000000e+07                            85
      7      0         2.3500000000e+07                            89
      7      0         2.4500000000e+07                            91
      7      0         2.5000000000e+07                            93
      7      0         2.5500000000e+07                            97
     16      1         2.6500000000e+07                           104
      7      0         2.7000000000e+07                           109
      7      0         2.8000000000e+07                           113
      7      0         2.8500000000e+07                           115
      7      0         2.9000000000e+07                           117
     16      1         3.0500000000e+07                           118
      7      0         3.1000000000e+07                           123
      7      0         3.1500000000e+07                           125
      7      0         3.2500000000e+07                           127
      7      0         3.3000000000e+07                           129
      7      0         3.3500000000e+07                           131
      7      0         3.4000000000e+07                           133
      5      0         3.5000000000e+07                       3178299
      8      0         1.4300000000e+08                       3178303
     23      2         1.4400000000e+08                       3178304
      2      0         1.4450000000e+08                       4004512
      8      0         1.7350000000e+08                       4004514
      8      0         1.7400000000e+08                       4004516
      6      0         1.7500000000e+08                       4004520
      8      0         1.7700000000e+08                       4004522
      8      0         1.7750000000e+08                       4004526
      6      0         1.7800000000e+08                       4004528
     23      2         1.7900000000e+08                       4004529
      8      0         1.7950000000e+08                       4004532
      8      0         1.8050000000e+08                       4004534
     23      2         1.8100000000e+08                       4004537
      6      0         1.8150000000e+08                       4004540
     23      2         1.8200000000e+08                       4004541
      6      0         1.8250000000e+08                       4004542
     23      2         1.8300000000e+08                       4004543
      2      0         1.8350000000e+08                       5124055
      7      0         2.2200000000e+08                       5124057
      7      0         2.2250000000e+08                       5124061
      7      0         2.2300000000e+08                       5124063
      7      0         2.2400000000e+08                       5124065
      7      0         2.2450000000e+08                       5124067
      7      0         2.2500000000e+08                       5124071
      7      0         2.2550000000e+08                       5124073
      7      0         2.2600000000e+08                       5124075
      7      0         2.2650000000e+08                       5124077
     16      1         2.2750000000e+08                       5124080
      7      0         2.2800000000e+08                       5124081
     16      1         2.2900000000e+08                       5124086
      7      0         2.2950000000e+08                       5124087
      7      0         2.3050000000e+08                       5124089
      7      0         2.3100000000e+08                       5124093
      7      0         2.3150000000e+08                       5124095
     14      1         2.3300000000e+08                       5124100
      7      0         2.3350000000e+08                       5124105
      7      0         2.3400000000e+08                       5124107
      7      0         2.3550000000e+08                       5124111
      7      0         2.3600000000e+08                       5124115
      7      0         2.3650000000e+08                       5124117
      7      0         2.3700000000e+08                       5124119
      7      0         2.3750000000e+08                       5124123
      7      0         2.3800000000e+08                       5124125
      7      0         2.3850000000e+08                       5124129
      7      0         2.4000000000e+08                       5124131
      7      0         2.4150000000e+08                       5124133
      7      0         2.4250000000e+08                       5124135
     16      1         2.4350000000e+08                       5124136
      3      0         2.4400000000e+08                       5431017
      8      0         2.5600000000e+08                       5431021
      8      0         2.6000000000e+08                       5431023
      6      0         2.6300000000e+08                       5431025
     23      2         2.6500000000e+08                       5431026
      6      0         2.6550000000e+08                       5431027
      6      0         2.6700000000e+08                       5431029
     23      2         2.6900000000e+08                       5431030
     23      2         2.6950000000e+08                       5431032
      6      0         2.7000000000e+08                       5431033
     23      2         2.7200000000e+08                       5431034
      8      0         2.7250000000e+08                       5431035
      8      0         2.7400000000e+08                       5431037
      6      0         2.7450000000e+08                       5431039
      3      0         2.7550000000e+08                       5583266
     16      1         2.8250000000e+08                       5583269
      5      0         2.8300000000e+08                       7730905
      7      0         3.5600000000e+08                       7730913
      7      0         3.5750000000e+08                       7730915
      7      0         3.5800000000e+08                       7730917
      7      0         3.5900000000e+08                       7730923
      7      0         3.5950000000e+08                       7730925
      7      0         3.6100000000e+08                       7730927
      7      0         3.6150000000e+08                       7730929
      7      0         3.6200000000e+08                       7730931
      7      0         3.6250000000e+08                       7730935
      7      0         3.6300000000e+08                       7730939
      7      0         3.6350000000e+08                       7730941
      7      0         3.6400000000e+08                       7730943
      7      0         3.6450000000e+08                       7730945
      7      0         3.6600000000e+08                       7730947
      7      0         3.6650000000e+08                       7730949
      5      0         3.6700000000e+08                       9144005
      6      0         4.1500000000e+08                       9144007
      8      0         4.1550000000e+08                       9144009
     23      2         4.1650000000e+08                       9144012
      6      0         4.1700000000e+08                       9144013
      8      0         4.1750000000e+08                       9144015
      6      0         4.1800000000e+08                       9144017
     23      2         4.2050000000e+08                       9144018
     23      2         4.2100000000e+08                       9144022
      6      0         4.2150000000e+08                       9144023
      6      0         4.2500000000e+08                       9144025
      6      0         4.2550000000e+08                       9144027
      8      0         4.2700000000e+08                       9144029
     23      2         4.2850000000e+08                       9144030
      6      0         4.2900000000e+08                       9144031
      8      0         4.2950000000e+08                       9144033
      8      0         4.3000000000e+08                       9144035
     23      2         4.3300000000e+08                       9144036
      6      0         4.3350000000e+08                       9144037
      8      0         4.3500000000e+08                       9144039
      6      0         4.3550000000e+08                       9144041
      6      0         4.3600000000e+08                       9144043
      8      0         4.3750000000e+08                       9144045
      8      0         4.3800000000e+08                       9144047
      8      0         4.3850000000e+08                       9144049
     23      2         4.4150000000e+08                       9144050
      8      0         4.4200000000e+08                       9144051
      6      0         4.4250000000e+08                       9144053
     23      2         4.4400000000e+08                       9144054
      8      0         4.4450000000e+08                       9144055
     23      2         4.4850000000e+08                       9144058
      8      0         4.4900000000e+08                       9144059
      8      0         4.5000000000e+08                       9144061
      6      0         4.5050000000e+08                       9144063
      8      0         4.5200000000e+08                       9144065
      8      0         4.5250000000e+08                       9144067
      8      0         4.5300000000e+08                       9144069
     23      2         4.5550000000e+08                       9144072
      8      0         4.5600000000e+08                       9144073
      8      0         4.5650000000e+08                       9144075
      8      0         4.5850000000e+08                       9144079
      6      0         4.5900000000e+08                       9144081
      6      0         4.6150000000e+08                       9144083
      6      0         4.6200000000e+08                       9144085
      8      0         4.6250000000e+08                       9144087
     23      2         4.6350000000e+08                       9144088
     23      2         4.6400000000e+08                       9144090
      8      0         4.6450000000e+08                       9144091
     23      2         4.6500000000e+08                       9144092
      8      0         4.6550000000e+08                       9144095
      6      0         4.6600000000e+08                       9144097
      8      0         4.6850000000e+08                       9144101
      8      0         4.6900000000e+08                       9144103
      8      0         4.7100000000e+08                       9144105
      8      0         4.7200000000e+08                       9144107
      6      0         4.7250000000e+08                       9144109
      8      0         4.7300000000e+08                       9144111
     23      2         4.7400000000e+08                       9144112
      6      0         4.7450000000e+08                       9144113
      6      0         4.7650000000e+08                       9144117
      6      0         4.7700000000e+08                       9144119
     23      2         4.7750000000e+08                       9144120
      1      0         4.7800000000e+08                      11444315
      6      0         5.5700000000e+08                      11444317
      8      0         5.6000000000e+08                      11444319
      6      0         5.6050000000e+08                      11444321
      8      0         5.6250000000e+08                      11444323
      8      0         5.6600000000e+08                      11444325
     23      2         5.6700000000e+08                      11444326
      6      0         5.6750000000e+08                      11444327
      6      0         5.6800000000e+08                      11444329
      8      0         5.6900000000e+08                      11444331
     23      2         5.7300000000e+08                      11444332
      8      0         5.7350000000e+08                      11444333
      6      0         5.7450000000e+08                      11444335
     23      2         5.7500000000e+08                      11444338
      6      0         5.7550000000e+08                      11444339
      8      0         5.7600000000e+08                      11444341
     23      2         5.7750000000e+08                      11444342
      8      0         5.7800000000e+08                      11444343
      8      0         5.8150000000e+08                      11444345
      6      0         5.8200000000e+08                      11444347
      6      0         5.8300000000e+08                      11444349
     23      2         5.8350000000e+08                      11444350
      6      0         5.8400000000e+08                      11444351
      6      0         5.8450000000e+08                      11444353
     23      2         5.8600000000e+08                      11444354
      8      0         5.8650000000e+08                      11444355
      8      0         5.8800000000e+08                      11444357
      6      0         5.8900000000e+08                      11444359
      6      0         5.9150000000e+08                      11444361
      8      0         5.9200000000e+08                      11444363
      6      0         5.9250000000e+08                      11444365
     23      2         5.9300000000e+08                      11444366
      8      0         5.9350000000e+08                      11444367
      8      0         5.9400000000e+08                      11444369
      8      0         5.9450000000e+08                      11444371
      8      0         5.9700000000e+08                      11444373
     23      2         5.9750000000e+08                      11444376
      6      0         5.9800000000e+08                      11444377
     23      2         6.0000000000e+08                      11444378
      5      0         6.0050000000e+08                      15628012
      7      0         7.4100000000e+08                      15628014
      9      1         7.4250000000e+08                      15802070
      7      0         7.4800000000e+08                      15802071
      7      0         7.4850000000e+08                      15802073
      7      0         7.5100000000e+08                      15802075
     14      1         7.5150000000e+08                      15802076
      7      0         7.5200000000e+08                      15802079
      7      0         7.5350000000e+08                      15802081
      7      0         7.5450000000e+08                      15802083
      7      0         7.5500000000e+08                      15802087
     16      1         7.5800000000e+08                      15802092
      7      0         7.5850000000e+08                      15802093
      7      0         7.5950000000e+08                      15802097
      7      0         7.6050000000e+08                      15802103
      7      0         7.6150000000e+08                      15802105
      7      0         7.6200000000e+08                      15802109
      7      0         7.6250000000e+08                      15802115
      7      0         7.6300000000e+08                      15802119
      7      0         7.6450000000e+08                      15802123
      7      0         7.6500000000e+08                      15802125
      7      0         7.6750000000e+08                      15802127
      7      0         7.6800000000e+08                      15802129
      7      0         7.6900000000e+08                      15802131
      7      0         7.6950000000e+08                      15802135
     14      1         7.7000000000e+08                      15802138
      7      0         7.7050000000e+08                      15802141
      7      0         7.7100000000e+08                      15802143
      7      0         7.7150000000e+08                      15802145
      7      0         7.7200000000e+08                      15802147
      7      0         7.7250000000e+08                      15802151
      7      0         7.7400000000e+08                      15802155
      4      0         7.7450000000e+08                      16739082
      7      0         8.0600000000e+08                      16739084
      7      0         8.0650000000e+08                      16739088
      7      0         8.0700000000e+08                      16739092
      7      0         8.0750000000e+08                      16739096
      7      0         8.0800000000e+08                      16739098
      7      0         8.0900000000e+08                      16739100
      7      0         8.1000000000e+08                      16739102
      7      0         8.1050000000e+08                      16739104
      7      0         8.1100000000e+08                      16739106
      7      0         8.1150000000e+08                      16739108
      7      0         8.1200000000e+08                      16739110
      7      0         8.1250000000e+08                      16739112
      7      0         8.1300000000e+08                      16739114
      7      0         8.1350000000e+08                      16739118
      7      0         8.1400000000e+08                      16739120
      2      0         8.1450000000e+08                      22223484
      8      0         9.9950000000e+08                      22223486
