     16      1         0.0000000000e+00                             0
      7      0         5.0000000000e+05                          4288
      7      0         2.0000000000e+06                          4292
     14      1         2.5000000000e+06                          4293
      7      0         3.0000000000e+06                          4296
      7      0         3.5000000000e+06                          4300
      7      0         4.0000000000e+06                          4302
      7      0         4.5000000000e+06                          4304
      7      0         6.0000000000e+06                          4306
      7      0         7.0000000000e+06                          4308
      7      0         7.5000000000e+06                          4310
      7      0         8.0000000000e+06                          4312
      7      0         9.0000000000e+06                          4316
      7      0         1.0000000000e+07                          4322
      7      0         1.0500000000e+07                          4326
      7      0         1.1000000000e+07                          4330
     14      1         1.1500000000e+07                          4331
      7      0         1.2000000000e+07                          4334
      7      0         1.3500000000e+07                          4336
      7      0         1.4000000000e+07                          4338
      7      0         1.5000000000e+07                          4340
      7      0         1.5500000000e+07                          4342
      7      0         1.6000000000e+07                          4344
      7      0         1.6500000000e+07                          4346
      7      0         1.7500000000e+07                          4348
      7      0         1.8000000000e+07                          4350
      7      0         1.8500000000e+07                          4352
      7      0         1.9000000000e+07                          4354
      7      0         1.9500000000e+07                          4356
     14      1         2.0500000000e+07                          4359
      7      0         2.1000000000e+07                          4362
      7      0         2.2500000000e+07                          4364
      7      0         2.3000000000e+07                          4366
      7      0         2.3500000000e+07                          4368
     14      1         2.4000000000e+07                          4369
      1      0         2.4500000000e+07                        982921
      8      0         6.2000000000e+07                        982923
      8      0         6.2500000000e+07                        982925
      8      0         6.4500000000e+07                        982927
     23      2         6.5500000000e+07                        982930
      8      0         6.6000000000e+07                        982935
      8      0         6.7000000000e+07                        982937
      1      0         6.7500000000e+07                       1729641
      6      0         9.3000000000e+07                       1729643
     23      2         9.3500000000e+07                       1729644
      8      0         9.4000000000e+07                       1729645
     23      2         9.4500000000e+07                       1729648
      8      0         9.5000000000e+07                       1729649
      8      0         9.6000000000e+07                       1729651
      6      0         9.6500000000e+07                       1729653
     23      2         9.8000000000e+07                       1729654
      8      0         9.8500000000e+07                       1729655
      3      0         9.9500000000e+07                       1931121
      6      0         1.0850000000e+08                       1931123
      8      0         1.1300000000e+08                       1931125
     23      2         1.1350000000e+08                       1931126
      6      0         1.1400000000e+08                       1931127
     23      2         1.1450000000e+08                       1931128
      8      0         1.1500000000e+08                       1931129
      6      0         1.1650000000e+08                       1931131
      8      0         1.1700000000e+08                       1931133
      6      0         1.1800000000e+08                       1931137
      6      0         1.1900000000e+08                       1931139
     23      2         1.2150000000e+08                       1931142
      8      0         1.2200000000e+08                       1931143
      6      0         1.2400000000e+08                       1931145
      6      0         1.2450000000e+08                       1931147
     23      2         1.2700000000e+08                       1931152
      6      0         1.2750000000e+08                       1931155
     23      2         1.2850000000e+08                       1931156
     23      2         1.2900000000e+08                       1931158
      6      0         1.2950000000e+08                       1931159
      8      0         1.3050000000e+08                       1931161
     23      2         1.3250000000e+08                       1931162
      8      0         1.3300000000e+08                       1931165
      8      0         1.3350000000e+08                       1931169
      3      0         1.3450000000e+08                       4743106
      8      0         2.3450000000e+08                       4743108
      6      0         2.3550000000e+08                       4743110
      6      0         2.3650000000e+08                       4743112
      6      0         2.3700000000e+08                       4743114
      6      0         2.3850000000e+08                       4743116
     23      2         2.3900000000e+08                       4743119
      3      0         2.3950000000e+08                       6486004
      7      0         3.0200000000e+08                       6486008
      7      0         3.0300000000e+08                       6486012
      7      0         3.0350000000e+08                       6486014
     16      1         3.0550000000e+08                       6486017
      7      0         3.0600000000e+08                       6486020
      7      0         3.0850000000e+08                       6486022
      7      0         3.0950000000e+08                       6486024
      7      0         3.1000000000e+08                       6486028
      7      0         3.1050000000e+08                       6486030
      7      0         3.1100000000e+08                       6486032
      7      0         3.1150000000e+08                       6486034
     16      1         3.1200000000e+08                       6486037
      7      0         3.1250000000e+08                       6486042
      7      0         3.1300000000e+08                       6486048
      7      0         3.1400000000e+08                       6486052
      7      0         3.1450000000e+08                       6486056
      7      0         3.1500000000e+08                       6486058
     14      1         3.1550000000e+08                       6486061
      7      0         3.1600000000e+08                       6486064
      7      0         3.1650000000e+08                       6486068
      7      0         3.1700000000e+08                       6486070
     16      1         3.1800000000e+08                       6486075
      7      0         3.1850000000e+08                       6486076
      7      0         3.1900000000e+08                       6486078
      7      0         3.2050000000e+08                       6486080
      7      0         3.2100000000e+08                       6486082
     14      1         3.2150000000e+08                       6486083
      7      0         3.2200000000e+08                       6486088
      7      0         3.2300000000e+08                       6486092
      7      0         3.2350000000e+08                       6486094
      7      0         3.2400000000e+08                       6486098
      7      0         3.2450000000e+08                       6486102
      7      0         3.2550000000e+08                       6486104
      7      0         3.2600000000e+08                       6486106
      7      0         3.2650000000e+08                       6486110
      7      0         3.2750000000e+08                       6486112
      7      0         3.2800000000e+08                       6486114
      7      0         3.2850000000e+08                       6486116
     14      1         3.2900000000e+08                       6486121
      7      0         3.2950000000e+08                       6486122
      7      0         3.3000000000e+08                       6486126
      7      0         3.3050000000e+08                       6486128
      7      0         3.3100000000e+08                       6486130
      7      0         3.3250000000e+08                       6486134
      7      0         3.3350000000e+08                       6486138
      7      0         3.3450000000e+08                       6486142
      7      0         3.3500000000e+08                       6486144
      7      0         3.3550000000e+08                       6486148
      7      0         3.3600000000e+08                       6486152
      7      0         3.3650000000e+08                       6486154
      7      0         3.3700000000e+08                       6486156
      7      0         3.3800000000e+08                       6486160
      7      0         3.3850000000e+08                       6486162
      7      0         3.3950000000e+08                       6486164
      7      0         3.4100000000e+08                       6486166
     14      1         3.4150000000e+08                       6486167
      7      0         3.4200000000e+08                       6486168
      7      0         3.4250000000e+08                       6486172
      7      0         3.4550000000e+08                       6486174
      7      0         3.4650000000e+08                       6486176
      7      0         3.4700000000e+08                       6486178
      7      0         3.4800000000e+08                       6486180
     16      1         3.4900000000e+08                       6486185
      7      0         3.4950000000e+08                       6486186
      7      0         3.5000000000e+08                       6486190
      7      0         3.5050000000e+08                       6486192
      7      0         3.5150000000e+08                       6486194
      7      0         3.5200000000e+08                       6486196
      7      0         3.5250000000e+08                       6486198
      7      0         3.5350000000e+08                       6486202
      7      0         3.5400000000e+08                       6486208
      7      0         3.5450000000e+08                       6486210
      7      0         3.5550000000e+08                       6486214
      7      0         3.5600000000e+08                       6486218
      7      0         3.5650000000e+08                       6486220
      5      0         3.5700000000e+08                       7457857
     23      2         3.9000000000e+08                       7457858
      6      0         3.9050000000e+08                       7457859
      6      0         3.9100000000e+08                       7457861
      4      0         3.9150000000e+08                       8244186
     23      2         4.2100000000e+08                       8244187
      6      0         4.2150000000e+08                       8244188
     23      2         4.2250000000e+08                       8244189
      3      0         4.2300000000e+08                      10206319
      8      0         4.8950000000e+08                      10206321
      6      0         4.9050000000e+08                      10206323
      6      0         4.9150000000e+08                      10206327
      6      0         4.9200000000e+08                      10206329
      6      0         4.9250000000e+08                      10206331
      6      0         4.9550000000e+08                      10206335
     23      2         4.9700000000e+08                      10206336
      8      0         4.9750000000e+08                      10206337
      8      0         4.9850000000e+08                      10206339
      1      0         4.9950000000e+08                      10678165
      7      0         5.1550000000e+08                      10678167
      7      0         5.1600000000e+08                      10678169
      7      0         5.1700000000e+08                      10678171
      7      0         5.1750000000e+08                      10678173
      1      0         5.1800000000e+08                      11667505
      7      0         5.5200000000e+08                      11667507
      7      0         5.5250000000e+08                      11667511
      4      0         5.5300000000e+08                      11978622
      5      0         5.6650000000e+08                      13229670
      6      0         6.0900000000e+08                      13229672
      6      0         6.1100000000e+08                      13229674
     23      2         6.1150000000e+08                      13229675
      6      0         6.1200000000e+08                      13229678
     23      2         6.1250000000e+08                      13229679
      6      0         6.1300000000e+08                      13229680
     23      2         6.1350000000e+08                      13229681
      6      0         6.1400000000e+08                      13229682
     23      2         6.1500000000e+08                      13229683
      8      0         6.1550000000e+08                      13229686
      6      0         6.1700000000e+08                      13229688
      6      0         6.1750000000e+08                      13229690
     23      2         6.1850000000e+08                      13229691
      6      0         6.1900000000e+08                      13229692
      8      0         6.2100000000e+08                      13229694
     23      2         6.2400000000e+08                      13229695
      8      0         6.2450000000e+08                      13229696
      6      0         6.2550000000e+08                      13229698
      6      0         6.2650000000e+08                      13229700
      8      0         6.2850000000e+08                      13229702
     23      2         6.2950000000e+08                      13229705
      6      0         6.3000000000e+08                      13229706
      8      0         6.3050000000e+08                      13229710
      8      0         6.3750000000e+08                      13229712
      8      0         6.3850000000e+08                      13229714
      8      0         6.3900000000e+08                      13229718
      8      0         6.3950000000e+08                      13229720
      6      0         6.4050000000e+08                      13229722
      8      0         6.4200000000e+08                      13229724
      6      0         6.4250000000e+08                      13229726
      8      0         6.4300000000e+08                      13229728
      8      0         6.4400000000e+08                      13229730
     23      2         6.4450000000e+08                      13229731
      2      0         6.4500000000e+08                      13241739
     23      2         6.4600000000e+08                      13241740
      8      0         6.4650000000e+08                      13241741
      6      0         6.4700000000e+08                      13241745
      8      0         6.5200000000e+08                      13241747
      6      0         6.5300000000e+08                      13241749
      8      0         6.5450000000e+08                      13241751
      6      0         6.5550000000e+08                      13241753
      8      0         6.5700000000e+08                      13241755
      8      0         6.5750000000e+08                      13241757
     23      2         6.5850000000e+08                      13241758
      2      0         6.5900000000e+08                      13438817
      6      0         6.6700000000e+08                      13438819
      6      0         6.7200000000e+08                      13438821
     23      2         6.7300000000e+08                      13438822
      6      0         6.7350000000e+08                      13438823
     23      2         6.7450000000e+08                      13438826
      8      0         6.7500000000e+08                      13438827
      6      0         6.7750000000e+08                      13438831
      8      0         6.7800000000e+08                      13438835
      6      0         6.7850000000e+08                      13438837
      8      0         6.7950000000e+08                      13438839
      6      0         6.8150000000e+08                      13438841
      6      0         6.8200000000e+08                      13438845
      2      0         6.8350000000e+08                      14410849
      7      0         7.1750000000e+08                      14410853
     14      1         7.1800000000e+08                      14410854
      7      0         7.1850000000e+08                      14410859
     14      1         7.1900000000e+08                      14410860
      7      0         7.1950000000e+08                      14410861
      7      0         7.2050000000e+08                      14410865
      7      0         7.2150000000e+08                      14410867
      7      0         7.2350000000e+08                      14410871
     11      1         7.2400000000e+08                      14459097
     30      3         7.2550000000e+08                      14459102
     32      3         7.2600000000e+08                      14459112
     30      3         7.2650000000e+08                      14459114
     30      3         7.2700000000e+08                      14459116
     30      3         7.2750000000e+08                      14459122
     32      3         7.2800000000e+08                      14459128
     30      3         7.2850000000e+08                      14459132
     30      3         7.2900000000e+08                      14459136
     15      1         7.2950000000e+08                      14459145
     30      3         7.3000000000e+08                      14459154
     32      3         7.3050000000e+08                      14459156
     10      1         7.3100000000e+08                      15788863
     32      3         7.7550000000e+08                      15788870
     30      3         7.7600000000e+08                      15788876
     32      3         7.7650000000e+08                      15788880
     30      3         7.7700000000e+08                      15788884
     15      1         7.7750000000e+08                      15788887
     30      3         7.7800000000e+08                      15788894
     32      3         7.7850000000e+08                      15788900
     30      3         7.7900000000e+08                      15788902
     30      3         7.7950000000e+08                      15788912
     32      3         7.8000000000e+08                      15788918
     30      3         7.8050000000e+08                      15788924
     15      1         7.8100000000e+08                      15788927
     32      3         7.8150000000e+08                      15788934
     32      3         7.8200000000e+08                      15788936
     26      3         7.8250000000e+08                      15960406
     30      3         9.4400000000e+08                      15960412
     32      3         9.4450000000e+08                      15960416
     32      3         9.4500000000e+08                      15960426
     15      1         9.4550000000e+08                      15960433
     32      3         9.4600000000e+08                      15960446
     32      3         9.4650000000e+08                      15960454
     30      3         9.4700000000e+08                      15960468
     30      3         9.4750000000e+08                      15960478
     32      3         9.4800000000e+08                      15960482
     32      3         9.4850000000e+08                      15960490
     30      3         9.4900000000e+08                      15960498
     30      3         9.4950000000e+08                      15960504
     32      3         9.5000000000e+08                      15960514
     30      3         9.5050000000e+08                      15960518
     30      3         9.5100000000e+08                      15960522
     30      3         9.5150000000e+08                      15960530
     30      3         9.5200000000e+08                      15960538
     30      3         9.5250000000e+08                      15960546
     15      1         9.5300000000e+08                      15960549
     32      3         9.5350000000e+08                      15960556
     32      3         9.5400000000e+08                      15960562
     30      3         9.5450000000e+08                      15960566
     32      3         9.5500000000e+08                      15960576
     30      3         9.5550000000e+08                      15960584
     32      3         9.5600000000e+08                      15960592
     32      3         9.5650000000e+08                      15960598
     30      3         9.5700000000e+08                      15960604
     32      3         9.5750000000e+08                      15960616
     30      3         9.5800000000e+08                      15960624
     15      1         9.5850000000e+08                      15960631
     32      3         9.5900000000e+08                      15960642
     30      3         9.5950000000e+08                      15960648
     11      1         9.6000000000e+08                      15967294
      7      0         9.6050000000e+08                      15967297
      7      0         9.6100000000e+08                      15967299
     10      1         9.6150000000e+08                      16282628
      7      0         9.7200000000e+08                      16282629
      7      0         9.7250000000e+08                      16282631
      9      1         9.7350000000e+08                      16492510
      7      0         9.8050000000e+08                      16492513
      7      0         9.8100000000e+08                      16492517
      1      0         9.8150000000e+08                      22509113
