     30      3         0.0000000000e+00                             0
     32      3         5.0000000000e+05                             5
     30      3         1.0000000000e+06                             9
     30      3         1.5000000000e+06                            19
     15      1         2.0000000000e+06                            22
     30      3         2.5000000000e+06                            29
     32      3         3.0000000000e+06                            37
     15      1         3.5000000000e+06                            46
     30      3         4.0000000000e+06                            49
     30      3         4.5000000000e+06                            55
     32      3         5.0000000000e+06                            61
     32      3         5.5000000000e+06                            63
     15      1         6.0000000000e+06                            66
     32      3         6.5000000000e+06                            71
     32      3         7.0000000000e+06                            75
     32      3         7.5000000000e+06                            81
     30      3         8.0000000000e+06                            87
     32      3         8.5000000000e+06                            97
     32      3         9.0000000000e+06                           107
     15      1         9.5000000000e+06                           116
     30      3         1.0000000000e+07                           125
     30      3         1.0500000000e+07                           131
     32      3         1.1000000000e+07                           135
     30      3         1.1500000000e+07                           141
     32      3         1.2000000000e+07                           145
     30      3         1.2500000000e+07                           149
     30      3         1.3000000000e+07                           153
     30      3         1.3500000000e+07                           161
     32      3         1.4000000000e+07                           171
     32      3         1.4500000000e+07                           177
     11      1         1.5000000000e+07                        308461
      7      0         2.5500000000e+07                        308462
      7      0         2.6000000000e+07                        308464
      7      0         2.6500000000e+07                        308466
     16      1         2.7000000000e+07                        308469
      7      0         2.7500000000e+07                        308470
      7      0         2.9500000000e+07                        308474
      7      0         3.0000000000e+07                        308476
      7      0         3.0500000000e+07                        308478
      7      0         3.2000000000e+07                        308484
      7      0         3.2500000000e+07                        308486
      7      0         3.3000000000e+07                        308488
      7      0         3.4000000000e+07                        308490
      7      0         3.5500000000e+07                        308492
      7      0         3.7000000000e+07                        308496
      7      0         3.8000000000e+07                        308500
      7      0         3.9000000000e+07                        308506
      7      0         3.9500000000e+07                        308512
      7      0         4.0000000000e+07                        308514
      7      0         4.0500000000e+07                        308516
      9      1         4.1000000000e+07                        627670
     32      3         5.2000000000e+07                        627677
     30      3         5.2500000000e+07                        627681
     32      3         5.3000000000e+07                        627683
     32      3         5.3500000000e+07                        627685
     30      3         5.4000000000e+07                        627689
     32      3         5.4500000000e+07                        627695
     15      1         5.5000000000e+07                        627700
     30      3         5.5500000000e+07                        627705
     30      3         5.6000000000e+07                        627713
     30      3         5.6500000000e+07                        627715
     30      3         5.7000000000e+07                        627721
     30      3         5.7500000000e+07                        627729
     15      1         5.8000000000e+07                        627734
     30      3         5.8500000000e+07                        627747
     32      3         5.9000000000e+07                        627749
     32      3         5.9500000000e+07                        627755
     32      3         6.0000000000e+07                        627759
     30      3         6.0500000000e+07                        627767
     32      3         6.1000000000e+07                        627769
     32      3         6.1500000000e+07                        627781
     30      3         6.2000000000e+07                        627789
     32      3         6.2500000000e+07                        627799
     15      1         6.3000000000e+07                        627806
     32      3         6.3500000000e+07                        627815
     32      3         6.4000000000e+07                        627825
     30      3         6.4500000000e+07                        627831
     32      3         6.5000000000e+07                        627837
     32      3         6.5500000000e+07                        627843
     30      3         6.6000000000e+07                        627853
     30      3         6.7000000000e+07                        627857
     15      1         6.7500000000e+07                        627868
     32      3         6.8000000000e+07                        627873
     15      1         6.8500000000e+07                        627878
     30      3         6.9000000000e+07                        627885
     30      3         6.9500000000e+07                        627889
     15      1         7.0000000000e+07                        627892
     32      3         7.0500000000e+07                        627899
     30      3         7.1000000000e+07                        627907
     32      3         7.1500000000e+07                        627911
     32      3         7.2000000000e+07                        627921
     15      1         7.2500000000e+07                        627930
     32      3         7.3000000000e+07                        627941
     15      1         7.3500000000e+07                        627948
     30      3         7.4000000000e+07                        627953
     30      3         7.4500000000e+07                        627959
     32      3         7.5000000000e+07                        627967
     30      3         7.5500000000e+07                        627973
     32      3         7.6000000000e+07                        627977
     32      3         7.6500000000e+07                        627985
     30      3         7.7000000000e+07                        627989
     32      3         7.7500000000e+07                        627997
     30      3         7.8000000000e+07                        628003
     32      3         7.8500000000e+07                        628005
     32      3         7.9000000000e+07                        628007
     32      3         7.9500000000e+07                        628013
     30      3         8.0000000000e+07                        628017
     32      3         8.0500000000e+07                        628025
     30      3         8.1000000000e+07                        628029
     30      3         8.1500000000e+07                        628033
     32      3         8.2000000000e+07                        628039
     32      3         8.2500000000e+07                        628053
     30      3         8.3000000000e+07                        628057
     15      1         8.4000000000e+07                        628058
     30      3         8.4500000000e+07                        628067
     30      3         8.5000000000e+07                        628073
     29      3         8.5500000000e+07                        686121
     32      3         1.4050000000e+08                        686123
     30      3         1.4100000000e+08                        686129
     30      3         1.4150000000e+08                        686135
     32      3         1.4200000000e+08                        686147
     32      3         1.4250000000e+08                        686153
     30      3         1.4300000000e+08                        686159
     30      3         1.4350000000e+08                        686169
     32      3         1.4450000000e+08                        686175
     30      3         1.4500000000e+08                        686183
     32      3         1.4550000000e+08                        686189
     30      3         1.4600000000e+08                        686191
     32      3         1.4650000000e+08                        686197
     32      3         1.4700000000e+08                        686209
     10      1         1.4750000000e+08                       1110286
      7      0         1.6200000000e+08                       1110287
      7      0         1.6250000000e+08                       1110289
      7      0         1.6350000000e+08                       1110293
      7      0         1.6400000000e+08                       1110295
     16      1         1.6450000000e+08                       1110296
      7      0         1.6500000000e+08                       1110301
      7      0         1.6550000000e+08                       1110303
     16      1         1.6600000000e+08                       1110308
     14      1         1.6650000000e+08                       1110312
      7      0         1.6700000000e+08                       1110315
      7      0         1.6800000000e+08                       1110321
      7      0         1.6900000000e+08                       1110323
      7      0         1.6950000000e+08                       1110325
      7      0         1.7000000000e+08                       1110327
      1      0         1.7050000000e+08                       1289762
     23      2         1.7650000000e+08                       1289763
     23      2         1.7700000000e+08                       1289765
      6      0         1.7750000000e+08                       1289766
     23      2         1.7950000000e+08                       1289769
      8      0         1.8000000000e+08                       1289770
      6      0         1.8100000000e+08                       1289772
      6      0         1.8150000000e+08                       1289774
     23      2         1.8300000000e+08                       1289775
      8      0         1.8350000000e+08                       1289776
      8      0         1.8600000000e+08                       1289780
      6      0         1.8700000000e+08                       1289784
      8      0         1.9000000000e+08                       1289786
     23      2         1.9050000000e+08                       1289789
      1      0         1.9100000000e+08                       2706486
      6      0         2.3950000000e+08                       2706488
      8      0         2.4450000000e+08                       2706490
     23      2         2.4500000000e+08                       2706491
      8      0         2.4550000000e+08                       2706492
      8      0         2.4600000000e+08                       2706494
      4      0         2.4750000000e+08                       3787982
      4      0         2.8500000000e+08                       4710610
      8      0         3.2200000000e+08                       4710612
     23      2         3.2250000000e+08                       4710613
      8      0         3.2300000000e+08                       4710614
      8      0         3.2350000000e+08                       4710616
      6      0         3.2450000000e+08                       4710618
      3      0         3.2700000000e+08                       5082465
      8      0         3.4050000000e+08                       5082467
     23      2         3.4150000000e+08                       5082468
     23      2         3.4200000000e+08                       5082470
      8      0         3.4250000000e+08                       5082471
     23      2         3.4300000000e+08                       5082472
      8      0         3.4350000000e+08                       5082473
      8      0         3.4400000000e+08                       5082475
      8      0         3.4450000000e+08                       5082477
      6      0         3.4500000000e+08                       5082479
      6      0         3.4800000000e+08                       5082481
     23      2         3.5000000000e+08                       5082482
      6      0         3.5050000000e+08                       5082483
     23      2         3.5150000000e+08                       5082484
      1      0         3.5200000000e+08                       5903936
      8      0         3.8400000000e+08                       5903938
      8      0         3.8450000000e+08                       5903940
      6      0         3.8650000000e+08                       5903942
      6      0         3.8750000000e+08                       5903944
      8      0         3.8850000000e+08                       5903946
      8      0         3.9250000000e+08                       5903948
      8      0         3.9300000000e+08                       5903950
     23      2         3.9400000000e+08                       5903951
      8      0         3.9450000000e+08                       5903952
      6      0         3.9750000000e+08                       5903954
     23      2         3.9850000000e+08                       5903955
      6      0         3.9900000000e+08                       5903956
      8      0         3.9950000000e+08                       5903958
     23      2         4.0000000000e+08                       5903959
      8      0         4.0050000000e+08                       5903960
      8      0         4.0100000000e+08                       5903962
      6      0         4.0150000000e+08                       5903964
      6      0         4.0300000000e+08                       5903966
      6      0         4.0400000000e+08                       5903968
      8      0         4.0450000000e+08                       5903972
      6      0         4.0500000000e+08                       5903974
      8      0         4.0650000000e+08                       5903976
      8      0         4.0950000000e+08                       5903978
      6      0         4.1000000000e+08                       5903982
      8      0         4.1050000000e+08                       5903984
     23      2         4.1100000000e+08                       5903985
      8      0         4.1150000000e+08                       5903986
     23      2         4.1200000000e+08                       5903987
      8      0         4.1250000000e+08                       5903988
      8      0         4.1300000000e+08                       5903990
      3      0         4.1350000000e+08                       7920554
      6      0         4.8450000000e+08                       7920556
      6      0         4.8550000000e+08                       7920558
      8      0         4.8650000000e+08                       7920560
      8      0         4.9050000000e+08                       7920562
      8      0         4.9100000000e+08                       7920564
     23      2         4.9150000000e+08                       7920565
      6      0         4.9200000000e+08                       7920568
      8      0         4.9250000000e+08                       7920570
     23      2         4.9300000000e+08                       7920573
      8      0         4.9350000000e+08                       7920574
      1      0         4.9400000000e+08                       9292838
     14      1         5.4150000000e+08                       9292839
      7      0         5.4200000000e+08                       9292842
      4      0         5.4250000000e+08                       9624739
      7      0         5.5400000000e+08                       9624743
      4      0         5.5450000000e+08                      12061949
     23      2         6.3800000000e+08                      12061950
      6      0         6.3850000000e+08                      12061953
      6      0         6.3900000000e+08                      12061955
      8      0         6.4000000000e+08                      12061957
      6      0         6.4100000000e+08                      12061961
      8      0         6.4150000000e+08                      12061965
      6      0         6.4200000000e+08                      12061969
      8      0         6.4500000000e+08                      12061971
      6      0         6.4550000000e+08                      12061977
     23      2         6.4700000000e+08                      12061980
     23      2         6.4750000000e+08                      12061982
     23      2         6.4800000000e+08                      12061984
      8      0         6.4850000000e+08                      12061985
     23      2         6.4900000000e+08                      12061986
      6      0         6.4950000000e+08                      12061987
      8      0         6.5050000000e+08                      12061989
      6      0         6.5200000000e+08                      12061991
      1      0         6.5300000000e+08                      13818583
      8      0         7.1400000000e+08                      13818585
     23      2         7.1450000000e+08                      13818586
      8      0         7.1500000000e+08                      13818587
      8      0         7.1700000000e+08                      13818589
      8      0         7.1750000000e+08                      13818591
      6      0         7.1800000000e+08                      13818593
      6      0         7.2150000000e+08                      13818595
      6      0         7.2300000000e+08                      13818597
      2      0         7.2350000000e+08                      16037731
      7      0         7.9850000000e+08                      16037735
      7      0         7.9950000000e+08                      16037739
      7      0         8.0000000000e+08                      16037741
      7      0         8.0100000000e+08                      16037743
      7      0         8.0150000000e+08                      16037747
      7      0         8.0250000000e+08                      16037751
      7      0         8.0400000000e+08                      16037753
      7      0         8.0550000000e+08                      16037755
      7      0         8.0600000000e+08                      16037757
      7      0         8.0650000000e+08                      16037759
      7      0         8.0750000000e+08                      16037761
      7      0         8.0800000000e+08                      16037767
      4      0         8.0900000000e+08                      19238781
      6      0         9.1750000000e+08                      19238783
      6      0         9.1850000000e+08                      19238785
      1      0         9.2000000000e+08                      20088341
      6      0         9.4900000000e+08                      20088343
      6      0         9.5000000000e+08                      20088345
      8      0         9.5050000000e+08                      20088347
      6      0         9.5100000000e+08                      20088349
     23      2         9.5350000000e+08                      20088350
      6      0         9.5400000000e+08                      20088351
      2      0         9.5450000000e+08                      21238169
      7      0         9.9450000000e+08                      21238171
      7      0         9.9550000000e+08                      21238173
      7      0         9.9650000000e+08                      21238175
      9      1         9.9850000000e+08                      21289981
