      3      0         0.0000000000e+00                             0
      3      0         5.0000000000e+05                          9768
      7      0         1.0000000000e+06                          9770
      7      0         1.5000000000e+06                          9772
     14      1         3.0000000000e+06                          9775
      7      0         3.5000000000e+06                          9776
      7      0         5.0000000000e+06                          9782
      7      0         5.5000000000e+06                          9786
      2      0         7.0000000000e+06                       2315604
     14      1         8.6000000000e+07                       2315609
      7      0         8.6500000000e+07                       2315612
      7      0         8.7500000000e+07                       2315614
      7      0         8.8000000000e+07                       2315616
      7      0         8.9000000000e+07                       2315618
      7      0         9.0500000000e+07                       2315622
      7      0         9.1000000000e+07                       2315624
      7      0         9.1500000000e+07                       2315628
      7      0         9.2000000000e+07                       2315632
      2      0         9.2500000000e+07                       5120045
     23      2         1.8800000000e+08                       5120048
      6      0         1.8850000000e+08                       5120049
      8      0         1.8900000000e+08                       5120051
      8      0         1.9000000000e+08                       5120053
     23      2         1.9100000000e+08                       5120054
      8      0         1.9150000000e+08                       5120057
     23      2         1.9200000000e+08                       5120060
      8      0         1.9250000000e+08                       5120061
      8      0         1.9300000000e+08                       5120063
      6      0         1.9350000000e+08                       5120065
     23      2         1.9450000000e+08                       5120068
      8      0         1.9500000000e+08                       5120069
     23      2         1.9600000000e+08                       5120074
      8      0         1.9650000000e+08                       5120075
      6      0         1.9750000000e+08                       5120077
      8      0         2.0000000000e+08                       5120079
      5      0         2.0100000000e+08                       5478586
      6      0         2.1400000000e+08                       5478590
      6      0         2.1450000000e+08                       5478594
      8      0         2.1550000000e+08                       5478596
     23      2         2.1700000000e+08                       5478597
      6      0         2.1750000000e+08                       5478600
      6      0         2.1950000000e+08                       5478602
      6      0         2.2000000000e+08                       5478604
     23      2         2.2050000000e+08                       5478605
      8      0         2.2100000000e+08                       5478606
      6      0         2.2200000000e+08                       5478608
      8      0         2.2300000000e+08                       5478610
      8      0         2.2350000000e+08                       5478612
      8      0         2.2400000000e+08                       5478614
      8      0         2.2650000000e+08                       5478616
      8      0         2.2750000000e+08                       5478618
      8      0         2.2800000000e+08                       5478620
      8      0         2.3250000000e+08                       5478622
      6      0         2.3500000000e+08                       5478624
      6      0         2.3650000000e+08                       5478626
     23      2         2.4100000000e+08                       5478627
      6      0         2.4150000000e+08                       5478630
     23      2         2.4250000000e+08                       5478631
      8      0         2.4300000000e+08                       5478632
      1      0         2.4350000000e+08                       5587547
     23      2         2.4950000000e+08                       5587548
      6      0         2.5000000000e+08                       5587549
      6      0         2.5050000000e+08                       5587551
      6      0         2.5150000000e+08                       5587553
     23      2         2.5200000000e+08                       5587554
      6      0         2.5250000000e+08                       5587555
      8      0         2.5650000000e+08                       5587557
      8      0         2.5750000000e+08                       5587559
     23      2         2.5800000000e+08                       5587562
      6      0         2.5850000000e+08                       5587567
     23      2         2.5900000000e+08                       5587568
      6      0         2.5950000000e+08                       5587569
      6      0         2.6150000000e+08                       5587571
      6      0         2.6200000000e+08                       5587573
      6      0         2.6350000000e+08                       5587575
     23      2         2.6450000000e+08                       5587578
      8      0         2.6500000000e+08                       5587579
      6      0         2.6550000000e+08                       5587581
      8      0         2.6650000000e+08                       5587583
      5      0         2.6700000000e+08                       6126361
      6      0         2.8650000000e+08                       6126363
     23      2         2.8750000000e+08                       6126364
      2      0         2.8800000000e+08                       9480901
      6      0         4.0200000000e+08                       9480905
      6      0         4.0350000000e+08                       9480907
     23      2         4.0650000000e+08                       9480908
      6      0         4.0700000000e+08                       9480909
      6      0         4.0850000000e+08                       9480913
     23      2         4.0900000000e+08                       9480914
      6      0         4.0950000000e+08                       9480917
      4      0         4.1050000000e+08                      10689390
      7      0         4.5400000000e+08                      10689394
      4      0         4.5500000000e+08                      14542540
      7      0         5.8550000000e+08                      14542542
      7      0         5.8600000000e+08                      14542544
      7      0         5.8650000000e+08                      14542546
      7      0         5.8750000000e+08                      14542548
      7      0         5.8800000000e+08                      14542552
      7      0         5.8850000000e+08                      14542554
      7      0         5.8900000000e+08                      14542556
      7      0         5.8950000000e+08                      14542560
     16      1         5.9050000000e+08                      14542565
      7      0         5.9100000000e+08                      14542566
      7      0         5.9150000000e+08                      14542568
     14      1         5.9200000000e+08                      14542571
     14      1         5.9250000000e+08                      14542573
      7      0         5.9300000000e+08                      14542574
      7      0         5.9450000000e+08                      14542576
      7      0         5.9500000000e+08                      14542578
      9      1         5.9550000000e+08                      14628594
      7      0         5.9850000000e+08                      14628597
      7      0         5.9900000000e+08                      14628599
      2      0         5.9950000000e+08                      14843629
      7      0         6.0800000000e+08                      14843631
     16      1         6.0850000000e+08                      14843632
      7      0         6.0900000000e+08                      14843635
      7      0         6.0950000000e+08                      14843639
      7      0         6.1000000000e+08                      14843641
      7      0         6.1050000000e+08                      14843643
      7      0         6.1150000000e+08                      14843645
      2      0         6.1200000000e+08                      17291531
      6      0         6.9500000000e+08                      17291533
      8      0         6.9650000000e+08                      17291535
      8      0         6.9700000000e+08                      17291537
      1      0         6.9750000000e+08                      18249784
     23      2         7.3300000000e+08                      18249785
      8      0         7.3350000000e+08                      18249786
     23      2         7.3400000000e+08                      18249787
      6      0         7.3450000000e+08                      18249788
      8      0         7.3500000000e+08                      18249790
      8      0         7.3700000000e+08                      18249792
      8      0         7.3750000000e+08                      18249794
      6      0         7.3950000000e+08                      18249796
      6      0         7.4200000000e+08                      18249798
      8      0         7.4400000000e+08                      18249800
      6      0         7.4700000000e+08                      18249802
      8      0         7.4800000000e+08                      18249804
      8      0         7.4950000000e+08                      18249808
      8      0         7.5100000000e+08                      18249810
      8      0         7.5300000000e+08                      18249812
     23      2         7.5400000000e+08                      18249813
      8      0         7.5450000000e+08                      18249814
     23      2         7.5600000000e+08                      18249815
      6      0         7.5650000000e+08                      18249818
     23      2         7.5750000000e+08                      18249819
      8      0         7.5800000000e+08                      18249820
      8      0         7.6050000000e+08                      18249822
      8      0         7.6250000000e+08                      18249824
     23      2         7.6400000000e+08                      18249827
      8      0         7.6450000000e+08                      18249828
      6      0         7.6550000000e+08                      18249830
      6      0         7.6650000000e+08                      18249832
      8      0         7.6800000000e+08                      18249834
      8      0         7.6900000000e+08                      18249836
     23      2         7.7000000000e+08                      18249837
      2      0         7.7050000000e+08                      18909534
      6      0         7.9500000000e+08                      18909536
      6      0         7.9700000000e+08                      18909538
      3      0         7.9750000000e+08                      19611248
      6      0         8.2250000000e+08                      19611250
     23      2         8.2600000000e+08                      19611251
      6      0         8.2650000000e+08                      19611252
      8      0         8.2700000000e+08                      19611254
      8      0         8.2800000000e+08                      19611256
      8      0         8.3050000000e+08                      19611258
      8      0         8.3150000000e+08                      19611260
      6      0         8.3250000000e+08                      19611262
      6      0         8.3300000000e+08                      19611264
      8      0         8.3350000000e+08                      19611266
      6      0         8.3450000000e+08                      19611268
      6      0         8.3500000000e+08                      19611270
     23      2         8.3900000000e+08                      19611271
      5      0         8.3950000000e+08                      19702528
     23      2         8.4450000000e+08                      19702531
      3      0         8.4500000000e+08                      19789522
      7      0         8.5000000000e+08                      19789526
      7      0         8.5050000000e+08                      19789530
      7      0         8.5200000000e+08                      19789536
      7      0         8.5250000000e+08                      19789538
      7      0         8.5350000000e+08                      19789540
      7      0         8.5450000000e+08                      19789542
      7      0         8.5550000000e+08                      19789546
      7      0         8.5600000000e+08                      19789552
      7      0         8.5650000000e+08                      19789556
      7      0         8.5850000000e+08                      19789558
      7      0         8.5950000000e+08                      19789560
      7      0         8.6000000000e+08                      19789562
      7      0         8.6100000000e+08                      19789570
      7      0         8.6150000000e+08                      19789572
      7      0         8.6250000000e+08                      19789574
      7      0         8.6350000000e+08                      19789578
      7      0         8.6450000000e+08                      19789582
     14      1         8.6550000000e+08                      19789587
      7      0         8.6600000000e+08                      19789588
      7      0         8.6700000000e+08                      19789590
      7      0         8.6750000000e+08                      19789594
      7      0         8.6800000000e+08                      19789596
      7      0         8.6850000000e+08                      19789600
      7      0         8.6900000000e+08                      19789602
      7      0         8.7000000000e+08                      19789604
      7      0         8.7050000000e+08                      19789606
      7      0         8.7100000000e+08                      19789608
      7      0         8.7150000000e+08                      19789612
      7      0         8.7200000000e+08                      19789614
      7      0         8.7300000000e+08                      19789616
      7      0         8.7500000000e+08                      19789618
      7      0         8.7550000000e+08                      19789620
      7      0         8.7700000000e+08                      19789622
      7      0         8.7850000000e+08                      19789626
      7      0         8.7900000000e+08                      19789628
      7      0         8.7950000000e+08                      19789632
      7      0         8.8000000000e+08                      19789634
      7      0         8.8100000000e+08                      19789638
     16      1         8.8150000000e+08                      19789643
      7      0         8.8200000000e+08                      19789644
      7      0         8.8350000000e+08                      19789646
      9      1         8.8400000000e+08                      20772953
      7      0         9.1750000000e+08                      20772958
      7      0         9.1850000000e+08                      20772962
      7      0         9.1900000000e+08                      20772964
      7      0         9.1950000000e+08                      20772966
      7      0         9.2100000000e+08                      20772968
      7      0         9.2150000000e+08                      20772970
      7      0         9.2300000000e+08                      20772974
      7      0         9.2350000000e+08                      20772978
      7      0         9.2450000000e+08                      20772980
      5      0         9.2550000000e+08                      23398091
