     28      3         0.0000000000e+00                             0
     28      3         5.0000000000e+05                        289808
     30      3         2.7300000000e+08                        289812
     30      3         2.7350000000e+08                        289820
     32      3         2.7400000000e+08                        289828
     30      3         2.7450000000e+08                        289838
     32      3         2.7500000000e+08                        289840
     32      3         2.7550000000e+08                        289846
     32      3         2.7600000000e+08                        289854
     30      3         2.7650000000e+08                        289858
     32      3         2.7700000000e+08                        289862
      9      1         2.7800000000e+08                        427066
      7      0         2.8300000000e+08                        427069
      7      0         2.8350000000e+08                        427071
      7      0         2.8400000000e+08                        427077
      7      0         2.8450000000e+08                        427081
      7      0         2.8500000000e+08                        427087
      7      0         2.8550000000e+08                        427089
      7      0         2.8650000000e+08                        427093
      7      0         2.8700000000e+08                        427095
      7      0         2.8750000000e+08                        427097
      7      0         2.8800000000e+08                        427101
      7      0         2.8900000000e+08                        427103
      7      0         2.8950000000e+08                        427105
     10      1         2.9000000000e+08                       1117362
      7      0         3.1350000000e+08                       1117365
      7      0         3.1450000000e+08                       1117367
      7      0         3.1500000000e+08                       1117369
      7      0         3.1550000000e+08                       1117371
      7      0         3.1600000000e+08                       1117375
     16      1         3.1650000000e+08                       1117378
      7      0         3.1700000000e+08                       1117379
      7      0         3.1800000000e+08                       1117381
      7      0         3.1850000000e+08                       1117387
      7      0         3.1900000000e+08                       1117389
     14      1         3.2000000000e+08                       1117392
      7      0         3.2050000000e+08                       1117395
      7      0         3.2150000000e+08                       1117397
      7      0         3.2200000000e+08                       1117399
     14      1         3.2300000000e+08                       1117404
      7      0         3.2350000000e+08                       1117407
      7      0         3.2400000000e+08                       1117415
      7      0         3.2650000000e+08                       1117421
      7      0         3.2700000000e+08                       1117423
      7      0         3.2750000000e+08                       1117425
      7      0         3.2800000000e+08                       1117427
      7      0         3.2850000000e+08                       1117429
      7      0         3.2900000000e+08                       1117431
      7      0         3.2950000000e+08                       1117435
      2      0         3.3100000000e+08                       4907450
      6      0         4.5950000000e+08                       4907452
      6      0         4.6000000000e+08                       4907454
     23      2         4.6100000000e+08                       4907455
      3      0         4.6150000000e+08                       7326398
     23      2         5.4400000000e+08                       7326401
      8      0         5.4450000000e+08                       7326402
      6      0         5.4500000000e+08                       7326406
      6      0         5.4650000000e+08                       7326408
      8      0         5.4700000000e+08                       7326410
      6      0         5.5000000000e+08                       7326412
      6      0         5.5050000000e+08                       7326414
     23      2         5.5150000000e+08                       7326415
      8      0         5.5200000000e+08                       7326416
      1      0         5.5250000000e+08                       7654595
      8      0         5.6700000000e+08                       7654597
     23      2         5.6750000000e+08                       7654598
      8      0         5.6800000000e+08                       7654599
      8      0         5.6950000000e+08                       7654601
      8      0         5.7000000000e+08                       7654603
     23      2         5.7100000000e+08                       7654604
      2      0         5.7150000000e+08                       9385360
      8      0         6.3000000000e+08                       9385362
     23      2         6.3100000000e+08                       9385363
      8      0         6.3150000000e+08                       9385364
     23      2         6.3200000000e+08                       9385365
      6      0         6.3250000000e+08                       9385366
      6      0         6.3300000000e+08                       9385368
      6      0         6.3350000000e+08                       9385370
      6      0         6.3400000000e+08                       9385372
      8      0         6.3550000000e+08                       9385374
      8      0         6.3600000000e+08                       9385376
      6      0         6.3700000000e+08                       9385378
      6      0         6.3850000000e+08                       9385382
      3      0         6.4200000000e+08                      10672874
     23      2         6.8650000000e+08                      10672877
      8      0         6.8700000000e+08                      10672880
      6      0         6.8800000000e+08                      10672882
      1      0         6.8900000000e+08                      11935245
      7      0         7.3200000000e+08                      11935247
      7      0         7.3250000000e+08                      11935249
      7      0         7.3300000000e+08                      11935251
      7      0         7.3400000000e+08                      11935253
      7      0         7.3450000000e+08                      11935257
      7      0         7.3550000000e+08                      11935259
      4      0         7.3600000000e+08                      12520951
      7      0         7.5600000000e+08                      12520953
      7      0         7.5750000000e+08                      12520957
      7      0         7.5950000000e+08                      12520959
      7      0         7.6050000000e+08                      12520963
      7      0         7.6150000000e+08                      12520965
     14      1         7.6200000000e+08                      12520968
      7      0         7.6250000000e+08                      12520969
      1      0         7.6350000000e+08                      12628616
     23      2         7.6850000000e+08                      12628617
      4      0         7.6900000000e+08                      14345433
      7      0         8.2900000000e+08                      14345435
      5      0         8.2950000000e+08                      14513978
      8      0         8.3650000000e+08                      14513982
      6      0         8.3700000000e+08                      14513984
      6      0         8.3750000000e+08                      14513986
      6      0         8.3800000000e+08                      14513988
      6      0         8.3900000000e+08                      14513990
      8      0         8.4250000000e+08                      14513992
      6      0         8.4400000000e+08                      14513994
      8      0         8.4550000000e+08                      14513996
      6      0         8.4600000000e+08                      14513998
     23      2         8.5000000000e+08                      14514001
      8      0         8.5050000000e+08                      14514004
      6      0         8.5150000000e+08                      14514010
     23      2         8.5250000000e+08                      14514011
      6      0         8.5300000000e+08                      14514012
     23      2         8.5350000000e+08                      14514015
      8      0         8.5400000000e+08                      14514018
      8      0         8.5450000000e+08                      14514020
      6      0         8.5500000000e+08                      14514022
      8      0         8.5700000000e+08                      14514024
      8      0         8.5850000000e+08                      14514026
      8      0         8.6000000000e+08                      14514030
      6      0         8.6100000000e+08                      14514032
      8      0         8.6150000000e+08                      14514034
      8      0         8.6250000000e+08                      14514036
     23      2         8.6550000000e+08                      14514037
      4      0         8.6600000000e+08                      15947976
     23      2         9.1700000000e+08                      15947977
      6      0         9.1750000000e+08                      15947980
      4      0         9.1800000000e+08                      17086722
      7      0         9.5750000000e+08                      17086724
     14      1         9.5850000000e+08                      17086725
      7      0         9.5900000000e+08                      17086728
      7      0         9.5950000000e+08                      17086730
      7      0         9.6000000000e+08                      17086732
      7      0         9.6050000000e+08                      17086736
      7      0         9.6100000000e+08                      17086740
      7      0         9.6150000000e+08                      17086742
      7      0         9.6200000000e+08                      17086748
      7      0         9.6250000000e+08                      17086750
      7      0         9.6300000000e+08                      17086752
      7      0         9.6350000000e+08                      17086754
      7      0         9.6400000000e+08                      17086758
      7      0         9.6450000000e+08                      17086760
      7      0         9.6550000000e+08                      17086762
      7      0         9.6600000000e+08                      17086766
      7      0         9.6650000000e+08                      17086768
      7      0         9.6700000000e+08                      17086770
      7      0         9.6750000000e+08                      17086776
      7      0         9.6850000000e+08                      17086778
      7      0         9.6950000000e+08                      17086786
      3      0         9.7200000000e+08                      19270901
