     17      2         0.0000000000e+00                             0
     17      2         5.0000000000e+05                         16738
     22      2         2.0000000000e+07                         16740
     24      2         2.1000000000e+07                         16742
     24      2         2.1500000000e+07                         16744
     24      2         2.2000000000e+07                         16746
     22      2         2.2500000000e+07                         16750
     22      2         2.3000000000e+07                         16754
     31      3         2.3500000000e+07                         16759
     22      2         2.4000000000e+07                         16762
     22      2         2.4500000000e+07                         16766
     24      2         2.5000000000e+07                         16768
     31      3         2.5500000000e+07                         16771
     31      3         2.6000000000e+07                         16773
     22      2         2.6500000000e+07                         16780
     24      2         2.8000000000e+07                         16782
     22      2         2.8500000000e+07                         16784
     24      2         2.9000000000e+07                         16786
     22      2         3.0000000000e+07                         16788
     22      2         3.0500000000e+07                         16792
     24      2         3.1000000000e+07                         16796
     24      2         3.1500000000e+07                         16800
     22      2         3.2500000000e+07                         16806
     24      2         3.3000000000e+07                         16810
     24      2         3.3500000000e+07                         16814
     22      2         3.4000000000e+07                         16820
     22      2         3.4500000000e+07                         16822
     31      3         3.5000000000e+07                         16823
     22      2         3.5500000000e+07                         16826
     22      2         3.6000000000e+07                         16828
     24      2         3.6500000000e+07                         16830
     24      2         3.7000000000e+07                         16836
     22      2         3.7500000000e+07                         16838
     31      3         3.8500000000e+07                         16841
     22      2         3.9000000000e+07                         16848
     24      2         3.9500000000e+07                         16850
     24      2         4.0000000000e+07                         16852
     22      2         4.1000000000e+07                         16856
     24      2         4.1500000000e+07                         16858
     24      2         4.2500000000e+07                         16862
     24      2         4.3000000000e+07                         16866
     31      3         4.3500000000e+07                         16869
     31      3         4.4000000000e+07                         16873
     24      2         4.4500000000e+07                         16876
     22      2         4.5000000000e+07                         16878
     31      3         4.5500000000e+07                         16881
     22      2         4.6000000000e+07                         16884
     31      3         4.6500000000e+07                         16887
     24      2         4.7000000000e+07                         16890
     31      3         4.7500000000e+07                         16891
     22      2         4.8000000000e+07                         16896
     22      2         4.9000000000e+07                         16898
     22      2         4.9500000000e+07                         16900
     22      2         5.0500000000e+07                         16904
     31      3         5.1000000000e+07                         16905
     22      2         5.1500000000e+07                         16908
     22      2         5.2500000000e+07                         16910
     24      2         5.3000000000e+07                         16914
     24      2         5.4000000000e+07                         16918
     22      2         5.4500000000e+07                         16920
     22      2         5.5500000000e+07                         16924
     22      2         5.6500000000e+07                         16928
     22      2         5.7000000000e+07                         16932
     22      2         5.7500000000e+07                         16934
     31      3         5.8000000000e+07                         16935
     24      2         5.8500000000e+07                         16938
     22      2         5.9000000000e+07                         16940
     22      2         5.9500000000e+07                         16942
     22      2         6.0000000000e+07                         16946
     22      2         6.0500000000e+07                         16948
     19      2         6.1000000000e+07                        387889
     31      3         5.0400000000e+08                        387894
     31      3         5.0450000000e+08                        387898
     22      2         5.0500000000e+08                        387905
     31      3         5.0550000000e+08                        387906
     22      2         5.0600000000e+08                        387913
     31      3         5.0650000000e+08                        387918
     24      2         5.0700000000e+08                        387921
     31      3         5.0750000000e+08                        387926
     22      2         5.0800000000e+08                        387929
     22      2         5.0850000000e+08                        387933
     24      2         5.0900000000e+08                        387939
     22      2         5.1000000000e+08                        387943
     24      2         5.1100000000e+08                        387947
     24      2         5.1150000000e+08                        387949
     31      3         5.1200000000e+08                        387954
     22      2         5.1250000000e+08                        387955
     31      3         5.1350000000e+08                        387958
     31      3         5.1400000000e+08                        387960
     31      3         5.1450000000e+08                        387964
     24      2         5.1500000000e+08                        387965
     24      2         5.1550000000e+08                        387967
     22      2         5.1600000000e+08                        387969
     22      2         5.1750000000e+08                        387971
     31      3         5.1800000000e+08                        387972
     22      2         5.1850000000e+08                        387975
     31      3         5.1900000000e+08                        387978
     24      2         5.1950000000e+08                        387983
     24      2         5.2000000000e+08                        387985
     22      2         5.2050000000e+08                        387989
     24      2         5.2100000000e+08                        387995
     22      2         5.2150000000e+08                        387999
     22      2         5.2200000000e+08                        388003
     24      2         5.2250000000e+08                        388005
     24      2         5.2300000000e+08                        388007
     31      3         5.2350000000e+08                        388008
     24      2         5.2400000000e+08                        388013
     24      2         5.2500000000e+08                        388015
     31      3         5.2550000000e+08                        388022
     24      2         5.2600000000e+08                        388025
     31      3         5.2650000000e+08                        388026
     22      2         5.2700000000e+08                        388031
     24      2         5.2750000000e+08                        388037
     31      3         5.2800000000e+08                        388042
     24      2         5.2850000000e+08                        388043
     31      3         5.2900000000e+08                        388050
     24      2         5.2950000000e+08                        388053
     31      3         5.3000000000e+08                        388058
     31      3         5.3050000000e+08                        388064
     24      2         5.3100000000e+08                        388065
     22      2         5.3200000000e+08                        388067
     22      2         5.3250000000e+08                        388069
     22      2         5.3300000000e+08                        388073
     22      2         5.3400000000e+08                        388075
     31      3         5.3450000000e+08                        388076
     22      2         5.3500000000e+08                        388077
     31      3         5.3550000000e+08                        388078
     31      3         5.3600000000e+08                        388084
     31      3         5.3650000000e+08                        388090
     24      2         5.3700000000e+08                        388091
     24      2         5.3750000000e+08                        388097
     22      2         5.3850000000e+08                        388103
     22      2         5.3900000000e+08                        388107
     24      2         5.4000000000e+08                        388109
     31      3         5.4100000000e+08                        388114
     22      2         5.4150000000e+08                        388117
     24      2         5.4250000000e+08                        388121
     24      2         5.4300000000e+08                        388125
     22      2         5.4350000000e+08                        388127
     22      2         5.4400000000e+08                        388133
     22      2         5.4450000000e+08                        388137
     31      3         5.4500000000e+08                        388140
     31      3         5.4550000000e+08                        388148
     22      2         5.4600000000e+08                        388149
     31      3         5.4650000000e+08                        388150
     24      2         5.4700000000e+08                        388153
     24      2         5.4750000000e+08                        388155
     24      2         5.4800000000e+08                        388157
     24      2         5.4850000000e+08                        388159
     24      2         5.4900000000e+08                        388165
     22      2         5.4950000000e+08                        388167
     22      2         5.5000000000e+08                        388171
     24      2         5.5050000000e+08                        388175
     22      2         5.5100000000e+08                        388179
     31      3         5.5150000000e+08                        388180
     24      2         5.5200000000e+08                        388181
     31      3         5.5300000000e+08                        388182
     22      2         5.5350000000e+08                        388183
     31      3         5.5400000000e+08                        388186
     22      2         5.5450000000e+08                        388189
     22      2         5.5500000000e+08                        388191
     24      2         5.5550000000e+08                        388195
     24      2         5.5600000000e+08                        388197
     24      2         5.5650000000e+08                        388201
     31      3         5.5700000000e+08                        388204
     31      3         5.5750000000e+08                        388208
     31      3         5.5800000000e+08                        388210
     24      2         5.5850000000e+08                        388211
     22      2         5.5900000000e+08                        388213
     24      2         5.5950000000e+08                        388217
     31      3         5.6000000000e+08                        388222
     22      2         5.6050000000e+08                        388223
     24      2         5.6100000000e+08                        388227
     22      2         5.6150000000e+08                        388231
     24      2         5.6200000000e+08                        388235
     31      3         5.6250000000e+08                        388238
     24      2         5.6300000000e+08                        388239
     24      2         5.6350000000e+08                        388241
     31      3         5.6400000000e+08                        388242
     22      2         5.6450000000e+08                        388249
     22      2         5.6550000000e+08                        388255
     31      3         5.6600000000e+08                        388260
     22      2         5.6650000000e+08                        388263
     31      3         5.6700000000e+08                        388266
     24      2         5.6750000000e+08                        388269
     31      3         5.6800000000e+08                        388272
     22      2         5.6850000000e+08                        388275
     24      2         5.6950000000e+08                        388281
     24      2         5.7050000000e+08                        388291
     24      2         5.7150000000e+08                        388295
     31      3         5.7200000000e+08                        388298
     24      2         5.7250000000e+08                        388301
     24      2         5.7350000000e+08                        388307
     31      3         5.7400000000e+08                        388308
     22      2         5.7450000000e+08                        388309
     24      2         5.7500000000e+08                        388311
     31      3         5.7550000000e+08                        388314
     22      2         5.7600000000e+08                        388315
     22      2         5.7650000000e+08                        388317
     31      3         5.7800000000e+08                        388320
     24      2         5.7850000000e+08                        388321
     31      3         5.7950000000e+08                        388322
     22      2         5.8000000000e+08                        388323
     31      3         5.8050000000e+08                        388326
     24      2         5.8100000000e+08                        388331
     22      2         5.8150000000e+08                        388333
     31      3         5.8200000000e+08                        388338
     22      2         5.8250000000e+08                        388341
     24      2         5.8350000000e+08                        388343
     22      2         5.8400000000e+08                        388345
     22      2         5.8500000000e+08                        388349
     22      2         5.8550000000e+08                        388351
     31      3         5.8600000000e+08                        388354
     24      2         5.8650000000e+08                        388357
     24      2         5.8750000000e+08                        388361
     22      2         5.8850000000e+08                        388363
     22      2         5.8900000000e+08                        388365
     22      2         5.9000000000e+08                        388367
     22      2         5.9100000000e+08                        388369
     24      2         5.9200000000e+08                        388375
     22      2         5.9300000000e+08                        388379
     24      2         5.9350000000e+08                        388383
     24      2         5.9400000000e+08                        388385
     22      2         5.9450000000e+08                        388389
     31      3         5.9500000000e+08                        388394
     31      3         5.9550000000e+08                        388396
     22      2         5.9600000000e+08                        388397
     24      2         5.9650000000e+08                        388401
     24      2         5.9700000000e+08                        388405
     31      3         5.9750000000e+08                        388410
     24      2         5.9800000000e+08                        388411
     22      2         5.9850000000e+08                        388417
     24      2         5.9950000000e+08                        388419
     22      2         6.0000000000e+08                        388421
     31      3         6.0050000000e+08                        388430
     24      2         6.0100000000e+08                        388439
     22      2         6.0150000000e+08                        388441
     24      2         6.0200000000e+08                        388443
     22      2         6.0250000000e+08                        388445
     31      3         6.0300000000e+08                        388446
     24      2         6.0350000000e+08                        388449
     24      2         6.0400000000e+08                        388451
     24      2         6.0450000000e+08                        388457
     22      2         6.0500000000e+08                        388461
     22      2         6.0550000000e+08                        388465
     22      2         6.0600000000e+08                        388467
     22      2         6.0700000000e+08                        388473
     24      2         6.0750000000e+08                        388475
     24      2         6.0800000000e+08                        388479
     22      2         6.0850000000e+08                        388483
     24      2         6.0950000000e+08                        388487
     31      3         6.1050000000e+08                        388490
     31      3         6.1100000000e+08                        388492
     22      2         6.1150000000e+08                        388493
     22      2         6.1200000000e+08                        388497
     31      3         6.1250000000e+08                        388500
     22      2         6.1300000000e+08                        388501
     31      3         6.1350000000e+08                        388502
     24      2         6.1400000000e+08                        388505
     22      2         6.1550000000e+08                        388507
     31      3         6.1600000000e+08                        388510
     24      2         6.1650000000e+08                        388515
     31      3         6.1700000000e+08                        388518
     22      2         6.1750000000e+08                        388525
     24      2         6.1800000000e+08                        388527
     22      2         6.1850000000e+08                        388529
     22      2         6.1950000000e+08                        388531
     22      2         6.2000000000e+08                        388533
     22      2         6.2050000000e+08                        388537
     24      2         6.2100000000e+08                        388539
     24      2         6.2250000000e+08                        388541
     31      3         6.2450000000e+08                        388542
     31      3         6.2500000000e+08                        388550
     31      3         6.2550000000e+08                        388554
     31      3         6.2600000000e+08                        388560
     22      2         6.2650000000e+08                        388565
     22      2         6.2700000000e+08                        388569
     22      2         6.2850000000e+08                        388573
     22      2         6.2900000000e+08                        388577
     31      3         6.2950000000e+08                        388578
     31      3         6.3000000000e+08                        388580
     31      3         6.3050000000e+08                        388584
     22      2         6.3100000000e+08                        388589
     31      3         6.3150000000e+08                        388594
     24      2         6.3200000000e+08                        388597
     22      2         6.3250000000e+08                        388599
     24      2         6.3350000000e+08                        388601
     22      2         6.3500000000e+08                        388607
     24      2         6.3550000000e+08                        388611
     24      2         6.3650000000e+08                        388615
     24      2         6.3800000000e+08                        388619
     22      2         6.3900000000e+08                        388627
     24      2         6.3950000000e+08                        388629
     31      3         6.4050000000e+08                        388634
     24      2         6.4100000000e+08                        388635
     24      2         6.4150000000e+08                        388639
     22      2         6.4300000000e+08                        388641
     22      2         6.4350000000e+08                        388647
     24      2         6.4400000000e+08                        388653
     22      2         6.4450000000e+08                        388661
     24      2         6.4500000000e+08                        388665
     31      3         6.4550000000e+08                        388668
     24      2         6.4600000000e+08                        388669
     22      2         6.4650000000e+08                        388671
     31      3         6.4700000000e+08                        388674
     22      2         6.4750000000e+08                        388675
     24      2         6.4800000000e+08                        388679
     24      2         6.4850000000e+08                        388683
     24      2         6.4900000000e+08                        388685
     24      2         6.4950000000e+08                        388687
     24      2         6.5000000000e+08                        388689
     24      2         6.5100000000e+08                        388691
     24      2         6.5250000000e+08                        388699
     24      2         6.5300000000e+08                        388703
     24      2         6.5350000000e+08                        388707
     22      2         6.5400000000e+08                        388713
     22      2         6.5450000000e+08                        388715
     22      2         6.5500000000e+08                        388717
     31      3         6.5550000000e+08                        388722
     31      3         6.5600000000e+08                        388724
     24      2         6.5650000000e+08                        388729
     24      2         6.5700000000e+08                        388731
     24      2         6.5750000000e+08                        388733
     24      2         6.5800000000e+08                        388735
     24      2         6.6000000000e+08                        388739
     22      2         6.6050000000e+08                        388743
     24      2         6.6100000000e+08                        388747
     31      3         6.6150000000e+08                        388748
     22      2         6.6200000000e+08                        388751
     24      2         6.6250000000e+08                        388755
     22      2         6.6300000000e+08                        388759
     22      2         6.6350000000e+08                        388761
     22      2         6.6400000000e+08                        388763
     24      2         6.6450000000e+08                        388767
     22      2         6.6500000000e+08                        388771
     22      2         6.6550000000e+08                        388775
     24      2         6.6600000000e+08                        388779
     24      2         6.6650000000e+08                        388783
     31      3         6.6700000000e+08                        388786
     24      2         6.6750000000e+08                        388791
     31      3         6.6850000000e+08                        388796
     31      3         6.6900000000e+08                        388798
     24      2         6.6950000000e+08                        388801
     24      2         6.7000000000e+08                        388807
     22      2         6.7100000000e+08                        388809
     22      2         6.7150000000e+08                        388811
     22      2         6.7250000000e+08                        388813
     22      2         6.7300000000e+08                        388819
     22      2         6.7400000000e+08                        388821
     24      2         6.7450000000e+08                        388823
     22      2         6.7500000000e+08                        388827
     31      3         6.7650000000e+08                        388830
     22      2         6.7700000000e+08                        388835
     22      2         6.7750000000e+08                        388837
     22      2         6.7800000000e+08                        388839
     24      2         6.7850000000e+08                        388841
     24      2         6.7900000000e+08                        388843
     31      3         6.8000000000e+08                        388846
     31      3         6.8050000000e+08                        388848
     24      2         6.8100000000e+08                        388853
     22      2         6.8150000000e+08                        388855
     22      2         6.8200000000e+08                        388857
     24      2         6.8350000000e+08                        388859
     24      2         6.8400000000e+08                        388861
     31      3         6.8450000000e+08                        388866
     31      3         6.8500000000e+08                        388870
     24      2         6.8550000000e+08                        388875
     31      3         6.8600000000e+08                        388880
     22      2         6.8650000000e+08                        388883
     31      3         6.8700000000e+08                        388886
     24      2         6.8750000000e+08                        388891
     22      2         6.8800000000e+08                        388895
     31      3         6.8850000000e+08                        388898
     31      3         6.8900000000e+08                        388900
     24      2         6.9000000000e+08                        388901
     31      3         6.9050000000e+08                        388902
     22      2         6.9100000000e+08                        388909
     22      2         6.9150000000e+08                        388913
     24      2         6.9200000000e+08                        388921
     22      2         6.9250000000e+08                        388925
     24      2         6.9300000000e+08                        388927
     22      2         6.9350000000e+08                        388933
     22      2         6.9400000000e+08                        388935
     24      2         6.9500000000e+08                        388941
     22      2         6.9550000000e+08                        388943
     24      2         6.9650000000e+08                        388947
     24      2         6.9700000000e+08                        388949
     22      2         6.9750000000e+08                        388951
     31      3         6.9800000000e+08                        388952
     31      3         6.9850000000e+08                        388958
     24      2         6.9900000000e+08                        388961
     22      2         6.9950000000e+08                        388963
     22      2         7.0000000000e+08                        388965
     22      2         7.0150000000e+08                        388967
     31      3         7.0200000000e+08                        388972
     31      3         7.0250000000e+08                        388976
     24      2         7.0300000000e+08                        388977
     22      2         7.0350000000e+08                        388985
     31      3         7.0400000000e+08                        388988
     24      2         7.0450000000e+08                        388989
     22      2         7.0500000000e+08                        388991
     31      3         7.0550000000e+08                        388994
     22      2         7.0600000000e+08                        388997
     31      3         7.0650000000e+08                        388998
     22      2         7.0700000000e+08                        389005
     22      2         7.0750000000e+08                        389013
     22      2         7.0800000000e+08                        389015
     22      2         7.0850000000e+08                        389021
     24      2         7.0950000000e+08                        389023
     22      2         7.1000000000e+08                        389027
     24      2         7.1050000000e+08                        389033
     24      2         7.1100000000e+08                        389037
     31      3         7.1150000000e+08                        389040
     31      3         7.1200000000e+08                        389044
     31      3         7.1250000000e+08                        389050
     31      3         7.1300000000e+08                        389054
     24      2         7.1350000000e+08                        389059
     22      2         7.1450000000e+08                        389061
     24      2         7.1500000000e+08                        389065
     31      3         7.1600000000e+08                        389072
     31      3         7.1650000000e+08                        389078
     22      2         7.1700000000e+08                        389083
     24      2         7.1750000000e+08                        389089
     24      2         7.1850000000e+08                        389093
     24      2         7.1900000000e+08                        389095
     22      2         7.1950000000e+08                        389097
     31      3         7.2000000000e+08                        389102
     24      2         7.2050000000e+08                        389105
     22      2         7.2100000000e+08                        389107
     22      2         7.2150000000e+08                        389111
     31      3         7.2200000000e+08                        389114
     24      2         7.2250000000e+08                        389117
     24      2         7.2300000000e+08                        389121
     22      2         7.2350000000e+08                        389123
     31      3         7.2400000000e+08                        389124
     22      2         7.2450000000e+08                        389125
     24      2         7.2650000000e+08                        389131
     22      2         7.2750000000e+08                        389133
     22      2         7.2800000000e+08                        389137
     24      2         7.2850000000e+08                        389139
     24      2         7.2900000000e+08                        389143
     31      3         7.2950000000e+08                        389148
     31      3         7.3050000000e+08                        389154
     24      2         7.3100000000e+08                        389159
     24      2         7.3150000000e+08                        389165
     24      2         7.3200000000e+08                        389169
     24      2         7.3250000000e+08                        389173
     22      2         7.3300000000e+08                        389179
     22      2         7.3350000000e+08                        389181
     31      3         7.3400000000e+08                        389182
     24      2         7.3450000000e+08                        389185
     24      2         7.3500000000e+08                        389189
     22      2         7.3600000000e+08                        389193
     31      3         7.3700000000e+08                        389194
     24      2         7.3750000000e+08                        389197
     22      2         7.3800000000e+08                        389199
     22      2         7.3850000000e+08                        389201
     31      3         7.3900000000e+08                        389204
     22      2         7.3950000000e+08                        389209
     22      2         7.4050000000e+08                        389211
     31      3         7.4100000000e+08                        389214
     22      2         7.4150000000e+08                        389219
     22      2         7.4200000000e+08                        389221
     31      3         7.4250000000e+08                        389222
     24      2         7.4300000000e+08                        389225
     24      2         7.4450000000e+08                        389227
     24      2         7.4500000000e+08                        389229
     22      2         7.4550000000e+08                        389233
     22      2         7.4600000000e+08                        389239
     24      2         7.4650000000e+08                        389241
     22      2         7.4700000000e+08                        389245
     22      2         7.4750000000e+08                        389247
     24      2         7.4800000000e+08                        389253
     31      3         7.4850000000e+08                        389258
     24      2         7.4900000000e+08                        389263
     24      2         7.4950000000e+08                        389267
     22      2         7.5000000000e+08                        389269
     31      3         7.5100000000e+08                        389270
     31      3         7.5150000000e+08                        389274
     31      3         7.5200000000e+08                        389278
     22      2         7.5250000000e+08                        389283
     31      3         7.5300000000e+08                        389284
     22      2         7.5350000000e+08                        389289
     24      2         7.5400000000e+08                        389295
     24      2         7.5450000000e+08                        389299
     31      3         7.5500000000e+08                        389302
     31      3         7.5550000000e+08                        389306
     24      2         7.5600000000e+08                        389309
     24      2         7.5650000000e+08                        389311
     24      2         7.5700000000e+08                        389313
     22      2         7.5800000000e+08                        389315
     24      2         7.5850000000e+08                        389319
     22      2         7.5900000000e+08                        389323
     31      3         7.5950000000e+08                        389330
     31      3         7.6000000000e+08                        389334
     22      2         7.6050000000e+08                        389341
     22      2         7.6100000000e+08                        389345
     24      2         7.6150000000e+08                        389347
     22      2         7.6200000000e+08                        389349
     24      2         7.6250000000e+08                        389351
     24      2         7.6300000000e+08                        389353
     31      3         7.6350000000e+08                        389356
     31      3         7.6400000000e+08                        389360
     24      2         7.6450000000e+08                        389363
     22      2         7.6500000000e+08                        389369
     24      2         7.6550000000e+08                        389371
     24      2         7.6600000000e+08                        389375
     22      2         7.6650000000e+08                        389377
     31      3         7.6700000000e+08                        389382
     31      3         7.6750000000e+08                        389386
     31      3         7.6800000000e+08                        389390
     24      2         7.6850000000e+08                        389393
     22      2         7.6900000000e+08                        389399
     24      2         7.6950000000e+08                        389401
     22      2         7.7000000000e+08                        389405
     24      2         7.7050000000e+08                        389411
     22      2         7.7100000000e+08                        389415
     24      2         7.7150000000e+08                        389419
     22      2         7.7200000000e+08                        389421
     31      3         7.7250000000e+08                        389424
     24      2         7.7300000000e+08                        389427
     22      2         7.7350000000e+08                        389435
     31      3         7.7400000000e+08                        389436
     24      2         7.7450000000e+08                        389443
     24      2         7.7600000000e+08                        389447
     31      3         7.7650000000e+08                        389450
     24      2         7.7700000000e+08                        389451
     24      2         7.7750000000e+08                        389455
     24      2         7.7800000000e+08                        389457
     24      2         7.7900000000e+08                        389459
     22      2         7.7950000000e+08                        389463
     24      2         7.8000000000e+08                        389467
     22      2         7.8050000000e+08                        389469
     22      2         7.8100000000e+08                        389475
     31      3         7.8150000000e+08                        389476
     22      2         7.8200000000e+08                        389479
     31      3         7.8250000000e+08                        389482
     31      3         7.8300000000e+08                        389486
     22      2         7.8350000000e+08                        389487
     24      2         7.8400000000e+08                        389491
     22      2         7.8450000000e+08                        389493
     22      2         7.8500000000e+08                        389495
     22      2         7.8550000000e+08                        389503
     31      3         7.8600000000e+08                        389510
     31      3         7.8650000000e+08                        389512
     24      2         7.8700000000e+08                        389515
     24      2         7.8800000000e+08                        389525
     24      2         7.8850000000e+08                        389529
     22      2         7.8900000000e+08                        389531
     24      2         7.8950000000e+08                        389535
     24      2         7.9050000000e+08                        389537
     22      2         7.9150000000e+08                        389543
     31      3         7.9200000000e+08                        389548
     24      2         7.9250000000e+08                        389551
     24      2         7.9300000000e+08                        389557
     22      2         7.9350000000e+08                        389559
     24      2         7.9400000000e+08                        389563
     24      2         7.9450000000e+08                        389565
     24      2         7.9500000000e+08                        389569
     24      2         7.9550000000e+08                        389571
     22      2         7.9600000000e+08                        389577
     31      3         7.9650000000e+08                        389578
     31      3         7.9700000000e+08                        389584
     24      2         7.9750000000e+08                        389585
     31      3         7.9800000000e+08                        389592
     31      3         7.9850000000e+08                        389598
     22      2         7.9900000000e+08                        389599
     24      2         7.9950000000e+08                        389601
     24      2         8.0000000000e+08                        389603
     31      3         8.0050000000e+08                        389608
     31      3         8.0100000000e+08                        389614
     22      2         8.0150000000e+08                        389617
     22      2         8.0300000000e+08                        389621
     24      2         8.0400000000e+08                        389623
     22      2         8.0500000000e+08                        389627
     24      2         8.0550000000e+08                        389629
     22      2         8.0600000000e+08                        389635
     31      3         8.0650000000e+08                        389636
     22      2         8.0700000000e+08                        389639
     22      2         8.0800000000e+08                        389643
     24      2         8.0850000000e+08                        389645
     22      2         8.0900000000e+08                        389649
     22      2         8.0950000000e+08                        389651
     31      3         8.1000000000e+08                        389654
     31      3         8.1100000000e+08                        389658
     22      2         8.1150000000e+08                        389661
     22      2         8.1200000000e+08                        389665
     31      3         8.1250000000e+08                        389668
     24      2         8.1300000000e+08                        389671
     22      2         8.1350000000e+08                        389677
     31      3         8.1400000000e+08                        389678
     31      3         8.1450000000e+08                        389680
     24      2         8.1500000000e+08                        389687
     22      2         8.1550000000e+08                        389689
     31      3         8.1600000000e+08                        389692
     22      2         8.1650000000e+08                        389693
     31      3         8.1700000000e+08                        389696
     24      2         8.1750000000e+08                        389697
     24      2         8.1800000000e+08                        389699
     24      2         8.1850000000e+08                        389703
     31      3         8.1900000000e+08                        389706
     31      3         8.1950000000e+08                        389712
     24      2         8.2000000000e+08                        389715
     31      3         8.2050000000e+08                        389718
     31      3         8.2100000000e+08                        389724
     18      2         8.2150000000e+08                        576327
