     29      3         0.0000000000e+00                             0
     29      3         5.0000000000e+05                        636600
     24      2         5.9850000000e+08                        636601
     31      3         5.9900000000e+08                        636602
     31      3         5.9950000000e+08                        636610
     31      3         6.0000000000e+08                        636614
     22      2         6.0050000000e+08                        636615
     22      2         6.0150000000e+08                        636617
     22      2         6.0200000000e+08                        636619
     22      2         6.0300000000e+08                        636621
     22      2         6.0400000000e+08                        636623
     31      3         6.0450000000e+08                        636624
     24      2         6.0500000000e+08                        636625
     31      3         6.0600000000e+08                        636626
     22      2         6.0650000000e+08                        636631
     24      2         6.0700000000e+08                        636633
     22      2         6.0750000000e+08                        636637
     24      2         6.0800000000e+08                        636639
     24      2         6.0900000000e+08                        636641
     24      2         6.0950000000e+08                        636647
     22      2         6.1050000000e+08                        636649
     31      3         6.1100000000e+08                        636652
     24      2         6.1150000000e+08                        636655
     22      2         6.1200000000e+08                        636657
     31      3         6.1250000000e+08                        636660
     24      2         6.1300000000e+08                        636661
     24      2         6.1350000000e+08                        636665
     22      2         6.1400000000e+08                        636671
     22      2         6.1550000000e+08                        636675
     22      2         6.1600000000e+08                        636677
     24      2         6.1650000000e+08                        636679
     24      2         6.1700000000e+08                        636681
     22      2         6.1750000000e+08                        636685
     24      2         6.1800000000e+08                        636689
     31      3         6.1850000000e+08                        636692
     24      2         6.1900000000e+08                        636693
     24      2         6.1950000000e+08                        636699
     31      3         6.2050000000e+08                        636702
     24      2         6.2100000000e+08                        636705
     24      2         6.2150000000e+08                        636711
     24      2         6.2200000000e+08                        636713
     24      2         6.2250000000e+08                        636715
     22      2         6.2300000000e+08                        636719
     22      2         6.2350000000e+08                        636721
     31      3         6.2450000000e+08                        636724
     31      3         6.2500000000e+08                        636726
     24      2         6.2550000000e+08                        636729
     22      2         6.2600000000e+08                        636731
     24      2         6.2650000000e+08                        636733
     22      2         6.2700000000e+08                        636737
     22      2         6.2800000000e+08                        636739
     22      2         6.2850000000e+08                        636741
     31      3         6.2900000000e+08                        636744
     24      2         6.2950000000e+08                        636749
     31      3         6.3000000000e+08                        636750
     24      2         6.3050000000e+08                        636753
     31      3         6.3100000000e+08                        636754
     22      2         6.3150000000e+08                        636755
     24      2         6.3200000000e+08                        636761
     31      3         6.3250000000e+08                        636762
     22      2         6.3300000000e+08                        636767
     22      2         6.3400000000e+08                        636773
     31      3         6.3450000000e+08                        636776
     22      2         6.3500000000e+08                        636781
     24      2         6.3550000000e+08                        636785
     22      2         6.3600000000e+08                        636789
     24      2         6.3650000000e+08                        636793
     31      3         6.3700000000e+08                        636794
     22      2         6.3750000000e+08                        636797
     22      2         6.3800000000e+08                        636799
     22      2         6.3850000000e+08                        636803
     24      2         6.3950000000e+08                        636805
     22      2         6.4000000000e+08                        636809
     24      2         6.4050000000e+08                        636813
     22      2         6.4200000000e+08                        636815
     31      3         6.4250000000e+08                        636820
     31      3         6.4300000000e+08                        636824
     24      2         6.4350000000e+08                        636829
     31      3         6.4400000000e+08                        636830
     31      3         6.4450000000e+08                        636832
     22      2         6.4500000000e+08                        636833
     22      2         6.4550000000e+08                        636835
     31      3         6.4700000000e+08                        636838
     24      2         6.4750000000e+08                        636839
     22      2         6.4800000000e+08                        636843
     24      2         6.4950000000e+08                        636847
     31      3         6.5050000000e+08                        636856
     22      2         6.5100000000e+08                        636857
     22      2         6.5200000000e+08                        636861
     22      2         6.5250000000e+08                        636865
     31      3         6.5300000000e+08                        636866
     31      3         6.5350000000e+08                        636870
     22      2         6.5400000000e+08                        636873
     22      2         6.5500000000e+08                        636875
     31      3         6.5550000000e+08                        636878
     24      2         6.5600000000e+08                        636883
     24      2         6.5650000000e+08                        636887
     31      3         6.5700000000e+08                        636892
     22      2         6.5750000000e+08                        636893
     22      2         6.5850000000e+08                        636895
     22      2         6.5950000000e+08                        636903
     22      2         6.6000000000e+08                        636905
     22      2         6.6050000000e+08                        636907
     22      2         6.6100000000e+08                        636909
     22      2         6.6150000000e+08                        636913
     22      2         6.6200000000e+08                        636917
     22      2         6.6250000000e+08                        636923
     31      3         6.6300000000e+08                        636926
     22      2         6.6350000000e+08                        636929
     22      2         6.6400000000e+08                        636931
     22      2         6.6450000000e+08                        636935
     24      2         6.6500000000e+08                        636937
     22      2         6.6550000000e+08                        636941
     22      2         6.6600000000e+08                        636943
     24      2         6.6650000000e+08                        636947
     24      2         6.6700000000e+08                        636949
     22      2         6.6750000000e+08                        636951
     24      2         6.6800000000e+08                        636953
     22      2         6.6850000000e+08                        636955
     22      2         6.6900000000e+08                        636957
     24      2         6.6950000000e+08                        636959
     31      3         6.7000000000e+08                        636962
     31      3         6.7050000000e+08                        636968
     24      2         6.7100000000e+08                        636971
     24      2         6.7150000000e+08                        636973
     22      2         6.7250000000e+08                        636975
     31      3         6.7300000000e+08                        636978
     31      3         6.7350000000e+08                        636982
     31      3         6.7400000000e+08                        636986
     22      2         6.7450000000e+08                        636991
     22      2         6.7550000000e+08                        636995
     22      2         6.7600000000e+08                        636997
     22      2         6.7650000000e+08                        636999
     22      2         6.7800000000e+08                        637001
     31      3         6.7850000000e+08                        637002
     24      2         6.7900000000e+08                        637003
     24      2         6.7950000000e+08                        637005
     22      2         6.8050000000e+08                        637011
     31      3         6.8100000000e+08                        637018
     22      2         6.8150000000e+08                        637021
     24      2         6.8200000000e+08                        637025
     22      2         6.8250000000e+08                        637027
     22      2         6.8300000000e+08                        637031
     22      2         6.8350000000e+08                        637035
     22      2         6.8400000000e+08                        637039
     24      2         6.8450000000e+08                        637041
     24      2         6.8500000000e+08                        637043
     24      2         6.8550000000e+08                        637045
     22      2         6.8600000000e+08                        637049
     22      2         6.8650000000e+08                        637053
     31      3         6.8700000000e+08                        637056
     24      2         6.8750000000e+08                        637059
     22      2         6.8850000000e+08                        637061
     24      2         6.8900000000e+08                        637065
     22      2         6.9000000000e+08                        637069
     24      2         6.9050000000e+08                        637073
     22      2         6.9150000000e+08                        637077
     22      2         6.9200000000e+08                        637079
     22      2         6.9250000000e+08                        637081
     24      2         6.9300000000e+08                        637085
     22      2         6.9350000000e+08                        637087
     24      2         6.9550000000e+08                        637091
     22      2         6.9600000000e+08                        637095
     24      2         6.9650000000e+08                        637097
     22      2         6.9700000000e+08                        637099
     24      2         6.9750000000e+08                        637101
     31      3         6.9850000000e+08                        637104
     31      3         6.9900000000e+08                        637108
     22      2         6.9950000000e+08                        637113
     24      2         7.0000000000e+08                        637115
     24      2         7.0050000000e+08                        637119
     24      2         7.0100000000e+08                        637121
     22      2         7.0150000000e+08                        637123
     24      2         7.0200000000e+08                        637125
     22      2         7.0250000000e+08                        637129
     31      3         7.0300000000e+08                        637134
     31      3         7.0350000000e+08                        637136
     31      3         7.0400000000e+08                        637138
     31      3         7.0450000000e+08                        637144
     31      3         7.0500000000e+08                        637146
     24      2         7.0550000000e+08                        637149
     31      3         7.0600000000e+08                        637152
     24      2         7.0650000000e+08                        637153
     31      3         7.0750000000e+08                        637154
     31      3         7.0800000000e+08                        637158
     24      2         7.0850000000e+08                        637159
     22      2         7.0900000000e+08                        637161
     24      2         7.1050000000e+08                        637165
     22      2         7.1100000000e+08                        637171
     24      2         7.1150000000e+08                        637173
     24      2         7.1200000000e+08                        637175
     31      3         7.1250000000e+08                        637176
     31      3         7.1300000000e+08                        637186
     22      2         7.1350000000e+08                        637191
     24      2         7.1450000000e+08                        637197
     22      2         7.1500000000e+08                        637203
     22      2         7.1600000000e+08                        637207
     24      2         7.1650000000e+08                        637209
     31      3         7.1700000000e+08                        637214
     22      2         7.1750000000e+08                        637217
     24      2         7.1800000000e+08                        637223
     24      2         7.1850000000e+08                        637227
     31      3         7.1900000000e+08                        637228
     22      2         7.1950000000e+08                        637231
     24      2         7.2000000000e+08                        637237
     22      2         7.2100000000e+08                        637241
     22      2         7.2150000000e+08                        637245
     31      3         7.2200000000e+08                        637248
     24      2         7.2250000000e+08                        637255
     22      2         7.2350000000e+08                        637261
     24      2         7.2450000000e+08                        637263
     24      2         7.2500000000e+08                        637265
     22      2         7.2550000000e+08                        637267
     22      2         7.2600000000e+08                        637271
     31      3         7.2650000000e+08                        637276
     31      3         7.2700000000e+08                        637278
     31      3         7.2750000000e+08                        637282
     22      2         7.2800000000e+08                        637283
     31      3         7.3000000000e+08                        637284
     31      3         7.3050000000e+08                        637286
     22      2         7.3100000000e+08                        637289
     22      2         7.3150000000e+08                        637293
     22      2         7.3200000000e+08                        637297
     24      2         7.3300000000e+08                        637303
     24      2         7.3350000000e+08                        637305
     31      3         7.3400000000e+08                        637312
     22      2         7.3450000000e+08                        637315
     31      3         7.3550000000e+08                        637318
     24      2         7.3600000000e+08                        637319
     31      3         7.3650000000e+08                        637322
     31      3         7.3700000000e+08                        637326
     24      2         7.3750000000e+08                        637331
     24      2         7.3800000000e+08                        637335
     24      2         7.3850000000e+08                        637339
     31      3         7.3950000000e+08                        637342
     22      2         7.4000000000e+08                        637347
     24      2         7.4050000000e+08                        637349
     24      2         7.4200000000e+08                        637353
     31      3         7.4300000000e+08                        637356
     24      2         7.4350000000e+08                        637359
     22      2         7.4400000000e+08                        637365
     31      3         7.4450000000e+08                        637368
     24      2         7.4500000000e+08                        637373
     22      2         7.4550000000e+08                        637377
     22      2         7.4600000000e+08                        637379
     31      3         7.4700000000e+08                        637380
     22      2         7.4750000000e+08                        637383
     24      2         7.4800000000e+08                        637385
     22      2         7.4850000000e+08                        637387
     31      3         7.4900000000e+08                        637390
     24      2         7.4950000000e+08                        637391
     22      2         7.5000000000e+08                        637397
     22      2         7.5050000000e+08                        637399
     22      2         7.5100000000e+08                        637401
     24      2         7.5150000000e+08                        637403
     24      2         7.5200000000e+08                        637409
     22      2         7.5250000000e+08                        637415
     31      3         7.5300000000e+08                        637418
     31      3         7.5350000000e+08                        637422
     24      2         7.5400000000e+08                        637423
     22      2         7.5450000000e+08                        637425
     24      2         7.5500000000e+08                        637427
     24      2         7.5550000000e+08                        637433
     22      2         7.5600000000e+08                        637435
     24      2         7.5650000000e+08                        637437
     31      3         7.5750000000e+08                        637440
     31      3         7.5800000000e+08                        637442
     24      2         7.5850000000e+08                        637443
     31      3         7.5900000000e+08                        637448
     22      2         7.5950000000e+08                        637453
     24      2         7.6000000000e+08                        637455
     22      2         7.6100000000e+08                        637461
     24      2         7.6150000000e+08                        637465
     31      3         7.6200000000e+08                        637466
     22      2         7.6250000000e+08                        637471
     24      2         7.6300000000e+08                        637473
     22      2         7.6350000000e+08                        637475
     22      2         7.6400000000e+08                        637479
     24      2         7.6450000000e+08                        637483
     31      3         7.6500000000e+08                        637484
     24      2         7.6550000000e+08                        637485
     22      2         7.6600000000e+08                        637487
     22      2         7.6650000000e+08                        637489
     31      3         7.6700000000e+08                        637490
     31      3         7.6750000000e+08                        637494
     22      2         7.6800000000e+08                        637497
     31      3         7.6850000000e+08                        637502
     31      3         7.6900000000e+08                        637506
     22      2         7.6950000000e+08                        637509
     22      2         7.7050000000e+08                        637513
     31      3         7.7100000000e+08                        637518
     24      2         7.7150000000e+08                        637521
     31      3         7.7200000000e+08                        637522
     24      2         7.7250000000e+08                        637525
     22      2         7.7300000000e+08                        637527
     24      2         7.7350000000e+08                        637531
     24      2         7.7400000000e+08                        637533
     22      2         7.7450000000e+08                        637537
     24      2         7.7500000000e+08                        637543
     24      2         7.7550000000e+08                        637547
     22      2         7.7600000000e+08                        637549
     31      3         7.7650000000e+08                        637550
     24      2         7.7700000000e+08                        637555
     24      2         7.7750000000e+08                        637559
     22      2         7.7800000000e+08                        637561
     24      2         7.7900000000e+08                        637565
     24      2         7.7950000000e+08                        637569
     22      2         7.8000000000e+08                        637573
     31      3         7.8050000000e+08                        637576
     22      2         7.8100000000e+08                        637579
     22      2         7.8150000000e+08                        637581
     31      3         7.8200000000e+08                        637584
     22      2         7.8250000000e+08                        637585
     22      2         7.8300000000e+08                        637589
     22      2         7.8400000000e+08                        637593
     24      2         7.8450000000e+08                        637595
     31      3         7.8500000000e+08                        637600
     22      2         7.8550000000e+08                        637603
     24      2         7.8600000000e+08                        637607
     22      2         7.8650000000e+08                        637611
     31      3         7.8750000000e+08                        637614
     24      2         7.8800000000e+08                        637617
     24      2         7.8850000000e+08                        637621
     22      2         7.8900000000e+08                        637625
     24      2         7.9000000000e+08                        637629
     24      2         7.9050000000e+08                        637633
     22      2         7.9100000000e+08                        637637
     24      2         7.9150000000e+08                        637639
     22      2         7.9200000000e+08                        637641
     24      2         7.9250000000e+08                        637645
     22      2         7.9400000000e+08                        637649
     24      2         7.9450000000e+08                        637657
     24      2         7.9500000000e+08                        637665
     31      3         7.9550000000e+08                        637670
     31      3         7.9600000000e+08                        637674
     22      2         7.9650000000e+08                        637675
     31      3         7.9700000000e+08                        637678
     24      2         7.9750000000e+08                        637679
     31      3         7.9800000000e+08                        637680
     24      2         7.9850000000e+08                        637681
     24      2         7.9900000000e+08                        637685
     22      2         7.9950000000e+08                        637689
     31      3         8.0050000000e+08                        637692
     24      2         8.0100000000e+08                        637693
     24      2         8.0200000000e+08                        637699
     31      3         8.0350000000e+08                        637702
     24      2         8.0400000000e+08                        637705
     22      2         8.0450000000e+08                        637707
     22      2         8.0500000000e+08                        637709
     31      3         8.0550000000e+08                        637710
     24      2         8.0600000000e+08                        637715
     22      2         8.0650000000e+08                        637717
     24      2         8.0700000000e+08                        637721
     22      2         8.0750000000e+08                        637723
     31      3         8.0800000000e+08                        637724
     31      3         8.0850000000e+08                        637730
     24      2         8.0900000000e+08                        637741
     22      2         8.0950000000e+08                        637747
     24      2         8.1100000000e+08                        637749
     31      3         8.1150000000e+08                        637754
     22      2         8.1200000000e+08                        637759
     31      3         8.1250000000e+08                        637762
     31      3         8.1300000000e+08                        637764
     19      2         8.1350000000e+08                        791007
     22      2         9.9550000000e+08                        791009
     31      3         9.9600000000e+08                        791012
     22      2         9.9650000000e+08                        791017
     24      2         9.9700000000e+08                        791023
     22      2         9.9750000000e+08                        791025
     24      2         9.9800000000e+08                        791027
     22      2         9.9850000000e+08                        791029
     24      2         9.9900000000e+08                        791031
     24      2         9.9950000000e+08                        791033
