      4      0         0.0000000000e+00                             0
      4      0         5.0000000000e+05                        365141
      7      0         1.3500000000e+07                        365143
      7      0         1.4000000000e+07                        365149
      7      0         1.4500000000e+07                        365151
      7      0         1.5000000000e+07                        365155
      7      0         1.5500000000e+07                        365157
      7      0         1.6000000000e+07                        365161
      7      0         1.6500000000e+07                        365163
      7      0         1.7500000000e+07                        365165
     14      1         1.8000000000e+07                        365166
      7      0         1.8500000000e+07                        365167
      7      0         2.1000000000e+07                        365171
      7      0         2.1500000000e+07                        365173
      7      0         2.2500000000e+07                        365175
      7      0         2.3000000000e+07                        365177
      7      0         2.3500000000e+07                        365179
      7      0         2.4000000000e+07                        365181
      7      0         2.4500000000e+07                        365185
      7      0         2.6500000000e+07                        365187
      7      0         2.8000000000e+07                        365189
     16      1         2.9000000000e+07                        365190
      7      0         2.9500000000e+07                        365191
      7      0         3.0000000000e+07                        365195
      7      0         3.0500000000e+07                        365199
      7      0         3.1000000000e+07                        365203
     10      1         3.1500000000e+07                        719420
      7      0         4.3500000000e+07                        719421
      7      0         4.4500000000e+07                        719423
      7      0         4.5500000000e+07                        719425
      7      0         4.6000000000e+07                        719431
      7      0         4.7000000000e+07                        719433
      7      0         4.8000000000e+07                        719439
      7      0         4.8500000000e+07                        719441
      7      0         4.9000000000e+07                        719443
      7      0         5.1000000000e+07                        719447
      7      0         5.1500000000e+07                        719449
      7      0         5.2000000000e+07                        719453
      7      0         5.2500000000e+07                        719455
      7      0         5.3000000000e+07                        719457
      7      0         5.3500000000e+07                        719459
      7      0         5.4000000000e+07                        719461
      7      0         5.4500000000e+07                        719463
      7      0         5.5000000000e+07                        719465
     16      1         5.6000000000e+07                        719468
      7      0         5.6500000000e+07                        719471
      7      0         5.7500000000e+07                        719473
      7      0         5.8000000000e+07                        719475
      7      0         5.9500000000e+07                        719477
      7      0         6.0000000000e+07                        719479
     16      1         6.1000000000e+07                        719482
      7      0         6.1500000000e+07                        719485
      7      0         6.2000000000e+07                        719489
      7      0         6.2500000000e+07                        719491
      7      0         6.3000000000e+07                        719493
      1      0         6.3500000000e+07                       2286822
     14      1         1.1750000000e+08                       2286825
      7      0         1.1800000000e+08                       2286826
      7      0         1.1850000000e+08                       2286832
      7      0         1.1900000000e+08                       2286834
      7      0         1.2000000000e+08                       2286836
      7      0         1.2050000000e+08                       2286840
      7      0         1.2100000000e+08                       2286844
      7      0         1.2150000000e+08                       2286846
      7      0         1.2200000000e+08                       2286850
      7      0         1.2250000000e+08                       2286852
      7      0         1.2350000000e+08                       2286858
      7      0         1.2400000000e+08                       2286860
      7      0         1.2600000000e+08                       2286862
      3      0         1.2700000000e+08                       2414350
      7      0         1.3150000000e+08                       2414352
      7      0         1.3300000000e+08                       2414358
     16      1         1.3350000000e+08                       2414361
      7      0         1.3400000000e+08                       2414362
      7      0         1.3450000000e+08                       2414364
      7      0         1.3550000000e+08                       2414366
      7      0         1.3600000000e+08                       2414372
      7      0         1.3650000000e+08                       2414374
     16      1         1.3800000000e+08                       2414377
      7      0         1.3850000000e+08                       2414378
      7      0         1.3900000000e+08                       2414380
     14      1         1.3950000000e+08                       2414381
      7      0         1.4000000000e+08                       2414382
      7      0         1.4050000000e+08                       2414384
      7      0         1.4100000000e+08                       2414386
      7      0         1.4150000000e+08                       2414388
      7      0         1.4400000000e+08                       2414392
      7      0         1.4450000000e+08                       2414394
      7      0         1.4500000000e+08                       2414396
      7      0         1.4550000000e+08                       2414400
      7      0         1.4600000000e+08                       2414402
      7      0         1.4700000000e+08                       2414404
      7      0         1.4750000000e+08                       2414408
      5      0         1.4800000000e+08                       4894927
      6      0         2.3250000000e+08                       4894929
     23      2         2.3400000000e+08                       4894930
      6      0         2.3450000000e+08                       4894931
      8      0         2.3550000000e+08                       4894933
      6      0         2.3650000000e+08                       4894935
      6      0         2.3700000000e+08                       4894937
     23      2         2.4000000000e+08                       4894938
     23      2         2.4050000000e+08                       4894940
     23      2         2.4100000000e+08                       4894942
      6      0         2.4150000000e+08                       4894943
      6      0         2.4350000000e+08                       4894945
      8      0         2.4400000000e+08                       4894947
      8      0         2.4450000000e+08                       4894949
      8      0         2.4500000000e+08                       4894951
      6      0         2.4650000000e+08                       4894955
      6      0         2.4700000000e+08                       4894957
      8      0         2.4950000000e+08                       4894959
      8      0         2.5150000000e+08                       4894961
      8      0         2.5250000000e+08                       4894963
     23      2         2.5300000000e+08                       4894964
     23      2         2.5350000000e+08                       4894966
      6      0         2.5400000000e+08                       4894967
      2      0         2.5500000000e+08                       5401714
      7      0         2.7250000000e+08                       5401716
      7      0         2.7350000000e+08                       5401718
      7      0         2.7400000000e+08                       5401720
      7      0         2.7450000000e+08                       5401724
      7      0         2.7500000000e+08                       5401726
      7      0         2.7550000000e+08                       5401730
      7      0         2.7600000000e+08                       5401732
      4      0         2.7650000000e+08                       6712743
      7      0         3.2100000000e+08                       6712745
      5      0         3.2400000000e+08                      10713813
      8      0         4.6000000000e+08                      10713815
      8      0         4.6050000000e+08                      10713817
      6      0         4.6350000000e+08                      10713821
      8      0         4.6400000000e+08                      10713823
      8      0         4.6450000000e+08                      10713825
      8      0         4.6500000000e+08                      10713827
      1      0         4.6700000000e+08                      11308383
      7      0         4.8750000000e+08                      11308389
      7      0         4.8900000000e+08                      11308391
      7      0         4.8950000000e+08                      11308393
      7      0         4.9000000000e+08                      11308395
      7      0         4.9050000000e+08                      11308397
      7      0         4.9100000000e+08                      11308399
      7      0         4.9150000000e+08                      11308401
      7      0         4.9350000000e+08                      11308403
      7      0         4.9450000000e+08                      11308405
      7      0         4.9500000000e+08                      11308409
      7      0         4.9650000000e+08                      11308413
      4      0         4.9700000000e+08                      12606077
      8      0         5.4100000000e+08                      12606079
      6      0         5.4150000000e+08                      12606081
      8      0         5.4200000000e+08                      12606083
      6      0         5.4350000000e+08                      12606085
      6      0         5.4400000000e+08                      12606087
      8      0         5.4500000000e+08                      12606089
      6      0         5.4700000000e+08                      12606091
     23      2         5.4800000000e+08                      12606092
      8      0         5.4850000000e+08                      12606093
      8      0         5.5000000000e+08                      12606095
      6      0         5.5250000000e+08                      12606097
      8      0         5.5300000000e+08                      12606099
      8      0         5.5500000000e+08                      12606101
      6      0         5.5550000000e+08                      12606103
      8      0         5.5650000000e+08                      12606105
     23      2         5.5700000000e+08                      12606106
      8      0         5.5750000000e+08                      12606107
     23      2         5.5800000000e+08                      12606108
      8      0         5.5850000000e+08                      12606109
      6      0         5.5950000000e+08                      12606113
      8      0         5.6350000000e+08                      12606115
      5      0         5.6500000000e+08                      12805432
     14      1         5.7250000000e+08                      12805433
     14      1         5.7300000000e+08                      12805437
      7      0         5.7350000000e+08                      12805438
      7      0         5.7450000000e+08                      12805440
      7      0         5.7500000000e+08                      12805442
      7      0         5.7550000000e+08                      12805444
      7      0         5.7650000000e+08                      12805446
     14      1         5.7750000000e+08                      12805449
      7      0         5.7800000000e+08                      12805452
      7      0         5.7950000000e+08                      12805454
      7      0         5.8100000000e+08                      12805458
      7      0         5.8150000000e+08                      12805460
      7      0         5.8200000000e+08                      12805464
      7      0         5.8250000000e+08                      12805466
      7      0         5.8300000000e+08                      12805468
      7      0         5.8350000000e+08                      12805470
      7      0         5.8450000000e+08                      12805472
      7      0         5.8700000000e+08                      12805474
     14      1         5.8750000000e+08                      12805475
      7      0         5.8800000000e+08                      12805480
      7      0         5.8900000000e+08                      12805482
      7      0         5.8950000000e+08                      12805484
      4      0         5.9050000000e+08                      13437363
      7      0         6.1250000000e+08                      13437367
      7      0         6.1300000000e+08                      13437373
      7      0         6.1350000000e+08                      13437375
      7      0         6.1400000000e+08                      13437381
      7      0         6.1450000000e+08                      13437385
      7      0         6.1550000000e+08                      13437387
     14      1         6.1850000000e+08                      13437390
      7      0         6.1900000000e+08                      13437391
     16      1         6.1950000000e+08                      13437392
      7      0         6.2000000000e+08                      13437395
      7      0         6.2050000000e+08                      13437397
      7      0         6.2100000000e+08                      13437399
      7      0         6.2150000000e+08                      13437405
      7      0         6.2200000000e+08                      13437407
      7      0         6.2250000000e+08                      13437409
      7      0         6.2300000000e+08                      13437411
      7      0         6.2350000000e+08                      13437413
      7      0         6.2400000000e+08                      13437415
      7      0         6.2450000000e+08                      13437417
     13      1         6.2500000000e+08                      14099588
     14      1         6.4750000000e+08                      14099590
      7      0         6.4800000000e+08                      14099591
      7      0         6.4950000000e+08                      14099595
      4      0         6.5150000000e+08                      14354868
      6      0         6.6100000000e+08                      14354870
      8      0         6.6250000000e+08                      14354872
     23      2         6.6350000000e+08                      14354873
      6      0         6.6400000000e+08                      14354874
      6      0         6.6650000000e+08                      14354876
      6      0         6.6700000000e+08                      14354878
      6      0         6.6800000000e+08                      14354880
      6      0         6.6850000000e+08                      14354884
      8      0         6.6950000000e+08                      14354886
     23      2         6.7100000000e+08                      14354889
      8      0         6.7150000000e+08                      14354894
     23      2         6.7350000000e+08                      14354895
      8      0         6.7400000000e+08                      14354896
      8      0         6.7450000000e+08                      14354898
      6      0         6.7550000000e+08                      14354902
     23      2         6.7650000000e+08                      14354903
      6      0         6.7700000000e+08                      14354904
      1      0         6.7750000000e+08                      19983963
      6      0         8.6800000000e+08                      19983965
      6      0         8.6850000000e+08                      19983967
     23      2         8.6900000000e+08                      19983968
      6      0         8.6950000000e+08                      19983969
      3      0         8.7000000000e+08                      21057741
      7      0         9.0850000000e+08                      21057743
      7      0         9.0900000000e+08                      21057747
      7      0         9.0950000000e+08                      21057749
      7      0         9.1000000000e+08                      21057751
      7      0         9.1150000000e+08                      21057755
      7      0         9.1200000000e+08                      21057759
      7      0         9.1250000000e+08                      21057763
      7      0         9.1350000000e+08                      21057767
      7      0         9.1450000000e+08                      21057771
      7      0         9.1500000000e+08                      21057773
      7      0         9.1600000000e+08                      21057775
      7      0         9.1650000000e+08                      21057777
      7      0         9.1700000000e+08                      21057779
      7      0         9.1800000000e+08                      21057781
      7      0         9.1950000000e+08                      21057783
      7      0         9.2000000000e+08                      21057787
      7      0         9.2100000000e+08                      21057791
      7      0         9.2150000000e+08                      21057793
      7      0         9.2200000000e+08                      21057797
     13      1         9.2250000000e+08                      21071700
     30      3         9.2300000000e+08                      21071707
     32      3         9.2350000000e+08                      21071715
     32      3         9.2400000000e+08                      21071721
     30      3         9.2450000000e+08                      21071727
     30      3         9.2500000000e+08                      21071735
     30      3         9.2550000000e+08                      21071739
     32      3         9.2600000000e+08                      21071743
     30      3         9.2700000000e+08                      21071749
     30      3         9.2750000000e+08                      21071751
     32      3         9.2800000000e+08                      21071759
     32      3         9.2850000000e+08                      21071765
     32      3         9.2900000000e+08                      21071769
     30      3         9.2950000000e+08                      21071773
     32      3         9.3000000000e+08                      21071775
     30      3         9.3050000000e+08                      21071781
     30      3         9.3100000000e+08                      21071783
     32      3         9.3150000000e+08                      21071793
     30      3         9.3200000000e+08                      21071797
     15      1         9.3250000000e+08                      21071806
     32      3         9.3300000000e+08                      21071811
     30      3         9.3350000000e+08                      21071815
     15      1         9.3400000000e+08                      21071824
     15      1         9.3450000000e+08                      21071832
     30      3         9.3500000000e+08                      21071837
     32      3         9.3550000000e+08                      21071843
     15      1         9.3600000000e+08                      21071850
     32      3         9.3650000000e+08                      21071857
     30      3         9.3700000000e+08                      21071863
     32      3         9.3750000000e+08                      21071871
     15      1         9.3800000000e+08                      21071876
     32      3         9.3850000000e+08                      21071881
     30      3         9.3900000000e+08                      21071883
     30      3         9.3950000000e+08                      21071889
     28      3         9.4000000000e+08                      21229700
