      3      0         0.0000000000e+00                             0
      3      0         5.0000000000e+05                        493171
      7      0         1.7000000000e+07                        493173
      7      0         1.7500000000e+07                        493175
      7      0         1.8000000000e+07                        493177
     16      1         1.8500000000e+07                        493180
      7      0         1.9000000000e+07                        493185
      7      0         2.1000000000e+07                        493187
      7      0         2.2000000000e+07                        493189
      7      0         2.3500000000e+07                        493193
      7      0         2.4000000000e+07                        493195
      7      0         2.4500000000e+07                        493197
      7      0         2.7000000000e+07                        493201
      7      0         2.7500000000e+07                        493203
     16      1         2.8000000000e+07                        493206
      7      0         2.8500000000e+07                        493207
     16      1         2.9000000000e+07                        493212
      7      0         2.9500000000e+07                        493215
      7      0         3.0500000000e+07                        493217
      7      0         3.1000000000e+07                        493219
      7      0         3.2000000000e+07                        493223
      7      0         3.3000000000e+07                        493229
      7      0         3.4000000000e+07                        493231
      7      0         3.4500000000e+07                        493233
      7      0         3.5000000000e+07                        493235
      7      0         3.5500000000e+07                        493237
      7      0         3.6500000000e+07                        493243
      7      0         3.7500000000e+07                        493247
      7      0         3.8000000000e+07                        493255
      7      0         3.9500000000e+07                        493259
      7      0         4.0000000000e+07                        493261
      7      0         4.0500000000e+07                        493263
     14      1         4.1000000000e+07                        493264
      7      0         4.1500000000e+07                        493265
     16      1         4.2000000000e+07                        493272
      1      0         4.2500000000e+07                       2859397
      6      0         1.2350000000e+08                       2859399
      6      0         1.2450000000e+08                       2859401
      8      0         1.2600000000e+08                       2859403
      6      0         1.2750000000e+08                       2859405
     23      2         1.2800000000e+08                       2859408
     23      2         1.2850000000e+08                       2859410
      6      0         1.2900000000e+08                       2859411
      8      0         1.3050000000e+08                       2859413
      6      0         1.3100000000e+08                       2859417
      8      0         1.3200000000e+08                       2859419
      6      0         1.3300000000e+08                       2859421
     23      2         1.3400000000e+08                       2859422
      6      0         1.3450000000e+08                       2859423
     23      2         1.3500000000e+08                       2859426
      6      0         1.3550000000e+08                       2859427
      5      0         1.3750000000e+08                       3524540
      7      0         1.6000000000e+08                       3524542
      7      0         1.6050000000e+08                       3524544
      7      0         1.6100000000e+08                       3524552
      7      0         1.6200000000e+08                       3524554
      7      0         1.6300000000e+08                       3524556
     13      1         1.6350000000e+08                       3580909
     30      3         1.6500000000e+08                       3580912
     30      3         1.6550000000e+08                       3580916
     32      3         1.6600000000e+08                       3580928
     32      3         1.6650000000e+08                       3580932
     32      3         1.6700000000e+08                       3580942
     32      3         1.6750000000e+08                       3580954
     32      3         1.6800000000e+08                       3580958
     32      3         1.6850000000e+08                       3580960
     30      3         1.6900000000e+08                       3580964
     30      3         1.6950000000e+08                       3580966
     30      3         1.7000000000e+08                       3580972
     30      3         1.7050000000e+08                       3580978
     32      3         1.7100000000e+08                       3580988
     30      3         1.7150000000e+08                       3580990
     30      3         1.7200000000e+08                       3580996
     30      3         1.7250000000e+08                       3581008
     32      3         1.7300000000e+08                       3581010
     32      3         1.7350000000e+08                       3581012
     30      3         1.7400000000e+08                       3581022
     32      3         1.7450000000e+08                       3581030
     15      1         1.7500000000e+08                       3581035
     30      3         1.7550000000e+08                       3581046
     32      3         1.7650000000e+08                       3581052
     32      3         1.7700000000e+08                       3581060
     30      3         1.7750000000e+08                       3581072
     32      3         1.7800000000e+08                       3581076
     30      3         1.7850000000e+08                       3581084
     30      3         1.7900000000e+08                       3581088
     30      3         1.7950000000e+08                       3581094
     30      3         1.8000000000e+08                       3581102
     32      3         1.8050000000e+08                       3581108
     30      3         1.8100000000e+08                       3581116
     30      3         1.8150000000e+08                       3581122
     15      1         1.8200000000e+08                       3581127
     32      3         1.8250000000e+08                       3581132
     30      3         1.8300000000e+08                       3581136
     32      3         1.8350000000e+08                       3581144
     30      3         1.8400000000e+08                       3581152
     30      3         1.8450000000e+08                       3581160
     26      3         1.8550000000e+08                       3795596
     32      3         3.8800000000e+08                       3795602
     32      3         3.8900000000e+08                       3795604
     30      3         3.8950000000e+08                       3795608
     15      1         3.9000000000e+08                       3795623
     32      3         3.9050000000e+08                       3795630
     30      3         3.9100000000e+08                       3795638
     15      1         3.9150000000e+08                       3795645
     30      3         3.9200000000e+08                       3795652
     32      3         3.9300000000e+08                       3795656
     32      3         3.9350000000e+08                       3795666
     30      3         3.9400000000e+08                       3795674
     30      3         3.9450000000e+08                       3795680
     30      3         3.9500000000e+08                       3795686
     32      3         3.9600000000e+08                       3795692
     30      3         3.9650000000e+08                       3795702
     15      1         3.9700000000e+08                       3795711
     30      3         3.9750000000e+08                       3795724
     30      3         3.9800000000e+08                       3795726
     30      3         3.9850000000e+08                       3795734
     32      3         3.9900000000e+08                       3795740
     32      3         3.9950000000e+08                       3795750
     30      3         4.0000000000e+08                       3795760
     30      3         4.0050000000e+08                       3795774
     30      3         4.0100000000e+08                       3795776
     32      3         4.0150000000e+08                       3795782
     30      3         4.0200000000e+08                       3795790
     32      3         4.0250000000e+08                       3795794
     32      3         4.0300000000e+08                       3795800
     32      3         4.0350000000e+08                       3795810
     15      1         4.0400000000e+08                       3795815
     32      3         4.0450000000e+08                       3795822
     32      3         4.0500000000e+08                       3795826
     30      3         4.0550000000e+08                       3795832
     30      3         4.0600000000e+08                       3795838
     32      3         4.0650000000e+08                       3795850
     15      1         4.0700000000e+08                       3795857
     32      3         4.0750000000e+08                       3795866
     32      3         4.0800000000e+08                       3795878
     15      1         4.0850000000e+08                       3795887
     30      3         4.0900000000e+08                       3795896
     30      3         4.0950000000e+08                       3795900
     32      3         4.1000000000e+08                       3795902
     32      3         4.1050000000e+08                       3795908
     32      3         4.1100000000e+08                       3795912
     30      3         4.1150000000e+08                       3795914
     32      3         4.1200000000e+08                       3795922
     30      3         4.1250000000e+08                       3795928
     32      3         4.1300000000e+08                       3795932
     30      3         4.1400000000e+08                       3795940
     32      3         4.1450000000e+08                       3795946
     32      3         4.1500000000e+08                       3795952
     30      3         4.1550000000e+08                       3795960
     30      3         4.1600000000e+08                       3795968
     15      1         4.1650000000e+08                       3795973
     30      3         4.1700000000e+08                       3795982
     30      3         4.1750000000e+08                       3795992
     32      3         4.1800000000e+08                       3795994
     32      3         4.1850000000e+08                       3796002
     30      3         4.1900000000e+08                       3796008
     15      1         4.1950000000e+08                       3796019
     30      3         4.2000000000e+08                       3796028
     32      3         4.2050000000e+08                       3796034
     15      1         4.2100000000e+08                       3796035
     32      3         4.2150000000e+08                       3796040
     15      1         4.2200000000e+08                       3796051
     30      3         4.2250000000e+08                       3796064
     15      1         4.2300000000e+08                       3796069
     30      3         4.2350000000e+08                       3796080
     32      3         4.2400000000e+08                       3796082
     30      3         4.2450000000e+08                       3796084
     28      3         4.2500000000e+08                       4601069
