     30      3         0.0000000000e+00                             0
     30      3         5.0000000000e+05                             9
     15      1         1.5000000000e+06                            12
     30      3         2.0000000000e+06                            25
     30      3         2.5000000000e+06                            29
     32      3         3.0000000000e+06                            33
     32      3         3.5000000000e+06                            39
     15      1         4.0000000000e+06                            46
     32      3         4.5000000000e+06                            49
     32      3         5.0000000000e+06                            57
     32      3         5.5000000000e+06                            65
     32      3         6.5000000000e+06                            71
     32      3         7.0000000000e+06                            75
     32      3         7.5000000000e+06                            83
     32      3         8.0000000000e+06                            87
     30      3         8.5000000000e+06                            95
     15      1         9.0000000000e+06                           108
     32      3         9.5000000000e+06                           111
     32      3         1.0000000000e+07                           121
     15      1         1.0500000000e+07                           128
     15      1         1.1000000000e+07                           134
     32      3         1.1500000000e+07                           141
     32      3         1.2000000000e+07                           153
     30      3         1.2500000000e+07                           161
     30      3         1.3000000000e+07                           167
     32      3         1.3500000000e+07                           177
     32      3         1.4500000000e+07                           181
     32      3         1.5000000000e+07                           187
     32      3         1.5500000000e+07                           199
     32      3         1.6000000000e+07                           205
     32      3         1.6500000000e+07                           207
     15      1         1.7000000000e+07                           218
     30      3         1.7500000000e+07                           225
     32      3         1.8000000000e+07                           231
     32      3         1.8500000000e+07                           237
     32      3         1.9000000000e+07                           245
     32      3         1.9500000000e+07                           253
     15      1         2.0500000000e+07                           256
     32      3         2.1000000000e+07                           259
     30      3         2.1500000000e+07                           263
     32      3         2.2000000000e+07                           271
     30      3         2.2500000000e+07                           281
     30      3         2.3000000000e+07                           291
     32      3         2.3500000000e+07                           295
     30      3         2.4000000000e+07                           297
     32      3         2.4500000000e+07                           301
     32      3         2.5000000000e+07                           307
     32      3         2.5500000000e+07                           317
     32      3         2.6000000000e+07                           325
     30      3         2.6500000000e+07                           327
     32      3         2.7000000000e+07                           331
     30      3         2.7500000000e+07                           339
     15      1         2.8000000000e+07                           344
     30      3         2.8500000000e+07                           351
     32      3         2.9000000000e+07                           353
     30      3         2.9500000000e+07                           361
     32      3         3.0000000000e+07                           365
     30      3         3.0500000000e+07                           371
     32      3         3.1000000000e+07                           377
     32      3         3.1500000000e+07                           389
     30      3         3.2000000000e+07                           399
     30      3         3.2500000000e+07                           403
     30      3         3.3000000000e+07                           409
     30      3         3.3500000000e+07                           421
     32      3         3.4000000000e+07                           429
     32      3         3.4500000000e+07                           435
     15      1         3.5000000000e+07                           438
     30      3         3.5500000000e+07                           447
     32      3         3.6000000000e+07                           453
     32      3         3.6500000000e+07                           457
     30      3         3.7000000000e+07                           465
     32      3         3.7500000000e+07                           469
     32      3         3.8000000000e+07                           477
     30      3         3.8500000000e+07                           481
     15      1         3.9000000000e+07                           490
     32      3         3.9500000000e+07                           497
     15      1         4.0000000000e+07                           502
     32      3         4.0500000000e+07                           507
     32      3         4.1000000000e+07                           509
     32      3         4.1500000000e+07                           513
     15      1         4.2000000000e+07                           516
     15      1         4.2500000000e+07                           524
     32      3         4.3000000000e+07                           531
     32      3         4.4000000000e+07                           533
     30      3         4.4500000000e+07                           541
     32      3         4.5000000000e+07                           547
     30      3         4.5500000000e+07                           551
     32      3         4.6000000000e+07                           561
     32      3         4.6500000000e+07                           569
     32      3         4.7000000000e+07                           581
     30      3         4.7500000000e+07                           585
     32      3         4.8000000000e+07                           591
     26      3         4.8500000000e+07                         42614
     30      3         8.8500000000e+07                         42616
     30      3         8.9000000000e+07                         42622
     32      3         8.9500000000e+07                         42634
     32      3         9.0000000000e+07                         42638
     32      3         9.0500000000e+07                         42644
     32      3         9.1000000000e+07                         42654
     30      3         9.1500000000e+07                         42660
     30      3         9.2000000000e+07                         42662
     32      3         9.2500000000e+07                         42664
     32      3         9.3000000000e+07                         42668
     32      3         9.3500000000e+07                         42674
     32      3         9.4000000000e+07                         42682
     30      3         9.4500000000e+07                         42690
     30      3         9.5000000000e+07                         42696
     30      3         9.5500000000e+07                         42702
     30      3         9.6000000000e+07                         42706
     32      3         9.6500000000e+07                         42710
     15      1         9.7000000000e+07                         42715
     30      3         9.7500000000e+07                         42720
     15      1         9.8000000000e+07                         42725
     32      3         9.8500000000e+07                         42734
     32      3         9.9000000000e+07                         42738
     15      1         9.9500000000e+07                         42745
     30      3         1.0000000000e+08                         42756
     32      3         1.0050000000e+08                         42766
     30      3         1.0100000000e+08                         42778
     32      3         1.0150000000e+08                         42786
     32      3         1.0200000000e+08                         42798
     15      1         1.0250000000e+08                         42803
     30      3         1.0300000000e+08                         42810
     32      3         1.0400000000e+08                         42818
     15      1         1.0450000000e+08                         42821
     32      3         1.0500000000e+08                         42826
     15      1         1.0550000000e+08                         42835
     15      1         1.0600000000e+08                         42837
     30      3         1.0650000000e+08                         42840
     32      3         1.0700000000e+08                         42848
     15      1         1.0750000000e+08                         42853
     30      3         1.0800000000e+08                         42866
     32      3         1.0850000000e+08                         42868
     30      3         1.0900000000e+08                         42872
     32      3         1.0950000000e+08                         42876
     32      3         1.1000000000e+08                         42880
     30      3         1.1050000000e+08                         42892
     32      3         1.1100000000e+08                         42898
     30      3         1.1150000000e+08                         42902
     32      3         1.1200000000e+08                         42906
     30      3         1.1250000000e+08                         42912
     32      3         1.1300000000e+08                         42916
     32      3         1.1350000000e+08                         42924
     30      3         1.1400000000e+08                         42934
     32      3         1.1450000000e+08                         42942
     32      3         1.1500000000e+08                         42948
     32      3         1.1550000000e+08                         42958
     32      3         1.1600000000e+08                         42968
     30      3         1.1650000000e+08                         42974
     30      3         1.1700000000e+08                         42986
     32      3         1.1750000000e+08                         42996
      9      1         1.1800000000e+08                        958235
      7      0         1.4900000000e+08                        958238
      7      0         1.5200000000e+08                        958244
     12      1         1.5250000000e+08                       1354960
      7      0         1.6600000000e+08                       1354961
      7      0         1.6650000000e+08                       1354963
      7      0         1.6700000000e+08                       1354965
      7      0         1.6850000000e+08                       1354969
      7      0         1.6900000000e+08                       1354971
     16      1         1.6950000000e+08                       1354972
      7      0         1.7000000000e+08                       1354973
      7      0         1.7050000000e+08                       1354975
      7      0         1.7100000000e+08                       1354977
      7      0         1.7200000000e+08                       1354979
      7      0         1.7250000000e+08                       1354981
      7      0         1.7300000000e+08                       1354983
      7      0         1.7400000000e+08                       1354985
      7      0         1.7450000000e+08                       1354987
      7      0         1.7550000000e+08                       1354991
      7      0         1.7600000000e+08                       1354993
      7      0         1.7800000000e+08                       1354995
      7      0         1.7900000000e+08                       1354997
      7      0         1.7950000000e+08                       1355003
      7      0         1.8050000000e+08                       1355005
      7      0         1.8150000000e+08                       1355007
      7      0         1.8350000000e+08                       1355009
      7      0         1.8450000000e+08                       1355013
      7      0         1.8550000000e+08                       1355017
      7      0         1.8600000000e+08                       1355019
      7      0         1.8650000000e+08                       1355021
      7      0         1.8850000000e+08                       1355023
      1      0         1.8950000000e+08                       2844344
      7      0         2.4100000000e+08                       2844346
      7      0         2.4150000000e+08                       2844350
      7      0         2.4200000000e+08                       2844352
      7      0         2.4250000000e+08                       2844354
      7      0         2.4350000000e+08                       2844356
      7      0         2.4450000000e+08                       2844358
      7      0         2.4500000000e+08                       2844360
     16      1         2.4650000000e+08                       2844361
      1      0         2.4700000000e+08                       3112181
      6      0         2.5650000000e+08                       3112183
      6      0         2.5900000000e+08                       3112185
      6      0         2.5950000000e+08                       3112187
     23      2         2.6100000000e+08                       3112188
     23      2         2.6150000000e+08                       3112190
      8      0         2.6200000000e+08                       3112191
      6      0         2.6650000000e+08                       3112193
      6      0         2.6750000000e+08                       3112195
      6      0         2.6900000000e+08                       3112197
      8      0         2.7000000000e+08                       3112199
     23      2         2.7250000000e+08                       3112200
      6      0         2.7300000000e+08                       3112201
      8      0         2.7350000000e+08                       3112203
      8      0         2.7650000000e+08                       3112205
     23      2         2.7700000000e+08                       3112206
      8      0         2.7750000000e+08                       3112207
      6      0         2.8000000000e+08                       3112209
     23      2         2.8050000000e+08                       3112212
      2      0         2.8100000000e+08                       3285241
      7      0         2.8650000000e+08                       3285243
      7      0         2.8700000000e+08                       3285245
     16      1         2.8750000000e+08                       3285246
      7      0         2.8800000000e+08                       3285249
      7      0         2.8950000000e+08                       3285253
      7      0         2.9000000000e+08                       3285257
      7      0         2.9150000000e+08                       3285259
      7      0         2.9200000000e+08                       3285265
      7      0         2.9250000000e+08                       3285267
      7      0         2.9400000000e+08                       3285269
      7      0         2.9450000000e+08                       3285277
      7      0         2.9500000000e+08                       3285281
      7      0         2.9600000000e+08                       3285283
      7      0         2.9650000000e+08                       3285285
      7      0         2.9800000000e+08                       3285289
      7      0         2.9900000000e+08                       3285291
      7      0         2.9950000000e+08                       3285293
      7      0         3.0000000000e+08                       3285299
      7      0         3.0150000000e+08                       3285303
      7      0         3.0200000000e+08                       3285307
      7      0         3.0250000000e+08                       3285315
     14      1         3.0350000000e+08                       3285316
      7      0         3.0400000000e+08                       3285317
      7      0         3.0500000000e+08                       3285321
      7      0         3.0550000000e+08                       3285323
      7      0         3.0600000000e+08                       3285325
     13      1         3.0650000000e+08                       4499135
      7      0         3.4750000000e+08                       4499138
      7      0         3.4850000000e+08                       4499140
      7      0         3.4900000000e+08                       4499142
      7      0         3.5050000000e+08                       4499144
      7      0         3.5100000000e+08                       4499146
      7      0         3.5150000000e+08                       4499148
      7      0         3.5250000000e+08                       4499152
      7      0         3.5300000000e+08                       4499154
     16      1         3.5400000000e+08                       4499157
      7      0         3.5450000000e+08                       4499160
      7      0         3.5500000000e+08                       4499162
      7      0         3.5550000000e+08                       4499164
      7      0         3.5650000000e+08                       4499166
      7      0         3.5800000000e+08                       4499168
      7      0         3.5850000000e+08                       4499170
      7      0         3.5900000000e+08                       4499172
      7      0         3.5950000000e+08                       4499174
      7      0         3.6050000000e+08                       4499180
      7      0         3.6150000000e+08                       4499182
      7      0         3.6350000000e+08                       4499186
      7      0         3.6450000000e+08                       4499188
      7      0         3.6500000000e+08                       4499190
      7      0         3.6650000000e+08                       4499192
      7      0         3.6700000000e+08                       4499194
      7      0         3.6800000000e+08                       4499196
      7      0         3.6850000000e+08                       4499198
      7      0         3.6900000000e+08                       4499202
      7      0         3.7050000000e+08                       4499204
      7      0         3.7100000000e+08                       4499206
      7      0         3.7150000000e+08                       4499210
      7      0         3.7250000000e+08                       4499212
     14      1         3.7300000000e+08                       4499213
     14      1         3.7350000000e+08                       4499217
      7      0         3.7400000000e+08                       4499220
      7      0         3.7550000000e+08                       4499224
      7      0         3.7650000000e+08                       4499226
      7      0         3.7700000000e+08                       4499228
      7      0         3.7850000000e+08                       4499232
      7      0         3.7900000000e+08                       4499234
     14      1         3.7950000000e+08                       4499237
      7      0         3.8000000000e+08                       4499240
      7      0         3.8150000000e+08                       4499242
     14      1         3.8300000000e+08                       4499245
      7      0         3.8350000000e+08                       4499246
      7      0         3.8400000000e+08                       4499248
      7      0         3.8450000000e+08                       4499250
      7      0         3.8550000000e+08                       4499252
      7      0         3.8600000000e+08                       4499256
      7      0         3.8650000000e+08                       4499258
     14      1         3.8750000000e+08                       4499259
      4      0         3.8800000000e+08                       8671992
      3      0         5.2950000000e+08                       8998671
      7      0         5.4200000000e+08                       8998673
      7      0         5.4250000000e+08                       8998677
      7      0         5.4350000000e+08                       8998679
      7      0         5.4450000000e+08                       8998683
      7      0         5.4500000000e+08                       8998685
      7      0         5.4550000000e+08                       8998689
      7      0         5.4600000000e+08                       8998691
      7      0         5.4650000000e+08                       8998693
      7      0         5.4700000000e+08                       8998695
      7      0         5.4800000000e+08                       8998697
      7      0         5.4950000000e+08                       8998699
      7      0         5.5050000000e+08                       8998701
      7      0         5.5100000000e+08                       8998703
     11      1         5.5150000000e+08                       9274311
     30      3         5.6100000000e+08                       9274314
     11      1         5.6150000000e+08                       9367362
     32      3         5.6500000000e+08                       9367375
     32      3         5.6550000000e+08                       9367385
     32      3         5.6600000000e+08                       9367393
     32      3         5.6650000000e+08                       9367395
     32      3         5.6700000000e+08                       9367401
     32      3         5.6750000000e+08                       9367407
     32      3         5.6800000000e+08                       9367409
     32      3         5.6850000000e+08                       9367415
     30      3         5.6900000000e+08                       9367427
     32      3         5.6950000000e+08                       9367437
     12      1         5.7000000000e+08                       9573255
     30      3         5.7700000000e+08                       9573260
     30      3         5.7750000000e+08                       9573268
     30      3         5.7800000000e+08                       9573272
     15      1         5.7850000000e+08                       9573277
     32      3         5.7900000000e+08                       9573282
     15      1         5.7950000000e+08                       9573287
     30      3         5.8000000000e+08                       9573294
     30      3         5.8050000000e+08                       9573300
     30      3         5.8100000000e+08                       9573304
     32      3         5.8150000000e+08                       9573314
     30      3         5.8200000000e+08                       9573328
     32      3         5.8250000000e+08                       9573336
     30      3         5.8350000000e+08                       9573340
     32      3         5.8400000000e+08                       9573350
     30      3         5.8450000000e+08                       9573358
     11      1         5.8500000000e+08                       9902928
     30      3         5.9600000000e+08                       9902929
     30      3         5.9650000000e+08                       9902935
     32      3         5.9700000000e+08                       9902941
     32      3         5.9750000000e+08                       9902949
     30      3         5.9800000000e+08                       9902953
     15      1         5.9850000000e+08                       9902958
     32      3         5.9900000000e+08                       9902963
     15      1         5.9950000000e+08                       9902968
     32      3         6.0000000000e+08                       9902973
     30      3         6.0050000000e+08                       9902981
     32      3         6.0100000000e+08                       9902987
     32      3         6.0150000000e+08                       9902993
     32      3         6.0200000000e+08                       9902999
     32      3         6.0250000000e+08                       9903001
     32      3         6.0300000000e+08                       9903007
     15      1         6.0350000000e+08                       9903010
     32      3         6.0400000000e+08                       9903017
     30      3         6.0450000000e+08                       9903023
     32      3         6.0500000000e+08                       9903027
     30      3         6.0550000000e+08                       9903033
     32      3         6.0600000000e+08                       9903043
     32      3         6.0650000000e+08                       9903049
     32      3         6.0700000000e+08                       9903057
     32      3         6.0750000000e+08                       9903065
     15      1         6.0800000000e+08                       9903068
     32      3         6.0850000000e+08                       9903075
     32      3         6.0900000000e+08                       9903087
     30      3         6.1000000000e+08                       9903093
     30      3         6.1050000000e+08                       9903103
     32      3         6.1100000000e+08                       9903113
     30      3         6.1150000000e+08                       9903129
     30      3         6.1200000000e+08                       9903133
     30      3         6.1250000000e+08                       9903135
     32      3         6.1300000000e+08                       9903143
     30      3         6.1350000000e+08                       9903145
     30      3         6.1400000000e+08                       9903151
     30      3         6.1450000000e+08                       9903157
     32      3         6.1500000000e+08                       9903165
     30      3         6.1550000000e+08                       9903169
     32      3         6.1600000000e+08                       9903183
     32      3         6.1650000000e+08                       9903195
     30      3         6.1700000000e+08                       9903199
     32      3         6.1750000000e+08                       9903215
     32      3         6.1800000000e+08                       9903221
     32      3         6.1850000000e+08                       9903227
     30      3         6.1900000000e+08                       9903239
     30      3         6.1950000000e+08                       9903251
     32      3         6.2000000000e+08                       9903259
     30      3         6.2050000000e+08                       9903267
     30      3         6.2100000000e+08                       9903273
     30      3         6.2150000000e+08                       9903281
     30      3         6.2200000000e+08                       9903283
     30      3         6.2250000000e+08                       9903297
     32      3         6.2300000000e+08                       9903311
     15      1         6.2350000000e+08                       9903320
     32      3         6.2400000000e+08                       9903325
     30      3         6.2450000000e+08                       9903331
     32      3         6.2500000000e+08                       9903339
     32      3         6.2550000000e+08                       9903345
     30      3         6.2600000000e+08                       9903349
     30      3         6.2650000000e+08                       9903351
     30      3         6.2700000000e+08                       9903359
     32      3         6.2750000000e+08                       9903365
     30      3         6.2800000000e+08                       9903371
     32      3         6.2850000000e+08                       9903383
     30      3         6.2900000000e+08                       9903391
     32      3         6.2950000000e+08                       9903393
     30      3         6.3000000000e+08                       9903397
     32      3         6.3050000000e+08                       9903399
     30      3         6.3100000000e+08                       9903401
     15      1         6.3150000000e+08                       9903406
     30      3         6.3200000000e+08                       9903411
     30      3         6.3250000000e+08                       9903415
     15      1         6.3300000000e+08                       9903422
     15      1         6.3350000000e+08                       9903430
     32      3         6.3400000000e+08                       9903437
     30      3         6.3450000000e+08                       9903443
     15      1         6.3500000000e+08                       9903456
     30      3         6.3550000000e+08                       9903463
     30      3         6.3600000000e+08                       9903473
     15      1         6.3650000000e+08                       9903486
     32      3         6.3700000000e+08                       9903493
     30      3         6.3750000000e+08                       9903499
     30      3         6.3800000000e+08                       9903507
     32      3         6.3850000000e+08                       9903513
     30      3         6.3900000000e+08                       9903519
     30      3         6.3950000000e+08                       9903523
     30      3         6.4000000000e+08                       9903529
     30      3         6.4050000000e+08                       9903541
     30      3         6.4100000000e+08                       9903547
     30      3         6.4150000000e+08                       9903553
     32      3         6.4200000000e+08                       9903555
     32      3         6.4250000000e+08                       9903561
     30      3         6.4300000000e+08                       9903563
     32      3         6.4350000000e+08                       9903567
     32      3         6.4400000000e+08                       9903573
     32      3         6.4450000000e+08                       9903579
     32      3         6.4500000000e+08                       9903585
     30      3         6.4550000000e+08                       9903593
     32      3         6.4600000000e+08                       9903595
     32      3         6.4650000000e+08                       9903599
     32      3         6.4700000000e+08                       9903607
     32      3         6.4800000000e+08                       9903609
     30      3         6.4850000000e+08                       9903619
     30      3         6.4900000000e+08                       9903621
     32      3         6.4950000000e+08                       9903627
     30      3         6.5050000000e+08                       9903629
     15      1         6.5100000000e+08                       9903636
     30      3         6.5150000000e+08                       9903639
     30      3         6.5200000000e+08                       9903645
     11      1         6.5250000000e+08                      10738364
     30      3         6.8050000000e+08                      10738367
     30      3         6.8100000000e+08                      10738375
     30      3         6.8150000000e+08                      10738381
     30      3         6.8200000000e+08                      10738385
     30      3         6.8250000000e+08                      10738391
     32      3         6.8300000000e+08                      10738405
     32      3         6.8350000000e+08                      10738413
     15      1         6.8400000000e+08                      10738422
     30      3         6.8450000000e+08                      10738431
     32      3         6.8500000000e+08                      10738439
     32      3         6.8550000000e+08                      10738445
     12      1         6.8600000000e+08                      11547424
      7      0         7.1350000000e+08                      11547429
     12      1         7.1400000000e+08                      12139623
     30      3         7.3400000000e+08                      12139628
     32      3         7.3450000000e+08                      12139634
     15      1         7.3500000000e+08                      12139639
     30      3         7.3550000000e+08                      12139642
     32      3         7.3600000000e+08                      12139644
     32      3         7.3700000000e+08                      12139652
     30      3         7.3750000000e+08                      12139656
     30      3         7.3800000000e+08                      12139670
     30      3         7.3850000000e+08                      12139674
     12      1         7.3900000000e+08                      12419176
      7      0         7.4850000000e+08                      12419179
      7      0         7.4950000000e+08                      12419181
      7      0         7.5050000000e+08                      12419183
      7      0         7.5200000000e+08                      12419185
      7      0         7.5250000000e+08                      12419187
      7      0         7.5300000000e+08                      12419189
      7      0         7.5350000000e+08                      12419193
      7      0         7.5400000000e+08                      12419195
     14      1         7.5450000000e+08                      12419196
      5      0         7.5500000000e+08                      13344710
      6      0         7.8750000000e+08                      13344712
      8      0         7.8850000000e+08                      13344714
     23      2         7.8950000000e+08                      13344715
     23      2         7.9000000000e+08                      13344717
      6      0         7.9050000000e+08                      13344718
     23      2         7.9100000000e+08                      13344719
     23      2         7.9200000000e+08                      13344721
      6      0         7.9250000000e+08                      13344722
      8      0         7.9300000000e+08                      13344724
      8      0         7.9500000000e+08                      13344726
      5      0         7.9550000000e+08                      13959394
      6      0         8.1800000000e+08                      13959396
      6      0         8.1850000000e+08                      13959400
      6      0         8.2050000000e+08                      13959402
      6      0         8.2550000000e+08                      13959404
      8      0         8.2650000000e+08                      13959406
     23      2         8.2900000000e+08                      13959407
      8      0         8.2950000000e+08                      13959408
     23      2         8.3150000000e+08                      13959409
      6      0         8.3200000000e+08                      13959410
      6      0         8.3300000000e+08                      13959412
      8      0         8.3400000000e+08                      13959414
      8      0         8.3450000000e+08                      13959416
      6      0         8.3500000000e+08                      13959418
     23      2         8.3550000000e+08                      13959419
      6      0         8.3600000000e+08                      13959420
      6      0         8.3800000000e+08                      13959422
     23      2         8.3850000000e+08                      13959423
      6      0         8.3900000000e+08                      13959426
      6      0         8.3950000000e+08                      13959428
      6      0         8.4100000000e+08                      13959432
     23      2         8.4250000000e+08                      13959433
      8      0         8.4350000000e+08                      13959436
      2      0         8.4400000000e+08                      14368986
      7      0         8.5950000000e+08                      14368992
      7      0         8.6000000000e+08                      14368994
      7      0         8.6050000000e+08                      14368998
      7      0         8.6250000000e+08                      14369002
      7      0         8.6350000000e+08                      14369006
      7      0         8.6400000000e+08                      14369008
      7      0         8.6450000000e+08                      14369014
      7      0         8.6500000000e+08                      14369020
      7      0         8.6550000000e+08                      14369024
      7      0         8.6800000000e+08                      14369026
      7      0         8.6900000000e+08                      14369028
      7      0         8.6950000000e+08                      14369030
      7      0         8.7000000000e+08                      14369032
      7      0         8.7250000000e+08                      14369034
      7      0         8.7300000000e+08                      14369036
      7      0         8.7350000000e+08                      14369040
      7      0         8.7500000000e+08                      14369042
      7      0         8.7550000000e+08                      14369044
      7      0         8.7600000000e+08                      14369046
      7      0         8.7650000000e+08                      14369048
      7      0         8.7700000000e+08                      14369052
      7      0         8.7750000000e+08                      14369054
      7      0         8.7900000000e+08                      14369058
      7      0         8.7950000000e+08                      14369060
      7      0         8.8050000000e+08                      14369062
     14      1         8.8100000000e+08                      14369063
      7      0         8.8150000000e+08                      14369064
      7      0         8.8200000000e+08                      14369068
      7      0         8.8250000000e+08                      14369070
      7      0         8.8300000000e+08                      14369072
      9      1         8.8350000000e+08                      14605809
      7      0         8.9200000000e+08                      14605810
      7      0         8.9250000000e+08                      14605812
      7      0         8.9300000000e+08                      14605816
      7      0         8.9350000000e+08                      14605818
      7      0         8.9450000000e+08                      14605822
      7      0         8.9500000000e+08                      14605824
      7      0         8.9550000000e+08                      14605826
      7      0         8.9600000000e+08                      14605830
      7      0         8.9650000000e+08                      14605832
      7      0         8.9700000000e+08                      14605834
      7      0         8.9750000000e+08                      14605836
      7      0         8.9800000000e+08                      14605838
      7      0         8.9850000000e+08                      14605840
      7      0         8.9900000000e+08                      14605842
      7      0         9.0000000000e+08                      14605844
      7      0         9.0100000000e+08                      14605846
      7      0         9.0150000000e+08                      14605848
      7      0         9.0200000000e+08                      14605850
      7      0         9.0250000000e+08                      14605852
      7      0         9.0300000000e+08                      14605858
      7      0         9.0350000000e+08                      14605866
      7      0         9.0400000000e+08                      14605874
      7      0         9.0450000000e+08                      14605878
      7      0         9.0500000000e+08                      14605882
     14      1         9.0550000000e+08                      14605885
      3      0         9.0600000000e+08                      14876019
     23      2         9.1700000000e+08                      14876020
      8      0         9.1750000000e+08                      14876021
     23      2         9.1850000000e+08                      14876022
      8      0         9.1900000000e+08                      14876023
      6      0         9.1950000000e+08                      14876025
      8      0         9.2150000000e+08                      14876029
      5      0         9.2200000000e+08                      15161232
      7      0         9.3200000000e+08                      15161238
     16      1         9.3350000000e+08                      15161241
      1      0         9.3400000000e+08                      19900558
