      9      1         0.0000000000e+00                             0
      9      1         5.0000000000e+05                        630670
     30      3         2.1500000000e+07                        630675
     32      3         2.2000000000e+07                        630679
     30      3         2.2500000000e+07                        630683
     32      3         2.3000000000e+07                        630689
     32      3         2.3500000000e+07                        630695
     32      3         2.4000000000e+07                        630699
     32      3         2.4500000000e+07                        630701
     15      1         2.5000000000e+07                        630704
     30      3         2.5500000000e+07                        630709
     30      3         2.6000000000e+07                        630713
     32      3         2.6500000000e+07                        630721
     32      3         2.7000000000e+07                        630731
     32      3         2.7500000000e+07                        630735
     32      3         2.8000000000e+07                        630741
     32      3         2.8500000000e+07                        630747
     30      3         2.9000000000e+07                        630751
     30      3         2.9500000000e+07                        630757
     32      3         3.0000000000e+07                        630765
     32      3         3.0500000000e+07                        630775
     30      3         3.1000000000e+07                        630785
     32      3         3.1500000000e+07                        630793
     30      3         3.2000000000e+07                        630795
     32      3         3.2500000000e+07                        630805
     32      3         3.3000000000e+07                        630817
     32      3         3.3500000000e+07                        630821
     30      3         3.4000000000e+07                        630823
     32      3         3.4500000000e+07                        630829
     30      3         3.5000000000e+07                        630835
     32      3         3.5500000000e+07                        630843
     32      3         3.6000000000e+07                        630847
     32      3         3.6500000000e+07                        630855
     30      3         3.7000000000e+07                        630865
     32      3         3.7500000000e+07                        630877
     32      3         3.8000000000e+07                        630881
     30      3         3.8500000000e+07                        630883
     32      3         3.9500000000e+07                        630889
     32      3         4.0000000000e+07                        630897
     30      3         4.0500000000e+07                        630901
     15      1         4.1000000000e+07                        630908
     13      1         4.1500000000e+07                        866228
      7      0         4.9500000000e+07                        866229
      7      0         5.0000000000e+07                        866233
      7      0         5.2000000000e+07                        866235
      7      0         5.2500000000e+07                        866239
      7      0         5.3000000000e+07                        866241
      7      0         5.4000000000e+07                        866243
      7      0         5.5000000000e+07                        866245
      7      0         5.5500000000e+07                        866247
      7      0         5.6000000000e+07                        866249
      7      0         5.6500000000e+07                        866253
      7      0         5.7000000000e+07                        866255
      7      0         5.8000000000e+07                        866259
      7      0         5.8500000000e+07                        866263
      7      0         6.0500000000e+07                        866265
      7      0         6.1000000000e+07                        866267
      7      0         6.1500000000e+07                        866269
      7      0         6.2500000000e+07                        866275
      7      0         6.3000000000e+07                        866277
      7      0         6.3500000000e+07                        866281
     14      1         6.4500000000e+07                        866282
      7      0         6.5000000000e+07                        866283
      7      0         6.7000000000e+07                        866285
      7      0         6.7500000000e+07                        866287
      7      0         6.8000000000e+07                        866291
     16      1         6.8500000000e+07                        866292
      7      0         6.9000000000e+07                        866293
      7      0         6.9500000000e+07                        866295
      7      0         7.0000000000e+07                        866297
      3      0         7.1000000000e+07                       4401066
      6      0         1.9000000000e+08                       4401068
      8      0         1.9100000000e+08                       4401070
      6      0         1.9250000000e+08                       4401072
      8      0         1.9350000000e+08                       4401074
      6      0         1.9500000000e+08                       4401076
      6      0         1.9650000000e+08                       4401078
     23      2         1.9700000000e+08                       4401079
      8      0         1.9750000000e+08                       4401080
     23      2         1.9800000000e+08                       4401081
      1      0         1.9850000000e+08                       5716442
      8      0         2.4300000000e+08                       5716444
     23      2         2.4350000000e+08                       5716445
      8      0         2.4400000000e+08                       5716446
      6      0         2.4450000000e+08                       5716448
      8      0         2.4550000000e+08                       5716450
      6      0         2.4650000000e+08                       5716452
      6      0         2.4950000000e+08                       5716454
      8      0         2.5050000000e+08                       5716456
     23      2         2.5150000000e+08                       5716457
      8      0         2.5200000000e+08                       5716458
      8      0         2.5550000000e+08                       5716460
      4      0         2.5600000000e+08                       7482672
      6      0         3.1700000000e+08                       7482674
      8      0         3.1750000000e+08                       7482676
      8      0         3.1800000000e+08                       7482680
      8      0         3.1850000000e+08                       7482682
      6      0         3.1900000000e+08                       7482684
      8      0         3.1950000000e+08                       7482686
      6      0         3.2000000000e+08                       7482688
      8      0         3.2150000000e+08                       7482690
      6      0         3.2300000000e+08                       7482692
      5      0         3.2500000000e+08                       8570045
      7      0         3.6200000000e+08                       8570047
      7      0         3.6250000000e+08                       8570049
      7      0         3.6300000000e+08                       8570051
      7      0         3.6350000000e+08                       8570053
      7      0         3.6400000000e+08                       8570055
      7      0         3.6450000000e+08                       8570057
      7      0         3.6500000000e+08                       8570059
      7      0         3.6550000000e+08                       8570061
      1      0         3.6600000000e+08                       8728735
      8      0         3.7200000000e+08                       8728737
      8      0         3.7250000000e+08                       8728741
      8      0         3.7400000000e+08                       8728745
     23      2         3.7550000000e+08                       8728746
      6      0         3.7600000000e+08                       8728747
      8      0         3.7650000000e+08                       8728749
      6      0         3.7750000000e+08                       8728751
     23      2         3.7800000000e+08                       8728752
      8      0         3.7850000000e+08                       8728755
      8      0         3.8100000000e+08                       8728757
      8      0         3.8250000000e+08                       8728759
      6      0         3.8300000000e+08                       8728761
      6      0         3.8350000000e+08                       8728763
      8      0         3.8450000000e+08                       8728765
      6      0         3.8500000000e+08                       8728767
      8      0         3.8650000000e+08                       8728769
     23      2         3.8800000000e+08                       8728770
      8      0         3.8850000000e+08                       8728773
      6      0         3.8900000000e+08                       8728775
     23      2         3.8950000000e+08                       8728776
      6      0         3.9000000000e+08                       8728777
     23      2         3.9050000000e+08                       8728780
     23      2         3.9100000000e+08                       8728782
      8      0         3.9150000000e+08                       8728783
      2      0         3.9200000000e+08                       9267852
     23      2         4.1150000000e+08                       9267853
      6      0         4.1200000000e+08                       9267854
     23      2         4.1350000000e+08                       9267855
      1      0         4.1400000000e+08                      10407832
     23      2         4.5550000000e+08                      10407833
     23      2         4.5600000000e+08                      10407835
      8      0         4.5650000000e+08                      10407836
      8      0         4.5700000000e+08                      10407838
     23      2         4.5750000000e+08                      10407839
      8      0         4.5800000000e+08                      10407840
      5      0         4.5850000000e+08                      10419126
      7      0         4.6000000000e+08                      10419130
      7      0         4.6100000000e+08                      10419132
      7      0         4.6150000000e+08                      10419136
      7      0         4.6200000000e+08                      10419140
      7      0         4.6250000000e+08                      10419142
      7      0         4.6300000000e+08                      10419148
      7      0         4.6450000000e+08                      10419150
      1      0         4.6500000000e+08                      10488338
     16      1         4.6900000000e+08                      10488339
      7      0         4.6950000000e+08                      10488344
      7      0         4.7050000000e+08                      10488346
      7      0         4.7150000000e+08                      10488348
      7      0         4.7300000000e+08                      10488350
      7      0         4.7350000000e+08                      10488352
      7      0         4.7450000000e+08                      10488356
      7      0         4.7550000000e+08                      10488358
      7      0         4.7600000000e+08                      10488360
      7      0         4.7800000000e+08                      10488364
      7      0         4.7850000000e+08                      10488366
      7      0         4.7900000000e+08                      10488368
      7      0         4.8000000000e+08                      10488370
      7      0         4.8100000000e+08                      10488372
     16      1         4.8150000000e+08                      10488375
      7      0         4.8200000000e+08                      10488382
      7      0         4.8250000000e+08                      10488384
      7      0         4.8300000000e+08                      10488386
     14      1         4.8350000000e+08                      10488391
      7      0         4.8400000000e+08                      10488392
      7      0         4.8450000000e+08                      10488394
      7      0         4.8550000000e+08                      10488396
      7      0         4.8600000000e+08                      10488398
      7      0         4.8650000000e+08                      10488402
      7      0         4.8800000000e+08                      10488406
      7      0         4.8850000000e+08                      10488408
      7      0         4.8950000000e+08                      10488410
      7      0         4.9050000000e+08                      10488412
      7      0         4.9100000000e+08                      10488414
      7      0         4.9200000000e+08                      10488416
      7      0         4.9250000000e+08                      10488418
      7      0         4.9300000000e+08                      10488420
      7      0         4.9350000000e+08                      10488424
      7      0         4.9450000000e+08                      10488428
      7      0         4.9550000000e+08                      10488430
      7      0         4.9600000000e+08                      10488432
      7      0         4.9650000000e+08                      10488434
      7      0         4.9700000000e+08                      10488436
      7      0         4.9800000000e+08                      10488438
      7      0         4.9850000000e+08                      10488440
      7      0         4.9900000000e+08                      10488442
      7      0         4.9950000000e+08                      10488448
      7      0         5.0000000000e+08                      10488450
      7      0         5.0150000000e+08                      10488452
      7      0         5.0250000000e+08                      10488456
     16      1         5.0300000000e+08                      10488459
      3      0         5.0350000000e+08                      12110799
      8      0         5.6000000000e+08                      12110801
     23      2         5.6100000000e+08                      12110802
      8      0         5.6150000000e+08                      12110805
      8      0         5.6200000000e+08                      12110807
      6      0         5.6450000000e+08                      12110809
      8      0         5.6500000000e+08                      12110811
     23      2         5.6750000000e+08                      12110814
      8      0         5.6800000000e+08                      12110815
      4      0         5.6850000000e+08                      13652685
      7      0         6.2400000000e+08                      13652687
      2      0         6.2450000000e+08                      19844379
      8      0         8.3500000000e+08                      19844381
      8      0         8.3600000000e+08                      19844383
      8      0         8.3650000000e+08                      19844385
      2      0         8.3700000000e+08                      25761066
