     18      2         0.0000000000e+00                             0
     18      2         5.0000000000e+05                         48835
     24      2         5.8500000000e+07                         48837
     24      2         5.9000000000e+07                         48841
     22      2         6.0000000000e+07                         48847
     22      2         6.0500000000e+07                         48853
     31      3         6.1000000000e+07                         48858
     22      2         6.1500000000e+07                         48861
     24      2         6.2000000000e+07                         48865
     24      2         6.2500000000e+07                         48873
     22      2         6.3000000000e+07                         48875
     22      2         6.3500000000e+07                         48877
     31      3         6.5000000000e+07                         48884
     31      3         6.5500000000e+07                         48886
     22      2         6.6000000000e+07                         48889
     24      2         6.6500000000e+07                         48895
     22      2         6.7000000000e+07                         48897
     22      2         6.7500000000e+07                         48899
     31      3         6.8000000000e+07                         48906
     31      3         6.8500000000e+07                         48910
     22      2         6.9000000000e+07                         48913
     22      2         6.9500000000e+07                         48917
     22      2         7.0000000000e+07                         48921
     31      3         7.0500000000e+07                         48922
     22      2         7.1000000000e+07                         48925
     22      2         7.1500000000e+07                         48929
     22      2         7.2500000000e+07                         48937
     24      2         7.3000000000e+07                         48941
     24      2         7.3500000000e+07                         48943
     22      2         7.4000000000e+07                         48947
     22      2         7.4500000000e+07                         48953
     31      3         7.5500000000e+07                         48960
     22      2         7.6000000000e+07                         48965
     22      2         7.6500000000e+07                         48969
     22      2         7.7000000000e+07                         48979
     24      2         7.7500000000e+07                         48981
     24      2         7.8000000000e+07                         48983
     22      2         7.8500000000e+07                         48987
     22      2         7.9500000000e+07                         48991
     24      2         8.0000000000e+07                         48995
     22      2         8.0500000000e+07                         48997
     22      2         8.1000000000e+07                         48999
     22      2         8.1500000000e+07                         49001
     31      3         8.2000000000e+07                         49006
     24      2         8.2500000000e+07                         49009
     22      2         8.3000000000e+07                         49011
     22      2         8.3500000000e+07                         49013
     24      2         8.4000000000e+07                         49015
     24      2         8.4500000000e+07                         49017
     22      2         8.5500000000e+07                         49021
     22      2         8.6000000000e+07                         49023
     22      2         8.7500000000e+07                         49027
     24      2         8.8000000000e+07                         49029
     24      2         8.9000000000e+07                         49035
     24      2         8.9500000000e+07                         49039
     22      2         9.0000000000e+07                         49049
     31      3         9.0500000000e+07                         49056
     31      3         9.1000000000e+07                         49058
     22      2         9.1500000000e+07                         49061
     24      2         9.2000000000e+07                         49065
     22      2         9.2500000000e+07                         49067
     22      2         9.3500000000e+07                         49069
     31      3         9.4000000000e+07                         49074
     22      2         9.4500000000e+07                         49081
     24      2         9.5500000000e+07                         49087
     31      3         9.6000000000e+07                         49090
     24      2         9.6500000000e+07                         49097
     22      2         9.7000000000e+07                         49103
     24      2         9.7500000000e+07                         49105
     22      2         9.8000000000e+07                         49107
     22      2         9.8500000000e+07                         49111
     22      2         1.0000000000e+08                         49115
     22      2         1.0050000000e+08                         49117
     22      2         1.0100000000e+08                         49121
     31      3         1.0150000000e+08                         49126
     24      2         1.0200000000e+08                         49131
     24      2         1.0250000000e+08                         49133
     31      3         1.0300000000e+08                         49138
     22      2         1.0350000000e+08                         49139
     24      2         1.0400000000e+08                         49143
     22      2         1.0450000000e+08                         49147
     22      2         1.0550000000e+08                         49149
     24      2         1.0600000000e+08                         49151
     22      2         1.0650000000e+08                         49155
     22      2         1.0700000000e+08                         49157
     22      2         1.0750000000e+08                         49161
     22      2         1.0800000000e+08                         49163
     22      2         1.0850000000e+08                         49165
     22      2         1.0950000000e+08                         49167
     22      2         1.1000000000e+08                         49169
     22      2         1.1100000000e+08                         49173
     22      2         1.1150000000e+08                         49177
     31      3         1.1200000000e+08                         49178
     22      2         1.1250000000e+08                         49181
     24      2         1.1300000000e+08                         49185
     31      3         1.1350000000e+08                         49188
     24      2         1.1400000000e+08                         49191
     31      3         1.1450000000e+08                         49194
     22      2         1.1500000000e+08                         49197
     24      2         1.1550000000e+08                         49205
     31      3         1.1600000000e+08                         49208
     31      3         1.1650000000e+08                         49210
     24      2         1.1700000000e+08                         49213
     24      2         1.1750000000e+08                         49219
     31      3         1.1800000000e+08                         49222
     22      2         1.1850000000e+08                         49229
     22      2         1.1900000000e+08                         49233
     24      2         1.2000000000e+08                         49235
     24      2         1.2050000000e+08                         49237
     31      3         1.2100000000e+08                         49240
     24      2         1.2150000000e+08                         49243
     31      3         1.2200000000e+08                         49244
     24      2         1.2250000000e+08                         49247
     31      3         1.2300000000e+08                         49250
     24      2         1.2350000000e+08                         49255
     31      3         1.2450000000e+08                         49258
     24      2         1.2500000000e+08                         49261
     22      2         1.2550000000e+08                         49263
     31      3         1.2600000000e+08                         49266
     24      2         1.2650000000e+08                         49271
     22      2         1.2700000000e+08                         49277
     24      2         1.2750000000e+08                         49281
     22      2         1.2800000000e+08                         49285
     24      2         1.2850000000e+08                         49291
     22      2         1.2900000000e+08                         49295
     31      3         1.2950000000e+08                         49298
     22      2         1.3000000000e+08                         49301
     22      2         1.3050000000e+08                         49303
     22      2         1.3100000000e+08                         49305
     22      2         1.3250000000e+08                         49311
     22      2         1.3300000000e+08                         49315
     24      2         1.3400000000e+08                         49317
     22      2         1.3450000000e+08                         49319
     24      2         1.3500000000e+08                         49321
     24      2         1.3550000000e+08                         49323
     22      2         1.3650000000e+08                         49327
     31      3         1.3900000000e+08                         49328
     22      2         1.3950000000e+08                         49329
     22      2         1.4000000000e+08                         49331
     22      2         1.4050000000e+08                         49335
     24      2         1.4150000000e+08                         49337
     31      3         1.4200000000e+08                         49338
     22      2         1.4250000000e+08                         49345
     22      2         1.4300000000e+08                         49347
     31      3         1.4350000000e+08                         49352
     22      2         1.4400000000e+08                         49355
     22      2         1.4450000000e+08                         49357
     31      3         1.4500000000e+08                         49360
     31      3         1.4550000000e+08                         49364
     22      2         1.4600000000e+08                         49365
     24      2         1.4700000000e+08                         49371
     24      2         1.4750000000e+08                         49373
     22      2         1.4800000000e+08                         49377
     22      2         1.4900000000e+08                         49379
     24      2         1.5000000000e+08                         49383
     24      2         1.5100000000e+08                         49385
     24      2         1.5150000000e+08                         49387
     24      2         1.5200000000e+08                         49389
     22      2         1.5250000000e+08                         49391
     24      2         1.5300000000e+08                         49393
     24      2         1.5350000000e+08                         49395
     31      3         1.5450000000e+08                         49400
     24      2         1.5500000000e+08                         49401
     24      2         1.5550000000e+08                         49407
     22      2         1.5600000000e+08                         49411
     24      2         1.5650000000e+08                         49413
     22      2         1.5700000000e+08                         49415
     31      3         1.5750000000e+08                         49418
     24      2         1.5800000000e+08                         49423
     24      2         1.5850000000e+08                         49425
     31      3         1.5900000000e+08                         49426
     22      2         1.5950000000e+08                         49427
     24      2         1.6000000000e+08                         49429
     22      2         1.6050000000e+08                         49431
     22      2         1.6100000000e+08                         49433
     24      2         1.6150000000e+08                         49435
     22      2         1.6200000000e+08                         49437
     22      2         1.6250000000e+08                         49439
     31      3         1.6300000000e+08                         49440
     24      2         1.6350000000e+08                         49441
     24      2         1.6400000000e+08                         49447
     24      2         1.6450000000e+08                         49449
     24      2         1.6500000000e+08                         49453
     24      2         1.6550000000e+08                         49457
     22      2         1.6600000000e+08                         49461
     22      2         1.6650000000e+08                         49463
     22      2         1.6700000000e+08                         49469
     31      3         1.6750000000e+08                         49474
     24      2         1.6800000000e+08                         49477
     22      2         1.6850000000e+08                         49483
     22      2         1.6900000000e+08                         49485
     22      2         1.6950000000e+08                         49489
     24      2         1.7000000000e+08                         49491
     22      2         1.7100000000e+08                         49499
     31      3         1.7150000000e+08                         49504
     22      2         1.7200000000e+08                         49511
     22      2         1.7350000000e+08                         49517
     24      2         1.7400000000e+08                         49521
     31      3         1.7450000000e+08                         49526
     24      2         1.7500000000e+08                         49531
     22      2         1.7600000000e+08                         49535
     22      2         1.7650000000e+08                         49541
     31      3         1.7700000000e+08                         49548
     22      2         1.7750000000e+08                         49549
     22      2         1.7800000000e+08                         49557
     22      2         1.7850000000e+08                         49561
     22      2         1.7950000000e+08                         49565
     31      3         1.8000000000e+08                         49568
     24      2         1.8050000000e+08                         49571
     24      2         1.8100000000e+08                         49573
     22      2         1.8150000000e+08                         49575
     24      2         1.8200000000e+08                         49577
     24      2         1.8250000000e+08                         49581
     31      3         1.8300000000e+08                         49586
     22      2         1.8350000000e+08                         49587
     24      2         1.8400000000e+08                         49591
     22      2         1.8450000000e+08                         49595
     31      3         1.8500000000e+08                         49596
     24      2         1.8550000000e+08                         49599
     24      2         1.8600000000e+08                         49605
     22      2         1.8700000000e+08                         49607
     24      2         1.8750000000e+08                         49611
     22      2         1.8800000000e+08                         49613
     22      2         1.8850000000e+08                         49617
     24      2         1.8900000000e+08                         49623
     22      2         1.8950000000e+08                         49627
     24      2         1.9000000000e+08                         49629
     31      3         1.9050000000e+08                         49632
     31      3         1.9100000000e+08                         49634
     31      3         1.9150000000e+08                         49638
     24      2         1.9200000000e+08                         49641
     31      3         1.9250000000e+08                         49646
     24      2         1.9300000000e+08                         49651
     24      2         1.9350000000e+08                         49653
     31      3         1.9400000000e+08                         49656
     24      2         1.9450000000e+08                         49659
     24      2         1.9500000000e+08                         49661
     31      3         1.9550000000e+08                         49662
     31      3         1.9600000000e+08                         49666
     24      2         1.9650000000e+08                         49671
     22      2         1.9700000000e+08                         49675
     31      3         1.9850000000e+08                         49676
     24      2         1.9900000000e+08                         49679
     22      2         1.9950000000e+08                         49681
     24      2         2.0000000000e+08                         49683
     31      3         2.0100000000e+08                         49686
     31      3         2.0150000000e+08                         49688
     22      2         2.0200000000e+08                         49693
     24      2         2.0250000000e+08                         49697
     22      2         2.0300000000e+08                         49701
     22      2         2.0350000000e+08                         49705
     24      2         2.0450000000e+08                         49709
     22      2         2.0500000000e+08                         49711
     24      2         2.0550000000e+08                         49715
     24      2         2.0600000000e+08                         49717
     24      2         2.0650000000e+08                         49721
     22      2         2.0700000000e+08                         49727
     31      3         2.0800000000e+08                         49728
     24      2         2.0850000000e+08                         49729
     22      2         2.0900000000e+08                         49733
     31      3         2.1000000000e+08                         49736
     24      2         2.1050000000e+08                         49741
     31      3         2.1100000000e+08                         49746
     22      2         2.1150000000e+08                         49749
     24      2         2.1200000000e+08                         49751
     22      2         2.1250000000e+08                         49753
     24      2         2.1300000000e+08                         49755
     22      2         2.1350000000e+08                         49763
     31      3         2.1400000000e+08                         49768
     22      2         2.1450000000e+08                         49769
     22      2         2.1500000000e+08                         49771
     22      2         2.1550000000e+08                         49773
     24      2         2.1650000000e+08                         49775
     31      3         2.1700000000e+08                         49778
     31      3         2.1750000000e+08                         49780
     22      2         2.1800000000e+08                         49781
     31      3         2.1900000000e+08                         49786
     22      2         2.1950000000e+08                         49789
     24      2         2.2100000000e+08                         49791
     31      3         2.2150000000e+08                         49792
     22      2         2.2200000000e+08                         49793
     24      2         2.2300000000e+08                         49797
     22      2         2.2350000000e+08                         49799
     22      2         2.2400000000e+08                         49801
     24      2         2.2450000000e+08                         49803
     24      2         2.2500000000e+08                         49807
     22      2         2.2550000000e+08                         49809
     24      2         2.2600000000e+08                         49813
     22      2         2.2650000000e+08                         49817
     24      2         2.2700000000e+08                         49819
     24      2         2.2750000000e+08                         49825
     24      2         2.2850000000e+08                         49829
     22      2         2.2900000000e+08                         49831
     24      2         2.2950000000e+08                         49835
     24      2         2.3000000000e+08                         49839
     24      2         2.3050000000e+08                         49843
     22      2         2.3100000000e+08                         49845
     24      2         2.3150000000e+08                         49849
     24      2         2.3250000000e+08                         49851
     31      3         2.3300000000e+08                         49856
     24      2         2.3350000000e+08                         49863
     22      2         2.3400000000e+08                         49865
     24      2         2.3450000000e+08                         49875
     22      2         2.3500000000e+08                         49879
     24      2         2.3550000000e+08                         49881
     24      2         2.3600000000e+08                         49883
     24      2         2.3650000000e+08                         49887
     22      2         2.3700000000e+08                         49889
     31      3         2.3750000000e+08                         49894
     24      2         2.3800000000e+08                         49899
     22      2         2.3850000000e+08                         49901
     22      2         2.3900000000e+08                         49903
     24      2         2.3950000000e+08                         49905
     22      2         2.4000000000e+08                         49907
     31      3         2.4050000000e+08                         49910
     22      2         2.4100000000e+08                         49911
     24      2         2.4150000000e+08                         49915
     22      2         2.4250000000e+08                         49917
     31      3         2.4300000000e+08                         49920
     22      2         2.4350000000e+08                         49925
     24      2         2.4400000000e+08                         49927
     22      2         2.4450000000e+08                         49933
     22      2         2.4500000000e+08                         49939
     24      2         2.4550000000e+08                         49949
     24      2         2.4600000000e+08                         49953
     24      2         2.4650000000e+08                         49959
     24      2         2.4700000000e+08                         49965
     31      3         2.4750000000e+08                         49966
     31      3         2.4800000000e+08                         49970
     22      2         2.4850000000e+08                         49971
     22      2         2.4900000000e+08                         49973
     24      2         2.4950000000e+08                         49977
     24      2         2.5000000000e+08                         49979
     22      2         2.5100000000e+08                         49983
     31      3         2.5150000000e+08                         49984
     31      3         2.5200000000e+08                         49990
     24      2         2.5250000000e+08                         49991
     22      2         2.5300000000e+08                         49997
     24      2         2.5400000000e+08                         49999
     31      3         2.5450000000e+08                         50002
     24      2         2.5500000000e+08                         50009
     22      2         2.5550000000e+08                         50015
     22      2         2.5600000000e+08                         50017
     31      3         2.5650000000e+08                         50022
     22      2         2.5700000000e+08                         50023
     24      2         2.5750000000e+08                         50025
     22      2         2.5800000000e+08                         50027
     22      2         2.5850000000e+08                         50029
     31      3         2.5900000000e+08                         50030
     24      2         2.5950000000e+08                         50031
     22      2         2.6000000000e+08                         50035
     24      2         2.6050000000e+08                         50039
     24      2         2.6100000000e+08                         50041
     24      2         2.6150000000e+08                         50043
     22      2         2.6250000000e+08                         50045
     24      2         2.6300000000e+08                         50047
     24      2         2.6350000000e+08                         50049
     22      2         2.6450000000e+08                         50051
     22      2         2.6500000000e+08                         50057
     22      2         2.6550000000e+08                         50063
     31      3         2.6600000000e+08                         50064
     24      2         2.6650000000e+08                         50065
     31      3         2.6750000000e+08                         50066
     24      2         2.6800000000e+08                         50067
     22      2         2.6850000000e+08                         50069
     24      2         2.6900000000e+08                         50071
     31      3         2.6950000000e+08                         50074
     22      2         2.7000000000e+08                         50077
     24      2         2.7050000000e+08                         50081
     24      2         2.7100000000e+08                         50083
     22      2         2.7150000000e+08                         50089
     24      2         2.7200000000e+08                         50093
     24      2         2.7250000000e+08                         50097
     24      2         2.7300000000e+08                         50103
     24      2         2.7350000000e+08                         50105
     31      3         2.7400000000e+08                         50108
     31      3         2.7450000000e+08                         50114
     24      2         2.7500000000e+08                         50117
     22      2         2.7600000000e+08                         50123
     22      2         2.7700000000e+08                         50125
     24      2         2.7750000000e+08                         50129
     24      2         2.7800000000e+08                         50135
     31      3         2.7850000000e+08                         50136
     24      2         2.7900000000e+08                         50143
     22      2         2.7950000000e+08                         50147
     22      2         2.8000000000e+08                         50149
     24      2         2.8050000000e+08                         50151
     22      2         2.8100000000e+08                         50155
     22      2         2.8150000000e+08                         50161
     31      3         2.8200000000e+08                         50166
     31      3         2.8250000000e+08                         50168
     24      2         2.8300000000e+08                         50171
     31      3         2.8350000000e+08                         50174
     31      3         2.8400000000e+08                         50178
     22      2         2.8450000000e+08                         50179
     22      2         2.8500000000e+08                         50181
     22      2         2.8600000000e+08                         50185
     22      2         2.8700000000e+08                         50191
     24      2         2.8750000000e+08                         50193
     22      2         2.8800000000e+08                         50197
     31      3         2.8850000000e+08                         50200
     31      3         2.8900000000e+08                         50204
     22      2         2.8950000000e+08                         50205
     24      2         2.9000000000e+08                         50207
     31      3         2.9050000000e+08                         50210
     31      3         2.9100000000e+08                         50214
     22      2         2.9150000000e+08                         50219
     24      2         2.9200000000e+08                         50221
     22      2         2.9250000000e+08                         50225
     31      3         2.9300000000e+08                         50228
     22      2         2.9350000000e+08                         50231
     31      3         2.9400000000e+08                         50232
     31      3         2.9450000000e+08                         50234
     22      2         2.9500000000e+08                         50239
     31      3         2.9550000000e+08                         50240
     22      2         2.9600000000e+08                         50243
     22      2         2.9650000000e+08                         50249
     31      3         2.9700000000e+08                         50252
     22      2         2.9750000000e+08                         50255
     24      2         2.9800000000e+08                         50259
     24      2         2.9850000000e+08                         50261
     22      2         2.9900000000e+08                         50265
     31      3         2.9950000000e+08                         50270
     24      2         3.0000000000e+08                         50271
     24      2         3.0050000000e+08                         50273
     22      2         3.0100000000e+08                         50277
     24      2         3.0150000000e+08                         50281
     31      3         3.0200000000e+08                         50282
     22      2         3.0250000000e+08                         50283
     31      3         3.0300000000e+08                         50284
     24      2         3.0350000000e+08                         50285
     22      2         3.0400000000e+08                         50289
     24      2         3.0450000000e+08                         50293
     22      2         3.0500000000e+08                         50299
     24      2         3.0550000000e+08                         50301
     22      2         3.0600000000e+08                         50303
     22      2         3.0650000000e+08                         50307
     22      2         3.0700000000e+08                         50309
     22      2         3.0750000000e+08                         50311
     22      2         3.0800000000e+08                         50319
     31      3         3.0850000000e+08                         50328
     31      3         3.0900000000e+08                         50330
     24      2         3.0950000000e+08                         50331
     31      3         3.1100000000e+08                         50334
     22      2         3.1150000000e+08                         50337
     22      2         3.1250000000e+08                         50339
     22      2         3.1300000000e+08                         50341
     22      2         3.1350000000e+08                         50343
     24      2         3.1450000000e+08                         50347
     31      3         3.1500000000e+08                         50348
     24      2         3.1550000000e+08                         50353
     22      2         3.1600000000e+08                         50355
     22      2         3.1650000000e+08                         50361
     31      3         3.1700000000e+08                         50368
     24      2         3.1750000000e+08                         50369
     31      3         3.1800000000e+08                         50370
     22      2         3.1850000000e+08                         50373
     24      2         3.1900000000e+08                         50377
     31      3         3.1950000000e+08                         50384
     31      3         3.2000000000e+08                         50388
     31      3         3.2050000000e+08                         50394
     31      3         3.2100000000e+08                         50398
     24      2         3.2150000000e+08                         50401
     31      3         3.2200000000e+08                         50406
     24      2         3.2250000000e+08                         50407
     22      2         3.2300000000e+08                         50411
     22      2         3.2350000000e+08                         50413
     22      2         3.2400000000e+08                         50415
     22      2         3.2450000000e+08                         50419
     31      3         3.2500000000e+08                         50424
     24      2         3.2550000000e+08                         50427
     31      3         3.2650000000e+08                         50430
     22      2         3.2700000000e+08                         50435
     22      2         3.2750000000e+08                         50437
     24      2         3.2800000000e+08                         50439
     31      3         3.2850000000e+08                         50440
     24      2         3.2900000000e+08                         50445
     22      2         3.2950000000e+08                         50449
     22      2         3.3000000000e+08                         50451
     24      2         3.3050000000e+08                         50453
     22      2         3.3100000000e+08                         50455
     22      2         3.3200000000e+08                         50457
     24      2         3.3250000000e+08                         50463
     24      2         3.3300000000e+08                         50467
     31      3         3.3350000000e+08                         50468
     24      2         3.3400000000e+08                         50469
     31      3         3.3450000000e+08                         50474
     22      2         3.3500000000e+08                         50479
     22      2         3.3550000000e+08                         50481
     22      2         3.3600000000e+08                         50483
     22      2         3.3650000000e+08                         50487
     22      2         3.3750000000e+08                         50489
     22      2         3.3800000000e+08                         50495
     24      2         3.3850000000e+08                         50497
     24      2         3.3900000000e+08                         50501
     24      2         3.3950000000e+08                         50507
     22      2         3.4000000000e+08                         50511
     24      2         3.4050000000e+08                         50517
     22      2         3.4100000000e+08                         50519
     22      2         3.4150000000e+08                         50521
     31      3         3.4200000000e+08                         50526
     24      2         3.4250000000e+08                         50533
     22      2         3.4300000000e+08                         50537
     24      2         3.4350000000e+08                         50539
     20      2         3.4400000000e+08                        320360
     23      2         6.6650000000e+08                        320362
     23      2         6.6700000000e+08                        320364
      6      0         6.6750000000e+08                        320367
      8      0         6.6800000000e+08                        320369
     23      2         6.6900000000e+08                        320370
     23      2         6.6950000000e+08                        320372
      8      0         6.7000000000e+08                        320373
      8      0         6.7400000000e+08                        320375
     23      2         6.7450000000e+08                        320376
      6      0         6.7500000000e+08                        320377
      6      0         6.7700000000e+08                        320379
      6      0         6.7750000000e+08                        320383
      6      0         6.7800000000e+08                        320387
      6      0         6.7900000000e+08                        320389
      6      0         6.8000000000e+08                        320395
     23      2         6.8150000000e+08                        320396
      6      0         6.8200000000e+08                        320397
     23      2         6.8450000000e+08                        320400
      6      0         6.8500000000e+08                        320401
      6      0         6.8550000000e+08                        320403
      6      0         6.8700000000e+08                        320405
      8      0         6.8750000000e+08                        320407
     23      2         6.9100000000e+08                        320408
      8      0         6.9150000000e+08                        320409
      8      0         6.9200000000e+08                        320411
     23      2         6.9400000000e+08                        320412
      3      0         6.9450000000e+08                       1712033
     23      2         7.4150000000e+08                       1712036
     23      2         7.4250000000e+08                       1712038
      3      0         7.4300000000e+08                       2790846
      6      0         7.8150000000e+08                       2790848
      6      0         7.8250000000e+08                       2790850
     23      2         7.8300000000e+08                       2790853
      8      0         7.8350000000e+08                       2790854
      8      0         7.8400000000e+08                       2790856
      8      0         7.8600000000e+08                       2790858
      8      0         7.8650000000e+08                       2790860
      8      0         7.8700000000e+08                       2790862
     23      2         7.8850000000e+08                       2790863
      6      0         7.8900000000e+08                       2790864
      6      0         7.8950000000e+08                       2790866
     23      2         7.9000000000e+08                       2790867
      6      0         7.9050000000e+08                       2790868
     23      2         7.9150000000e+08                       2790869
      8      0         7.9200000000e+08                       2790870
      8      0         7.9550000000e+08                       2790872
      8      0         7.9650000000e+08                       2790876
      8      0         7.9700000000e+08                       2790878
     23      2         7.9950000000e+08                       2790879
      8      0         8.0000000000e+08                       2790880
      6      0         8.0300000000e+08                       2790882
      8      0         8.0350000000e+08                       2790884
      8      0         8.0400000000e+08                       2790886
      8      0         8.0550000000e+08                       2790888
      8      0         8.1050000000e+08                       2790890
      6      0         8.1100000000e+08                       2790892
     23      2         8.1150000000e+08                       2790893
      2      0         8.1200000000e+08                       3579568
     14      1         8.3900000000e+08                       3579571
      7      0         8.3950000000e+08                       3579574
      7      0         8.4000000000e+08                       3579576
      7      0         8.4150000000e+08                       3579578
      7      0         8.4250000000e+08                       3579580
      7      0         8.4300000000e+08                       3579584
      7      0         8.4350000000e+08                       3579586
     13      1         8.4400000000e+08                       3920513
      7      0         8.5550000000e+08                       3920514
      7      0         8.5700000000e+08                       3920518
      7      0         8.5900000000e+08                       3920520
      1      0         8.6100000000e+08                       4314125
     23      2         8.7550000000e+08                       4314126
      8      0         8.7600000000e+08                       4314127
      6      0         8.7800000000e+08                       4314131
     23      2         8.7900000000e+08                       4314132
      6      0         8.7950000000e+08                       4314133
      6      0         8.8050000000e+08                       4314135
      4      0         8.8200000000e+08                       4369065
      8      0         8.8850000000e+08                       4369067
      8      0         8.8900000000e+08                       4369069
      4      0         8.9050000000e+08                       4554718
      6      0         8.9800000000e+08                       4554720
      2      0         8.9950000000e+08                       6521340
      7      0         9.6700000000e+08                       6521342
      7      0         9.6800000000e+08                       6521344
      7      0         9.6850000000e+08                       6521348
      7      0         9.6900000000e+08                       6521350
      7      0         9.7000000000e+08                       6521352
      7      0         9.7050000000e+08                       6521354
      7      0         9.7100000000e+08                       6521358
     16      1         9.7150000000e+08                       6521363
      7      0         9.7200000000e+08                       6521364
      7      0         9.7250000000e+08                       6521366
      7      0         9.7400000000e+08                       6521368
      7      0         9.7450000000e+08                       6521370
      7      0         9.7550000000e+08                       6521372
      7      0         9.7600000000e+08                       6521374
      7      0         9.7750000000e+08                       6521378
      7      0         9.7800000000e+08                       6521380
      7      0         9.7900000000e+08                       6521384
      7      0         9.7950000000e+08                       6521386
      7      0         9.8200000000e+08                       6521388
      3      0         9.8350000000e+08                       6972964
      7      0         9.9900000000e+08                       6972966
      7      0         1.0000000000e+09                       6972970
