      1      0         0.0000000000e+00                             0
      1      0         5.0000000000e+05                       1441252
     23      2         5.0000000000e+07                       1441255
      6      0         5.0500000000e+07                       1441256
      6      0         5.3500000000e+07                       1441258
      8      0         5.4500000000e+07                       1441260
      6      0         5.6000000000e+07                       1441262
      8      0         5.8000000000e+07                       1441264
     23      2         5.8500000000e+07                       1441265
      8      0         5.9000000000e+07                       1441266
      1      0         5.9500000000e+07                       3364648
      8      0         1.2500000000e+08                       3364650
      6      0         1.2550000000e+08                       3364654
      8      0         1.2700000000e+08                       3364658
     23      2         1.2800000000e+08                       3364659
     23      2         1.2850000000e+08                       3364663
      6      0         1.2900000000e+08                       3364664
     23      2         1.2950000000e+08                       3364665
      8      0         1.3050000000e+08                       3364666
      8      0         1.3150000000e+08                       3364668
      8      0         1.3350000000e+08                       3364670
     23      2         1.3550000000e+08                       3364671
      8      0         1.3600000000e+08                       3364672
      6      0         1.3700000000e+08                       3364674
     23      2         1.3800000000e+08                       3364677
      3      0         1.3850000000e+08                       6728500
     14      1         2.5300000000e+08                       6728501
      7      0         2.5350000000e+08                       6728502
     12      1         2.5450000000e+08                       7125236
      7      0         2.6800000000e+08                       7125239
      7      0         2.6950000000e+08                       7125243
      7      0         2.7100000000e+08                       7125245
      7      0         2.7150000000e+08                       7125247
      7      0         2.7200000000e+08                       7125249
      7      0         2.7250000000e+08                       7125251
      7      0         2.7300000000e+08                       7125257
      7      0         2.7400000000e+08                       7125261
      7      0         2.7450000000e+08                       7125265
      7      0         2.7500000000e+08                       7125267
      7      0         2.7600000000e+08                       7125269
      7      0         2.7650000000e+08                       7125275
      7      0         2.7700000000e+08                       7125277
      7      0         2.7750000000e+08                       7125279
      7      0         2.7800000000e+08                       7125285
     16      1         2.7850000000e+08                       7125286
      7      0         2.7900000000e+08                       7125291
      7      0         2.8100000000e+08                       7125295
      7      0         2.8250000000e+08                       7125297
      7      0         2.8350000000e+08                       7125301
      7      0         2.8400000000e+08                       7125305
      7      0         2.8500000000e+08                       7125309
      7      0         2.8600000000e+08                       7125313
     14      1         2.8650000000e+08                       7125314
      7      0         2.8700000000e+08                       7125319
      7      0         2.8750000000e+08                       7125323
      7      0         2.8800000000e+08                       7125327
      7      0         2.8850000000e+08                       7125331
      7      0         2.8950000000e+08                       7125333
      7      0         2.9000000000e+08                       7125335
     14      1         2.9050000000e+08                       7125336
      7      0         2.9100000000e+08                       7125337
     14      1         2.9150000000e+08                       7125342
     14      1         2.9200000000e+08                       7125344
      7      0         2.9250000000e+08                       7125345
      7      0         2.9300000000e+08                       7125347
      7      0         2.9350000000e+08                       7125349
      7      0         2.9500000000e+08                       7125351
      7      0         2.9550000000e+08                       7125357
      7      0         2.9600000000e+08                       7125359
      7      0         2.9650000000e+08                       7125361
      7      0         2.9700000000e+08                       7125363
     16      1         2.9750000000e+08                       7125366
      7      0         2.9800000000e+08                       7125367
      7      0         2.9850000000e+08                       7125369
      7      0         2.9950000000e+08                       7125371
      7      0         3.0000000000e+08                       7125375
      7      0         3.0050000000e+08                       7125377
      7      0         3.0100000000e+08                       7125381
      7      0         3.0150000000e+08                       7125385
      7      0         3.0300000000e+08                       7125387
      7      0         3.0500000000e+08                       7125389
      7      0         3.0550000000e+08                       7125395
      7      0         3.0600000000e+08                       7125397
      7      0         3.0650000000e+08                       7125401
      1      0         3.0700000000e+08                       8648623
      7      0         3.5900000000e+08                       8648627
      7      0         3.5950000000e+08                       8648629
      7      0         3.6000000000e+08                       8648631
      7      0         3.6050000000e+08                       8648635
      7      0         3.6150000000e+08                       8648639
      7      0         3.6200000000e+08                       8648641
      7      0         3.6250000000e+08                       8648643
      7      0         3.6300000000e+08                       8648647
      7      0         3.6350000000e+08                       8648649
      7      0         3.6400000000e+08                       8648651
      7      0         3.6450000000e+08                       8648653
      7      0         3.6500000000e+08                       8648657
     16      1         3.6750000000e+08                       8648658
      7      0         3.6800000000e+08                       8648661
      7      0         3.6900000000e+08                       8648665
      7      0         3.6950000000e+08                       8648667
      7      0         3.7050000000e+08                       8648669
      7      0         3.7100000000e+08                       8648675
     13      1         3.7200000000e+08                       8924266
     16      1         3.8100000000e+08                       8924268
      3      0         3.8150000000e+08                       9628575
     23      2         4.0700000000e+08                       9628576
      8      0         4.0750000000e+08                       9628577
      6      0         4.0900000000e+08                       9628579
     23      2         4.0950000000e+08                       9628580
      8      0         4.1000000000e+08                       9628581
      3      0         4.1050000000e+08                      13373320
      6      0         5.3950000000e+08                      13373322
     23      2         5.4000000000e+08                      13373323
      8      0         5.4050000000e+08                      13373324
      8      0         5.4100000000e+08                      13373326
     23      2         5.4300000000e+08                      13373327
     23      2         5.4350000000e+08                      13373329
      8      0         5.4400000000e+08                      13373330
     23      2         5.4600000000e+08                      13373331
      6      0         5.4650000000e+08                      13373332
     23      2         5.4900000000e+08                      13373335
      6      0         5.4950000000e+08                      13373338
      6      0         5.5000000000e+08                      13373340
      6      0         5.5300000000e+08                      13373344
     23      2         5.5500000000e+08                      13373345
     23      2         5.5550000000e+08                      13373347
     23      2         5.5600000000e+08                      13373349
      8      0         5.5650000000e+08                      13373350
     23      2         5.5700000000e+08                      13373351
      6      0         5.5750000000e+08                      13373352
     23      2         5.5900000000e+08                      13373353
      3      0         5.5950000000e+08                      14619503
     23      2         6.0400000000e+08                      14619504
     23      2         6.0450000000e+08                      14619506
      6      0         6.0500000000e+08                      14619507
     23      2         6.0550000000e+08                      14619508
     23      2         6.0600000000e+08                      14619510
      6      0         6.0650000000e+08                      14619511
     23      2         6.0800000000e+08                      14619512
     23      2         6.0850000000e+08                      14619514
      8      0         6.0900000000e+08                      14619515
      8      0         6.1100000000e+08                      14619517
     23      2         6.1250000000e+08                      14619520
      6      0         6.1300000000e+08                      14619521
      8      0         6.1400000000e+08                      14619523
      6      0         6.1450000000e+08                      14619525
      6      0         6.1500000000e+08                      14619527
      8      0         6.1550000000e+08                      14619531
      8      0         6.2000000000e+08                      14619533
      1      0         6.2050000000e+08                      14956005
      8      0         6.3200000000e+08                      14956007
     23      2         6.3450000000e+08                      14956008
      6      0         6.3500000000e+08                      14956009
      6      0         6.3550000000e+08                      14956011
     23      2         6.3650000000e+08                      14956012
     23      2         6.3700000000e+08                      14956014
      8      0         6.3750000000e+08                      14956017
     23      2         6.3800000000e+08                      14956018
      8      0         6.3850000000e+08                      14956019
      8      0         6.3900000000e+08                      14956021
      1      0         6.4250000000e+08                      17305487
      6      0         7.2450000000e+08                      17305489
      4      0         7.2650000000e+08                      17442825
      6      0         7.3200000000e+08                      17442827
      6      0         7.3250000000e+08                      17442831
      8      0         7.3300000000e+08                      17442833
     23      2         7.3700000000e+08                      17442834
      8      0         7.3750000000e+08                      17442835
      6      0         7.3850000000e+08                      17442837
      8      0         7.3950000000e+08                      17442839
      6      0         7.4150000000e+08                      17442841
      6      0         7.4200000000e+08                      17442843
      6      0         7.4250000000e+08                      17442845
      8      0         7.4300000000e+08                      17442847
      6      0         7.4450000000e+08                      17442849
      8      0         7.4550000000e+08                      17442851
     23      2         7.4600000000e+08                      17442854
      6      0         7.4650000000e+08                      17442855
     23      2         7.4800000000e+08                      17442856
      6      0         7.4850000000e+08                      17442857
      6      0         7.4950000000e+08                      17442859
      6      0         7.5100000000e+08                      17442861
      3      0         7.5250000000e+08                      17553482
      6      0         7.5900000000e+08                      17553484
      6      0         7.5950000000e+08                      17553486
      6      0         7.6050000000e+08                      17553488
     23      2         7.6100000000e+08                      17553489
      8      0         7.6150000000e+08                      17553490
      8      0         7.6400000000e+08                      17553492
      8      0         7.6500000000e+08                      17553494
      8      0         7.6600000000e+08                      17553496
     23      2         7.6700000000e+08                      17553497
      6      0         7.6750000000e+08                      17553500
      8      0         7.6850000000e+08                      17553502
      8      0         7.7150000000e+08                      17553504
     23      2         7.7200000000e+08                      17553505
      8      0         7.7250000000e+08                      17553506
      8      0         7.7400000000e+08                      17553508
      6      0         7.7450000000e+08                      17553510
      8      0         7.7650000000e+08                      17553512
     23      2         7.7700000000e+08                      17553513
      6      0         7.7750000000e+08                      17553514
      8      0         7.7850000000e+08                      17553516
      8      0         7.7950000000e+08                      17553518
      6      0         7.8050000000e+08                      17553520
      8      0         7.8100000000e+08                      17553522
     23      2         7.8200000000e+08                      17553523
      5      0         7.8250000000e+08                      19106526
     23      2         8.3650000000e+08                      19106527
      8      0         8.3700000000e+08                      19106528
      6      0         8.4000000000e+08                      19106530
     23      2         8.4050000000e+08                      19106531
      8      0         8.4100000000e+08                      19106532
      6      0         8.4250000000e+08                      19106534
      6      0         8.4350000000e+08                      19106536
      6      0         8.4400000000e+08                      19106538
      6      0         8.4450000000e+08                      19106540
      6      0         8.4650000000e+08                      19106542
      8      0         8.4750000000e+08                      19106544
     23      2         8.5000000000e+08                      19106545
      6      0         8.5050000000e+08                      19106546
      6      0         8.5150000000e+08                      19106548
      8      0         8.5250000000e+08                      19106550
     23      2         8.5300000000e+08                      19106551
      6      0         8.5350000000e+08                      19106552
      8      0         8.5450000000e+08                      19106554
      8      0         8.5500000000e+08                      19106556
      6      0         8.5850000000e+08                      19106558
     23      2         8.6050000000e+08                      19106559
      8      0         8.6100000000e+08                      19106560
      8      0         8.6250000000e+08                      19106562
     23      2         8.6450000000e+08                      19106567
     23      2         8.6500000000e+08                      19106569
      6      0         8.6550000000e+08                      19106570
      6      0         8.6650000000e+08                      19106572
      3      0         8.6850000000e+08                      19145430
      6      0         8.7200000000e+08                      19145432
     23      2         8.7400000000e+08                      19145433
      8      0         8.7450000000e+08                      19145434
      8      0         8.7900000000e+08                      19145436
     23      2         8.8000000000e+08                      19145437
      6      0         8.8050000000e+08                      19145440
     23      2         8.8150000000e+08                      19145441
      6      0         8.8200000000e+08                      19145442
      8      0         8.8400000000e+08                      19145444
      8      0         8.8450000000e+08                      19145446
     23      2         8.8550000000e+08                      19145447
     23      2         8.8600000000e+08                      19145449
      6      0         8.8650000000e+08                      19145450
      8      0         8.8750000000e+08                      19145454
      8      0         8.9000000000e+08                      19145456
      8      0         8.9050000000e+08                      19145458
      3      0         8.9100000000e+08                      19201852
      7      0         8.9350000000e+08                      19201854
      7      0         8.9400000000e+08                      19201856
      7      0         8.9450000000e+08                      19201860
      7      0         8.9500000000e+08                      19201862
      7      0         8.9600000000e+08                      19201864
      7      0         8.9650000000e+08                      19201866
      7      0         8.9850000000e+08                      19201868
      7      0         8.9900000000e+08                      19201870
     16      1         8.9950000000e+08                      19201871
      7      0         9.0000000000e+08                      19201872
      7      0         9.0050000000e+08                      19201876
      7      0         9.0150000000e+08                      19201880
      7      0         9.0200000000e+08                      19201886
      7      0         9.0300000000e+08                      19201888
      7      0         9.0350000000e+08                      19201890
      7      0         9.0400000000e+08                      19201892
      7      0         9.0450000000e+08                      19201896
      7      0         9.0500000000e+08                      19201898
      7      0         9.0550000000e+08                      19201902
      7      0         9.0600000000e+08                      19201904
      7      0         9.0650000000e+08                      19201906
     14      1         9.0750000000e+08                      19201911
      7      0         9.0800000000e+08                      19201912
      7      0         9.0850000000e+08                      19201916
      7      0         9.0950000000e+08                      19201922
      7      0         9.1000000000e+08                      19201926
      7      0         9.1050000000e+08                      19201928
      7      0         9.1100000000e+08                      19201930
      7      0         9.1200000000e+08                      19201932
      7      0         9.1300000000e+08                      19201938
      7      0         9.1500000000e+08                      19201940
      7      0         9.1600000000e+08                      19201942
     14      1         9.1800000000e+08                      19201947
      9      1         9.1850000000e+08                      19333594
     16      1         9.2300000000e+08                      19333598
      7      0         9.2350000000e+08                      19333601
      7      0         9.2400000000e+08                      19333603
      7      0         9.2450000000e+08                      19333607
      7      0         9.2500000000e+08                      19333609
      7      0         9.2550000000e+08                      19333611
      7      0         9.2600000000e+08                      19333615
      7      0         9.2650000000e+08                      19333621
     16      1         9.2900000000e+08                      19333622
      7      0         9.2950000000e+08                      19333625
      7      0         9.3000000000e+08                      19333629
      7      0         9.3050000000e+08                      19333631
      7      0         9.3200000000e+08                      19333633
      7      0         9.3350000000e+08                      19333635
      7      0         9.3400000000e+08                      19333637
      7      0         9.3550000000e+08                      19333641
      7      0         9.3600000000e+08                      19333643
     16      1         9.3700000000e+08                      19333644
      7      0         9.3750000000e+08                      19333645
     16      1         9.3800000000e+08                      19333652
      7      0         9.3850000000e+08                      19333657
      1      0         9.3900000000e+08                      20097160
      6      0         9.6700000000e+08                      20097162
      6      0         9.6750000000e+08                      20097164
      8      0         9.6850000000e+08                      20097166
      8      0         9.6950000000e+08                      20097168
      6      0         9.7100000000e+08                      20097170
      4      0         9.7300000000e+08                      20480111
      6      0         9.8750000000e+08                      20480113
      8      0         9.8800000000e+08                      20480115
      6      0         9.8850000000e+08                      20480117
      6      0         9.8900000000e+08                      20480121
      8      0         9.8950000000e+08                      20480123
      4      0         9.9000000000e+08                      22684115
