     32      3         0.0000000000e+00                             0
     30      3         5.0000000000e+05                            11
     32      3         1.0000000000e+06                            17
     15      1         1.5000000000e+06                            28
     30      3         2.0000000000e+06                            37
     15      1         2.5000000000e+06                            46
     32      3         3.0000000000e+06                            55
     32      3         3.5000000000e+06                            65
     32      3         4.0000000000e+06                            73
     30      3         4.5000000000e+06                            83
     30      3         5.0000000000e+06                            85
     30      3         5.5000000000e+06                            91
     32      3         6.0000000000e+06                            97
     15      1         6.5000000000e+06                            98
     32      3         7.0000000000e+06                           107
     30      3         7.5000000000e+06                           115
     32      3         8.0000000000e+06                           119
     30      3         8.5000000000e+06                           123
     32      3         9.0000000000e+06                           125
     30      3         9.5000000000e+06                           129
     32      3         1.0000000000e+07                           135
     30      3         1.0500000000e+07                           139
     30      3         1.1000000000e+07                           145
     32      3         1.1500000000e+07                           155
     32      3         1.2000000000e+07                           165
     30      3         1.2500000000e+07                           169
     32      3         1.3000000000e+07                           177
     30      3         1.3500000000e+07                           185
     32      3         1.4000000000e+07                           189
     30      3         1.4500000000e+07                           203
     30      3         1.5000000000e+07                           205
     32      3         1.5500000000e+07                           211
     32      3         1.6000000000e+07                           213
     30      3         1.6500000000e+07                           217
     30      3         1.7000000000e+07                           225
     30      3         1.7500000000e+07                           229
     30      3         1.8000000000e+07                           235
     32      3         1.8500000000e+07                           237
     30      3         1.9000000000e+07                           243
      7      0         1.9500000000e+07                          6819
      7      0         2.0000000000e+07                          6821
      7      0         2.0500000000e+07                          6823
      7      0         2.1000000000e+07                          6825
      7      0         2.1500000000e+07                          6829
      7      0         2.2000000000e+07                          6833
      7      0         2.2500000000e+07                          6835
      7      0         2.3000000000e+07                          6843
     16      1         2.3500000000e+07                          6846
      7      0         2.4000000000e+07                          6849
      7      0         2.4500000000e+07                          6851
      7      0         2.5000000000e+07                          6853
      5      0         2.6000000000e+07                       2306108
      7      0         1.0500000000e+08                       2306110
      7      0         1.0750000000e+08                       2306112
     14      1         1.0900000000e+08                       2306113
      7      0         1.0950000000e+08                       2306114
      7      0         1.1050000000e+08                       2306120
      7      0         1.1150000000e+08                       2306122
      7      0         1.1300000000e+08                       2306124
      7      0         1.1500000000e+08                       2306128
      7      0         1.1600000000e+08                       2306136
      7      0         1.1650000000e+08                       2306138
      7      0         1.1800000000e+08                       2306144
      7      0         1.1900000000e+08                       2306146
      7      0         1.2000000000e+08                       2306148
      7      0         1.2100000000e+08                       2306150
      7      0         1.2150000000e+08                       2306152
      7      0         1.2200000000e+08                       2306158
     14      1         1.2250000000e+08                       2306165
      7      0         1.2300000000e+08                       2306168
      7      0         1.2350000000e+08                       2306170
     16      1         1.2450000000e+08                       2306171
      7      0         1.2500000000e+08                       2306176
      7      0         1.2600000000e+08                       2306178
      7      0         1.2650000000e+08                       2306180
      7      0         1.2700000000e+08                       2306182
      7      0         1.2750000000e+08                       2306184
     13      1         1.2800000000e+08                       2502764
      7      0         1.3450000000e+08                       2502767
      7      0         1.3500000000e+08                       2502771
      7      0         1.3550000000e+08                       2502773
      7      0         1.3600000000e+08                       2502775
     16      1         1.3700000000e+08                       2502780
      7      0         1.3750000000e+08                       2502785
      7      0         1.4000000000e+08                       2502789
     16      1         1.4100000000e+08                       2502790
      7      0         1.4150000000e+08                       2502793
      7      0         1.4200000000e+08                       2502795
      7      0         1.4250000000e+08                       2502799
      7      0         1.4350000000e+08                       2502801
      7      0         1.4400000000e+08                       2502803
      7      0         1.4450000000e+08                       2502805
      7      0         1.4600000000e+08                       2502809
      7      0         1.4650000000e+08                       2502813
      7      0         1.4700000000e+08                       2502819
      7      0         1.4750000000e+08                       2502823
      7      0         1.4850000000e+08                       2502825
     14      1         1.4900000000e+08                       2502826
      7      0         1.4950000000e+08                       2502827
      7      0         1.5000000000e+08                       2502829
     14      1         1.5100000000e+08                       2502830
     16      1         1.5150000000e+08                       2502834
      7      0         1.5200000000e+08                       2502835
      7      0         1.5300000000e+08                       2502837
      7      0         1.5350000000e+08                       2502841
      7      0         1.5400000000e+08                       2502845
      7      0         1.5450000000e+08                       2502847
      7      0         1.5500000000e+08                       2502849
      7      0         1.5550000000e+08                       2502855
      7      0         1.5650000000e+08                       2502857
      7      0         1.5700000000e+08                       2502859
      7      0         1.5750000000e+08                       2502863
      7      0         1.5900000000e+08                       2502865
      7      0         1.5950000000e+08                       2502867
     14      1         1.6100000000e+08                       2502870
      7      0         1.6150000000e+08                       2502871
      7      0         1.6200000000e+08                       2502873
      7      0         1.6300000000e+08                       2502877
      7      0         1.6350000000e+08                       2502881
      7      0         1.6450000000e+08                       2502883
      7      0         1.6500000000e+08                       2502885
      5      0         1.6650000000e+08                       2765373
      7      0         1.7600000000e+08                       2765375
      7      0         1.7750000000e+08                       2765379
      7      0         1.7850000000e+08                       2765381
      7      0         1.8000000000e+08                       2765385
      7      0         1.8050000000e+08                       2765387
      7      0         1.8150000000e+08                       2765389
      9      1         1.8250000000e+08                       3157859
     32      3         1.9550000000e+08                       3157860
     30      3         1.9600000000e+08                       3157866
     32      3         1.9650000000e+08                       3157874
     30      3         1.9700000000e+08                       3157882
     32      3         1.9750000000e+08                       3157888
     30      3         1.9800000000e+08                       3157898
     32      3         1.9850000000e+08                       3157904
     30      3         1.9900000000e+08                       3157910
     15      1         1.9950000000e+08                       3157913
     30      3         2.0000000000e+08                       3157922
     32      3         2.0050000000e+08                       3157932
     30      3         2.0100000000e+08                       3157940
     32      3         2.0150000000e+08                       3157944
     30      3         2.0200000000e+08                       3157950
     30      3         2.0250000000e+08                       3157956
     30      3         2.0300000000e+08                       3157968
     30      3         2.0350000000e+08                       3157972
     30      3         2.0400000000e+08                       3157976
     30      3         2.0450000000e+08                       3157986
     30      3         2.0500000000e+08                       3157992
     32      3         2.0550000000e+08                       3157994
     32      3         2.0600000000e+08                       3157996
     32      3         2.0650000000e+08                       3158002
     30      3         2.0700000000e+08                       3158006
     30      3         2.0750000000e+08                       3158014
     32      3         2.0800000000e+08                       3158018
     32      3         2.0850000000e+08                       3158028
     30      3         2.0900000000e+08                       3158034
     32      3         2.1000000000e+08                       3158040
     30      3         2.1050000000e+08                       3158044
     30      3         2.1100000000e+08                       3158050
     32      3         2.1150000000e+08                       3158056
     15      1         2.1200000000e+08                       3158061
     32      3         2.1250000000e+08                       3158072
     30      3         2.1300000000e+08                       3158080
     32      3         2.1350000000e+08                       3158084
     32      3         2.1400000000e+08                       3158090
     32      3         2.1450000000e+08                       3158094
     30      3         2.1500000000e+08                       3158100
     30      3         2.1550000000e+08                       3158112
     30      3         2.1600000000e+08                       3158122
     32      3         2.1650000000e+08                       3158126
     30      3         2.1700000000e+08                       3158130
     32      3         2.1750000000e+08                       3158132
     32      3         2.1800000000e+08                       3158140
     32      3         2.1850000000e+08                       3158150
     30      3         2.1900000000e+08                       3158158
     32      3         2.1950000000e+08                       3158176
     15      1         2.2000000000e+08                       3158181
     32      3         2.2050000000e+08                       3158188
     30      3         2.2100000000e+08                       3158198
     30      3         2.2150000000e+08                       3158206
     15      1         2.2200000000e+08                       3158211
     30      3         2.2250000000e+08                       3158224
     30      3         2.2300000000e+08                       3158232
     30      3         2.2350000000e+08                       3158240
     10      1         2.2400000000e+08                       3838917
      7      0         2.4700000000e+08                       3838918
      7      0         2.4850000000e+08                       3838924
      7      0         2.4900000000e+08                       3838928
      7      0         2.4950000000e+08                       3838930
      7      0         2.5000000000e+08                       3838932
      7      0         2.5100000000e+08                       3838934
      7      0         2.5150000000e+08                       3838938
      7      0         2.5200000000e+08                       3838942
      7      0         2.5450000000e+08                       3838944
      7      0         2.5500000000e+08                       3838946
      7      0         2.5550000000e+08                       3838952
      7      0         2.5600000000e+08                       3838954
      7      0         2.5700000000e+08                       3838958
      7      0         2.5750000000e+08                       3838960
      7      0         2.5800000000e+08                       3838962
     16      1         2.5850000000e+08                       3838963
     16      1         2.5900000000e+08                       3838967
      7      0         2.5950000000e+08                       3838970
     14      1         2.6150000000e+08                       3838971
      7      0         2.6200000000e+08                       3838976
      7      0         2.6250000000e+08                       3838978
      7      0         2.6350000000e+08                       3838980
      7      0         2.6400000000e+08                       3838982
     14      1         2.6450000000e+08                       3838983
      7      0         2.6500000000e+08                       3838986
      7      0         2.6650000000e+08                       3838988
      7      0         2.6800000000e+08                       3838990
      7      0         2.6900000000e+08                       3838992
      7      0         2.6950000000e+08                       3838994
      7      0         2.7000000000e+08                       3838998
      7      0         2.7250000000e+08                       3839000
      7      0         2.7350000000e+08                       3839002
      9      1         2.7400000000e+08                       4180940
     30      3         2.8550000000e+08                       4180945
     30      3         2.8600000000e+08                       4180951
     30      3         2.8650000000e+08                       4180955
     13      1         2.8700000000e+08                       4336429
      7      0         2.9250000000e+08                       4336430
      7      0         2.9300000000e+08                       4336432
      7      0         2.9400000000e+08                       4336434
      7      0         2.9450000000e+08                       4336438
      7      0         2.9500000000e+08                       4336440
      7      0         2.9600000000e+08                       4336444
     14      1         2.9650000000e+08                       4336447
      7      0         2.9700000000e+08                       4336450
      7      0         2.9750000000e+08                       4336456
      7      0         2.9800000000e+08                       4336458
      7      0         2.9850000000e+08                       4336460
     16      1         2.9900000000e+08                       4336463
      7      0         2.9950000000e+08                       4336464
      7      0         3.0000000000e+08                       4336468
      7      0         3.0050000000e+08                       4336472
      7      0         3.0100000000e+08                       4336476
      7      0         3.0300000000e+08                       4336478
      7      0         3.0450000000e+08                       4336480
      4      0         3.0600000000e+08                       5619254
     23      2         3.5100000000e+08                       5619255
      6      0         3.5150000000e+08                       5619256
     23      2         3.5350000000e+08                       5619257
      8      0         3.5400000000e+08                       5619258
      6      0         3.5450000000e+08                       5619260
     23      2         3.5650000000e+08                       5619261
      8      0         3.5700000000e+08                       5619262
      1      0         3.5850000000e+08                      10215401
      7      0         5.1500000000e+08                      10215403
      7      0         5.1600000000e+08                      10215407
      7      0         5.1650000000e+08                      10215413
      7      0         5.1700000000e+08                      10215415
      7      0         5.1750000000e+08                      10215419
      7      0         5.1800000000e+08                      10215423
      1      0         5.1850000000e+08                      13400662
      8      0         6.2600000000e+08                      13400664
     23      2         6.2700000000e+08                      13400665
      6      0         6.2750000000e+08                      13400666
      8      0         6.2800000000e+08                      13400668
     23      2         6.2850000000e+08                      13400669
      1      0         6.2900000000e+08                      14328086
      7      0         6.6150000000e+08                      14328090
      7      0         6.6200000000e+08                      14328092
     14      1         6.6250000000e+08                      14328093
      7      0         6.6300000000e+08                      14328094
      7      0         6.6400000000e+08                      14328096
      7      0         6.6450000000e+08                      14328098
      7      0         6.6500000000e+08                      14328100
     13      1         6.6650000000e+08                      15056935
     15      1         6.9100000000e+08                      15056939
     30      3         6.9150000000e+08                      15056942
     15      1         6.9200000000e+08                      15056947
     32      3         6.9250000000e+08                      15056950
     32      3         6.9300000000e+08                      15056962
     32      3         6.9350000000e+08                      15056968
     32      3         6.9400000000e+08                      15056976
     32      3         6.9450000000e+08                      15056984
     15      1         6.9500000000e+08                      15056993
     30      3         6.9550000000e+08                      15056998
     32      3         6.9600000000e+08                      15057002
     30      3         6.9650000000e+08                      15057006
     32      3         6.9700000000e+08                      15057012
     32      3         6.9750000000e+08                      15057016
     10      1         6.9800000000e+08                      15128029
     30      3         7.0050000000e+08                      15128034
     15      1         7.0100000000e+08                      15128041
     30      3         7.0150000000e+08                      15128044
     32      3         7.0200000000e+08                      15128046
     32      3         7.0250000000e+08                      15128050
     30      3         7.0300000000e+08                      15128056
     30      3         7.0350000000e+08                      15128062
     32      3         7.0450000000e+08                      15128074
     30      3         7.0500000000e+08                      15128080
     30      3         7.0550000000e+08                      15128086
     30      3         7.0600000000e+08                      15128098
     32      3         7.0650000000e+08                      15128104
     30      3         7.0700000000e+08                      15128108
     32      3         7.0750000000e+08                      15128112
     30      3         7.0800000000e+08                      15128120
     30      3         7.0850000000e+08                      15128124
     30      3         7.0900000000e+08                      15128130
     32      3         7.0950000000e+08                      15128134
     15      1         7.1000000000e+08                      15128135
     30      3         7.1050000000e+08                      15128140
     32      3         7.1100000000e+08                      15128148
     30      3         7.1150000000e+08                      15128152
     32      3         7.1200000000e+08                      15128158
     32      3         7.1250000000e+08                      15128174
     30      3         7.1300000000e+08                      15128180
     30      3         7.1350000000e+08                      15128188
     32      3         7.1400000000e+08                      15128200
     32      3         7.1450000000e+08                      15128210
     32      3         7.1500000000e+08                      15128222
     32      3         7.1550000000e+08                      15128226
     15      1         7.1600000000e+08                      15128231
     30      3         7.1650000000e+08                      15128234
     32      3         7.1700000000e+08                      15128240
     32      3         7.1750000000e+08                      15128248
     32      3         7.1800000000e+08                      15128256
     15      1         7.1850000000e+08                      15128261
     30      3         7.1900000000e+08                      15128274
     15      1         7.1950000000e+08                      15128281
     32      3         7.2000000000e+08                      15128288
     15      1         7.2050000000e+08                      15128297
     32      3         7.2100000000e+08                      15128306
     15      1         7.2150000000e+08                      15128313
     30      3         7.2200000000e+08                      15128320
     30      3         7.2250000000e+08                      15128326
     32      3         7.2300000000e+08                      15128330
     32      3         7.2350000000e+08                      15128340
     32      3         7.2400000000e+08                      15128348
     32      3         7.2450000000e+08                      15128356
     30      3         7.2500000000e+08                      15128360
     32      3         7.2550000000e+08                      15128366
     30      3         7.2600000000e+08                      15128374
     30      3         7.2650000000e+08                      15128376
     32      3         7.2700000000e+08                      15128384
     32      3         7.2750000000e+08                      15128388
     30      3         7.2800000000e+08                      15128394
     32      3         7.2850000000e+08                      15128404
     30      3         7.2900000000e+08                      15128412
     15      1         7.2950000000e+08                      15128425
     30      3         7.3000000000e+08                      15128432
     30      3         7.3050000000e+08                      15128438
     32      3         7.3100000000e+08                      15128442
     32      3         7.3150000000e+08                      15128450
     32      3         7.3200000000e+08                      15128454
     32      3         7.3250000000e+08                      15128456
     15      1         7.3300000000e+08                      15128459
     15      1         7.3350000000e+08                      15128467
     30      3         7.3400000000e+08                      15128476
     15      1         7.3450000000e+08                      15128481
     32      3         7.3500000000e+08                      15128486
     30      3         7.3550000000e+08                      15128490
     32      3         7.3600000000e+08                      15128496
     30      3         7.3650000000e+08                      15128498
     32      3         7.3700000000e+08                      15128506
     30      3         7.3750000000e+08                      15128516
     32      3         7.3800000000e+08                      15128518
     30      3         7.3850000000e+08                      15128528
     32      3         7.3900000000e+08                      15128532
     30      3         7.4000000000e+08                      15128542
     30      3         7.4050000000e+08                      15128546
     30      3         7.4100000000e+08                      15128552
     32      3         7.4150000000e+08                      15128558
     30      3         7.4200000000e+08                      15128562
     30      3         7.4250000000e+08                      15128566
     32      3         7.4300000000e+08                      15128580
     30      3         7.4350000000e+08                      15128584
     30      3         7.4400000000e+08                      15128588
     15      1         7.4450000000e+08                      15128597
     32      3         7.4500000000e+08                      15128606
     30      3         7.4550000000e+08                      15128612
     32      3         7.4600000000e+08                      15128614
     30      3         7.4650000000e+08                      15128616
     32      3         7.4700000000e+08                      15128622
     30      3         7.4750000000e+08                      15128630
     30      3         7.4800000000e+08                      15128632
     32      3         7.4850000000e+08                      15128636
     30      3         7.4900000000e+08                      15128642
     32      3         7.4950000000e+08                      15128646
     15      1         7.5000000000e+08                      15128653
     32      3         7.5050000000e+08                      15128658
     15      1         7.5100000000e+08                      15128667
     32      3         7.5150000000e+08                      15128674
     32      3         7.5200000000e+08                      15128678
     30      3         7.5250000000e+08                      15128680
     32      3         7.5300000000e+08                      15128694
     15      1         7.5350000000e+08                      15128707
     32      3         7.5400000000e+08                      15128712
     30      3         7.5450000000e+08                      15128716
     30      3         7.5500000000e+08                      15128720
     32      3         7.5550000000e+08                      15128724
     32      3         7.5600000000e+08                      15128726
     32      3         7.5650000000e+08                      15128728
     30      3         7.5750000000e+08                      15128736
     15      1         7.5800000000e+08                      15128743
     15      1         7.5850000000e+08                      15128751
     32      3         7.5900000000e+08                      15128758
     15      1         7.5950000000e+08                      15128771
     30      3         7.6000000000e+08                      15128776
     32      3         7.6050000000e+08                      15128782
     30      3         7.6100000000e+08                      15128786
     32      3         7.6150000000e+08                      15128792
     32      3         7.6200000000e+08                      15128802
     32      3         7.6250000000e+08                      15128810
     30      3         7.6300000000e+08                      15128812
     30      3         7.6350000000e+08                      15128818
     30      3         7.6400000000e+08                      15128824
     30      3         7.6500000000e+08                      15128836
     30      3         7.6550000000e+08                      15128848
     32      3         7.6600000000e+08                      15128854
     32      3         7.6650000000e+08                      15128858
     30      3         7.6700000000e+08                      15128868
     15      1         7.6750000000e+08                      15128875
     32      3         7.6800000000e+08                      15128882
     15      1         7.6850000000e+08                      15128889
     32      3         7.6900000000e+08                      15128892
     30      3         7.6950000000e+08                      15128894
     30      3         7.7050000000e+08                      15128898
     32      3         7.7100000000e+08                      15128900
     32      3         7.7150000000e+08                      15128908
     30      3         7.7200000000e+08                      15128916
     32      3         7.7250000000e+08                      15128922
     30      3         7.7300000000e+08                      15128930
     30      3         7.7350000000e+08                      15128934
     32      3         7.7400000000e+08                      15128946
     15      1         7.7450000000e+08                      15128953
     30      3         7.7500000000e+08                      15128964
     30      3         7.7550000000e+08                      15128978
     32      3         7.7600000000e+08                      15128982
     30      3         7.7650000000e+08                      15128988
     30      3         7.7700000000e+08                      15128994
     32      3         7.7750000000e+08                      15128998
     30      3         7.7800000000e+08                      15129004
     30      3         7.7850000000e+08                      15129010
     15      1         7.7900000000e+08                      15129015
     15      1         7.7950000000e+08                      15129019
     32      3         7.8000000000e+08                      15129034
     30      3         7.8050000000e+08                      15129040
     15      1         7.8100000000e+08                      15129049
     32      3         7.8150000000e+08                      15129056
     32      3         7.8200000000e+08                      15129060
     15      1         7.8250000000e+08                      15129073
     32      3         7.8300000000e+08                      15129082
     32      3         7.8350000000e+08                      15129086
     32      3         7.8400000000e+08                      15129098
     32      3         7.8450000000e+08                      15129112
     15      1         7.8500000000e+08                      15129127
     32      3         7.8550000000e+08                      15129134
     30      3         7.8600000000e+08                      15129142
     30      3         7.8650000000e+08                      15129154
     30      3         7.8700000000e+08                      15129160
     30      3         7.8750000000e+08                      15129168
     30      3         7.8800000000e+08                      15129172
     30      3         7.8850000000e+08                      15129180
     15      1         7.8950000000e+08                      15129189
     30      3         7.9000000000e+08                      15129192
     30      3         7.9050000000e+08                      15129196
     32      3         7.9100000000e+08                      15129198
     32      3         7.9150000000e+08                      15129204
     32      3         7.9200000000e+08                      15129208
     32      3         7.9250000000e+08                      15129214
     32      3         7.9300000000e+08                      15129220
     30      3         7.9350000000e+08                      15129228
     30      3         7.9400000000e+08                      15129236
     30      3         7.9450000000e+08                      15129242
     32      3         7.9500000000e+08                      15129248
     30      3         7.9550000000e+08                      15129262
     15      1         7.9600000000e+08                      15129269
     32      3         7.9650000000e+08                      15129272
     30      3         7.9700000000e+08                      15129280
     30      3         7.9750000000e+08                      15129286
     32      3         7.9800000000e+08                      15129290
     30      3         7.9850000000e+08                      15129298
     30      3         7.9900000000e+08                      15129308
     30      3         7.9950000000e+08                      15129314
     32      3         8.0000000000e+08                      15129326
     15      1         8.0050000000e+08                      15129331
     30      3         8.0100000000e+08                      15129340
     32      3         8.0200000000e+08                      15129344
     30      3         8.0250000000e+08                      15129352
     32      3         8.0300000000e+08                      15129354
     32      3         8.0350000000e+08                      15129360
     30      3         8.0400000000e+08                      15129366
     32      3         8.0450000000e+08                      15129372
     32      3         8.0500000000e+08                      15129376
     30      3         8.0550000000e+08                      15129382
     30      3         8.0600000000e+08                      15129390
     32      3         8.0650000000e+08                      15129398
     15      1         8.0700000000e+08                      15129405
     32      3         8.0750000000e+08                      15129414
     30      3         8.0800000000e+08                      15129424
     30      3         8.0850000000e+08                      15129426
     29      3         8.0900000000e+08                      15266035
     32      3         9.3750000000e+08                      15266039
     30      3         9.3800000000e+08                      15266043
     30      3         9.3850000000e+08                      15266051
     15      1         9.3900000000e+08                      15266054
     32      3         9.3950000000e+08                      15266065
     30      3         9.4000000000e+08                      15266067
     30      3         9.4050000000e+08                      15266081
     32      3         9.4100000000e+08                      15266085
     30      3         9.4150000000e+08                      15266089
     30      3         9.4200000000e+08                      15266097
     32      3         9.4250000000e+08                      15266101
     30      3         9.4300000000e+08                      15266103
     30      3         9.4350000000e+08                      15266113
     30      3         9.4400000000e+08                      15266117
     32      3         9.4450000000e+08                      15266127
     15      1         9.4500000000e+08                      15266132
     30      3         9.4550000000e+08                      15266145
     32      3         9.4600000000e+08                      15266147
     32      3         9.4650000000e+08                      15266155
     15      1         9.4700000000e+08                      15266168
     32      3         9.4750000000e+08                      15266173
     32      3         9.4800000000e+08                      15266187
     32      3         9.4850000000e+08                      15266195
     30      3         9.4900000000e+08                      15266203
     32      3         9.4950000000e+08                      15266213
     32      3         9.5000000000e+08                      15266219
     32      3         9.5050000000e+08                      15266225
     32      3         9.5100000000e+08                      15266233
      9      1         9.5150000000e+08                      15324294
      7      0         9.5350000000e+08                      15324295
     16      1         9.5400000000e+08                      15324298
      7      0         9.5450000000e+08                      15324303
     14      1         9.5500000000e+08                      15324304
      7      0         9.5550000000e+08                      15324309
      7      0         9.5700000000e+08                      15324311
      7      0         9.5750000000e+08                      15324315
      7      0         9.5800000000e+08                      15324319
      1      0         9.5900000000e+08                      15932884
      6      0         9.8050000000e+08                      15932886
     23      2         9.8150000000e+08                      15932887
      6      0         9.8200000000e+08                      15932888
      6      0         9.8300000000e+08                      15932890
      8      0         9.8400000000e+08                      15932892
      3      0         9.8600000000e+08                      17642304
