      5      0         0.0000000000e+00                             0
      5      0         5.0000000000e+05                        218546
      8      0         8.5000000000e+06                        218548
      8      0         9.5000000000e+06                        218550
      6      0         1.0000000000e+07                        218552
      8      0         1.0500000000e+07                        218554
     23      2         1.2500000000e+07                        218555
      6      0         1.3000000000e+07                        218556
      8      0         1.3500000000e+07                        218558
      8      0         1.4000000000e+07                        218560
      6      0         1.6500000000e+07                        218562
     23      2         1.8000000000e+07                        218565
      4      0         1.8500000000e+07                       1292858
      7      0         5.7500000000e+07                       1292864
      7      0         6.0000000000e+07                       1292866
      7      0         6.1500000000e+07                       1292868
      2      0         6.2000000000e+07                       2944722
      6      0         1.1900000000e+08                       2944724
      8      0         1.1950000000e+08                       2944726
      8      0         1.2050000000e+08                       2944728
     23      2         1.2400000000e+08                       2944729
      8      0         1.2450000000e+08                       2944730
     23      2         1.2600000000e+08                       2944731
      8      0         1.2700000000e+08                       2944732
      8      0         1.2750000000e+08                       2944734
     23      2         1.2900000000e+08                       2944735
      6      0         1.2950000000e+08                       2944736
      8      0         1.3050000000e+08                       2944738
      8      0         1.3100000000e+08                       2944740
      8      0         1.3150000000e+08                       2944742
      6      0         1.3200000000e+08                       2944744
      6      0         1.3250000000e+08                       2944746
     23      2         1.3350000000e+08                       2944747
      8      0         1.3400000000e+08                       2944748
      8      0         1.3450000000e+08                       2944750
      6      0         1.3800000000e+08                       2944752
      1      0         1.3900000000e+08                       4476321
      8      0         1.9200000000e+08                       4476323
      6      0         1.9300000000e+08                       4476325
      8      0         1.9650000000e+08                       4476327
      6      0         1.9800000000e+08                       4476329
      8      0         1.9850000000e+08                       4476331
      8      0         2.0150000000e+08                       4476333
      8      0         2.0300000000e+08                       4476335
      5      0         2.0400000000e+08                       6674680
     16      1         2.8000000000e+08                       6674681
      7      0         2.8050000000e+08                       6674684
      7      0         2.8200000000e+08                       6674688
      7      0         2.8300000000e+08                       6674692
      7      0         2.8500000000e+08                       6674694
      7      0         2.8600000000e+08                       6674696
      7      0         2.8650000000e+08                       6674698
      7      0         2.8750000000e+08                       6674700
      7      0         2.8850000000e+08                       6674702
     16      1         2.8950000000e+08                       6674703
      7      0         2.9000000000e+08                       6674704
      7      0         2.9050000000e+08                       6674706
     12      1         2.9100000000e+08                       6818640
      7      0         2.9600000000e+08                       6818643
     14      1         2.9650000000e+08                       6818644
      7      0         2.9700000000e+08                       6818647
      1      0         2.9800000000e+08                      11619307
      7      0         4.6000000000e+08                      11619309
      7      0         4.6050000000e+08                      11619311
      7      0         4.6100000000e+08                      11619313
      7      0         4.6200000000e+08                      11619315
      7      0         4.6250000000e+08                      11619319
      7      0         4.6400000000e+08                      11619323
      7      0         4.6450000000e+08                      11619325
      7      0         4.6500000000e+08                      11619327
     12      1         4.6550000000e+08                      12299522
     16      1         4.8800000000e+08                      12299526
      7      0         4.8850000000e+08                      12299531
     16      1         4.8900000000e+08                      12299534
      7      0         4.8950000000e+08                      12299541
      7      0         4.9000000000e+08                      12299543
      7      0         4.9050000000e+08                      12299545
      7      0         4.9150000000e+08                      12299547
      7      0         4.9250000000e+08                      12299549
      7      0         4.9300000000e+08                      12299551
      7      0         4.9350000000e+08                      12299555
      7      0         4.9650000000e+08                      12299557
      7      0         4.9700000000e+08                      12299559
     16      1         4.9750000000e+08                      12299562
      9      1         4.9800000000e+08                      12882154
      7      0         5.1750000000e+08                      12882155
      7      0         5.1850000000e+08                      12882157
      7      0         5.2200000000e+08                      12882161
      7      0         5.2250000000e+08                      12882167
     16      1         5.2300000000e+08                      12882170
      7      0         5.2350000000e+08                      12882171
      7      0         5.2400000000e+08                      12882175
      7      0         5.2550000000e+08                      12882177
      7      0         5.2600000000e+08                      12882183
     16      1         5.2700000000e+08                      12882184
      7      0         5.2750000000e+08                      12882191
      7      0         5.2800000000e+08                      12882193
     14      1         5.2850000000e+08                      12882198
     16      1         5.2900000000e+08                      12882200
      7      0         5.2950000000e+08                      12882205
      7      0         5.3000000000e+08                      12882209
     16      1         5.3050000000e+08                      12882212
      7      0         5.3100000000e+08                      12882215
      7      0         5.3200000000e+08                      12882217
     14      1         5.3300000000e+08                      12882220
      7      0         5.3350000000e+08                      12882225
      7      0         5.3400000000e+08                      12882227
      7      0         5.3500000000e+08                      12882233
      7      0         5.3550000000e+08                      12882235
      4      0         5.3650000000e+08                      13172913
      7      0         5.4800000000e+08                      13172917
      7      0         5.4850000000e+08                      13172919
      7      0         5.4900000000e+08                      13172923
      7      0         5.4950000000e+08                      13172927
      7      0         5.5000000000e+08                      13172929
      7      0         5.5050000000e+08                      13172933
      7      0         5.5100000000e+08                      13172935
      7      0         5.5200000000e+08                      13172937
      7      0         5.5250000000e+08                      13172945
      7      0         5.5300000000e+08                      13172947
      7      0         5.5550000000e+08                      13172949
      7      0         5.5650000000e+08                      13172953
      7      0         5.6050000000e+08                      13172957
      7      0         5.6200000000e+08                      13172959
      7      0         5.6300000000e+08                      13172961
      7      0         5.6350000000e+08                      13172963
      7      0         5.6400000000e+08                      13172965
      7      0         5.6450000000e+08                      13172967
      7      0         5.6500000000e+08                      13172969
      7      0         5.6550000000e+08                      13172971
      7      0         5.6600000000e+08                      13172973
      7      0         5.6650000000e+08                      13172975
     14      1         5.6700000000e+08                      13172978
      7      0         5.6750000000e+08                      13172981
      7      0         5.6800000000e+08                      13172983
      7      0         5.6950000000e+08                      13172985
      7      0         5.7000000000e+08                      13172991
      7      0         5.7100000000e+08                      13172995
      7      0         5.7150000000e+08                      13172997
      7      0         5.7200000000e+08                      13172999
      3      0         5.7250000000e+08                      19222621
      7      0         7.7850000000e+08                      19222627
      7      0         7.7900000000e+08                      19222629
      7      0         7.7950000000e+08                      19222631
      7      0         7.8000000000e+08                      19222633
      7      0         7.8050000000e+08                      19222637
      7      0         7.8350000000e+08                      19222639
      7      0         7.8400000000e+08                      19222643
      7      0         7.8450000000e+08                      19222645
      7      0         7.8550000000e+08                      19222651
      7      0         7.8600000000e+08                      19222653
      4      0         7.8650000000e+08                      19831486
      7      0         8.0750000000e+08                      19831492
     16      1         8.0850000000e+08                      19831493
      7      0         8.0900000000e+08                      19831496
      7      0         8.0950000000e+08                      19831498
      7      0         8.1000000000e+08                      19831502
      7      0         8.1050000000e+08                      19831506
      7      0         8.1100000000e+08                      19831512
      7      0         8.1150000000e+08                      19831520
      7      0         8.1250000000e+08                      19831522
      2      0         8.1300000000e+08                      21836291
     23      2         8.8150000000e+08                      21836292
     23      2         8.8200000000e+08                      21836296
      8      0         8.8250000000e+08                      21836297
      8      0         8.8400000000e+08                      21836299
      8      0         8.8450000000e+08                      21836301
     23      2         8.8650000000e+08                      21836302
      8      0         8.8700000000e+08                      21836303
     23      2         8.9100000000e+08                      21836304
      6      0         8.9150000000e+08                      21836307
      8      0         8.9200000000e+08                      21836309
     23      2         8.9750000000e+08                      21836310
      8      0         8.9800000000e+08                      21836311
      5      0         8.9900000000e+08                      22509930
      7      0         9.2250000000e+08                      22509932
      7      0         9.2300000000e+08                      22509936
      7      0         9.2400000000e+08                      22509938
      7      0         9.2600000000e+08                      22509940
      7      0         9.2650000000e+08                      22509944
      7      0         9.2750000000e+08                      22509946
      7      0         9.2800000000e+08                      22509950
      7      0         9.2950000000e+08                      22509952
     11      1         9.3000000000e+08                      23237013
      7      0         9.5450000000e+08                      23237014
      7      0         9.5500000000e+08                      23237016
     14      1         9.5650000000e+08                      23237017
      7      0         9.5700000000e+08                      23237018
      7      0         9.5750000000e+08                      23237020
      7      0         9.5800000000e+08                      23237022
      7      0         9.5900000000e+08                      23237024
      7      0         9.5950000000e+08                      23237030
      7      0         9.6000000000e+08                      23237032
      7      0         9.6050000000e+08                      23237034
      7      0         9.6100000000e+08                      23237036
      7      0         9.6150000000e+08                      23237038
      7      0         9.6300000000e+08                      23237042
      7      0         9.6350000000e+08                      23237044
      7      0         9.6450000000e+08                      23237046
      7      0         9.6550000000e+08                      23237048
      7      0         9.6600000000e+08                      23237050
      7      0         9.6650000000e+08                      23237052
      7      0         9.6800000000e+08                      23237054
      7      0         9.6850000000e+08                      23237056
      7      0         9.6900000000e+08                      23237064
      7      0         9.7050000000e+08                      23237066
      7      0         9.7150000000e+08                      23237068
      7      0         9.7250000000e+08                      23237072
      7      0         9.7300000000e+08                      23237074
      7      0         9.7400000000e+08                      23240288
      7      0         9.7550000000e+08                      23240296
      4      0         9.7600000000e+08                      23924092
      6      0         9.9950000000e+08                      23924094
