      9      1         0.0000000000e+00                             0
      9      1         5.0000000000e+05                         62310
     30      3         2.5000000000e+06                         62313
     32      3         3.0000000000e+06                         62317
     32      3         3.5000000000e+06                         62323
     30      3         4.0000000000e+06                         62331
     32      3         4.5000000000e+06                         62341
     32      3         5.0000000000e+06                         62357
     32      3         5.5000000000e+06                         62361
     30      3         6.0000000000e+06                         62369
     15      1         6.5000000000e+06                         62380
     26      3         7.0000000000e+06                         69780
     30      3         1.4000000000e+07                         69790
     30      3         1.4500000000e+07                         69794
     15      1         1.5500000000e+07                         69799
     32      3         1.6000000000e+07                         69802
     30      3         1.7000000000e+07                         69808
     32      3         1.7500000000e+07                         69812
     32      3         1.8000000000e+07                         69814
     32      3         1.8500000000e+07                         69826
     30      3         1.9000000000e+07                         69834
     32      3         1.9500000000e+07                         69842
     32      3         2.0000000000e+07                         69848
     32      3         2.0500000000e+07                         69852
     30      3         2.1000000000e+07                         69862
     32      3         2.2000000000e+07                         69866
     30      3         2.2500000000e+07                         69876
     32      3         2.3000000000e+07                         69882
     30      3         2.3500000000e+07                         69894
     32      3         2.4000000000e+07                         69902
     32      3         2.4500000000e+07                         69906
     32      3         2.5000000000e+07                         69914
     30      3         2.5500000000e+07                         69918
     32      3         2.6000000000e+07                         69920
     32      3         2.6500000000e+07                         69928
     30      3         2.7000000000e+07                         69932
     32      3         2.7500000000e+07                         69940
     30      3         2.8000000000e+07                         69946
     32      3         2.8500000000e+07                         69954
     32      3         2.9000000000e+07                         69956
     32      3         2.9500000000e+07                         69958
     32      3         3.0000000000e+07                         69962
     32      3         3.0500000000e+07                         69968
     30      3         3.1000000000e+07                         69972
     32      3         3.1500000000e+07                         69984
     15      1         3.2000000000e+07                         69987
     30      3         3.2500000000e+07                         69994
     30      3         3.3000000000e+07                         70000
     15      1         3.3500000000e+07                         70005
     15      1         3.4000000000e+07                         70011
     30      3         3.4500000000e+07                         70020
     32      3         3.5000000000e+07                         70032
     30      3         3.5500000000e+07                         70040
     30      3         3.6000000000e+07                         70046
     30      3         3.6500000000e+07                         70054
     32      3         3.7000000000e+07                         70058
     15      1         3.7500000000e+07                         70071
     32      3         3.8000000000e+07                         70084
     32      3         3.8500000000e+07                         70092
     30      3         3.9000000000e+07                         70096
     30      3         3.9500000000e+07                         70098
     30      3         4.0000000000e+07                         70110
     32      3         4.0500000000e+07                         70116
     15      1         4.1000000000e+07                         70121
     15      1         4.1500000000e+07                         70133
     30      3         4.2000000000e+07                         70136
     15      1         4.2500000000e+07                         70145
     30      3         4.3000000000e+07                         70146
     32      3         4.3500000000e+07                         70152
     30      3         4.4000000000e+07                         70160
     30      3         4.4500000000e+07                         70166
     30      3         4.5000000000e+07                         70172
     32      3         4.5500000000e+07                         70178
     32      3         4.6000000000e+07                         70190
     32      3         4.6500000000e+07                         70192
     30      3         4.7000000000e+07                         70202
     15      1         4.7500000000e+07                         70205
     32      3         4.8000000000e+07                         70212
     30      3         4.8500000000e+07                         70220
     32      3         4.9000000000e+07                         70222
     32      3         4.9500000000e+07                         70228
     30      3         5.0000000000e+07                         70242
     32      3         5.0500000000e+07                         70248
     15      1         5.1000000000e+07                         70259
     32      3         5.1500000000e+07                         70268
     30      3         5.2000000000e+07                         70274
     30      3         5.2500000000e+07                         70278
     32      3         5.3000000000e+07                         70286
     30      3         5.3500000000e+07                         70292
     30      3         5.4000000000e+07                         70298
     32      3         5.4500000000e+07                         70300
     32      3         5.5000000000e+07                         70306
     32      3         5.5500000000e+07                         70318
     30      3         5.6000000000e+07                         70322
     30      3         5.6500000000e+07                         70324
     30      3         5.7000000000e+07                         70326
     30      3         5.7500000000e+07                         70332
     32      3         5.8000000000e+07                         70334
     32      3         5.8500000000e+07                         70338
     15      1         5.9000000000e+07                         70341
     32      3         5.9500000000e+07                         70350
     32      3         6.0000000000e+07                         70352
     30      3         6.0500000000e+07                         70360
     15      1         6.1000000000e+07                         70371
     30      3         6.1500000000e+07                         70382
     32      3         6.2000000000e+07                         70384
     32      3         6.2500000000e+07                         70388
     30      3         6.3000000000e+07                         70398
     32      3         6.3500000000e+07                         70408
     30      3         6.4000000000e+07                         70412
     32      3         6.4500000000e+07                         70418
     30      3         6.5000000000e+07                         70426
     30      3         6.5500000000e+07                         70434
     32      3         6.6000000000e+07                         70442
     30      3         6.6500000000e+07                         70448
     30      3         6.7000000000e+07                         70456
     32      3         6.7500000000e+07                         70460
     30      3         6.8000000000e+07                         70466
     32      3         6.8500000000e+07                         70468
     30      3         6.9000000000e+07                         70480
     15      1         6.9500000000e+07                         70487
     30      3         7.0000000000e+07                         70496
     15      1         7.0500000000e+07                         70501
     30      3         7.1000000000e+07                         70508
     15      1         7.1500000000e+07                         70521
     30      3         7.2000000000e+07                         70534
     32      3         7.2500000000e+07                         70540
     11      1         7.3000000000e+07                        290048
      7      0         8.0500000000e+07                        290051
      7      0         8.1000000000e+07                        290053
      7      0         8.4500000000e+07                        290055
     16      1         8.5500000000e+07                        290056
      7      0         8.6000000000e+07                        290057
      7      0         8.7000000000e+07                        290059
      7      0         8.7500000000e+07                        290061
      7      0         8.8500000000e+07                        290063
      7      0         8.9000000000e+07                        290065
      7      0         9.0000000000e+07                        290069
      7      0         9.0500000000e+07                        290071
      7      0         9.1000000000e+07                        290075
      7      0         9.2000000000e+07                        290079
      7      0         9.2500000000e+07                        290085
      7      0         9.3000000000e+07                        290087
      7      0         9.3500000000e+07                        290089
     14      1         9.4500000000e+07                        290092
      7      0         9.5000000000e+07                        290095
     16      1         9.5500000000e+07                        290100
      7      0         9.6000000000e+07                        290101
      7      0         9.6500000000e+07                        290107
      7      0         9.7000000000e+07                        290109
      7      0         9.7500000000e+07                        290111
      7      0         9.8000000000e+07                        290113
      7      0         9.8500000000e+07                        290115
      7      0         9.9500000000e+07                        290119
      7      0         1.0000000000e+08                        290121
      7      0         1.0150000000e+08                        290125
      7      0         1.0200000000e+08                        290127
      1      0         1.0250000000e+08                       2142170
     23      2         1.6500000000e+08                       2142173
      2      0         1.6550000000e+08                       2530615
      7      0         1.8400000000e+08                       2530617
      7      0         1.8450000000e+08                       2530619
      2      0         1.8500000000e+08                       4527589
     23      2         2.5600000000e+08                       4527592
      6      0         2.5650000000e+08                       4527593
      6      0         2.5700000000e+08                       4527595
      8      0         2.5750000000e+08                       4527597
      1      0         2.5800000000e+08                      11891894
      8      0         5.0850000000e+08                      11891896
      6      0         5.0900000000e+08                      11891898
     23      2         5.0950000000e+08                      11891899
      8      0         5.1000000000e+08                      11891900
      8      0         5.1150000000e+08                      11891902
      6      0         5.1350000000e+08                      11891904
     23      2         5.1400000000e+08                      11891905
     23      2         5.1450000000e+08                      11891907
      8      0         5.1500000000e+08                      11891908
      8      0         5.1550000000e+08                      11891910
      4      0         5.1750000000e+08                      12627044
      8      0         5.4450000000e+08                      12627046
      1      0         5.4600000000e+08                      15193758
      6      0         6.3300000000e+08                      15193760
      8      0         6.3400000000e+08                      15193762
      8      0         6.3450000000e+08                      15193764
      6      0         6.3700000000e+08                      15193766
      2      0         6.3900000000e+08                      15290953
      7      0         6.4300000000e+08                      15290955
      7      0         6.4350000000e+08                      15290957
      7      0         6.4450000000e+08                      15290959
     14      1         6.4500000000e+08                      15290962
      7      0         6.4550000000e+08                      15290963
      7      0         6.4600000000e+08                      15290967
      7      0         6.4700000000e+08                      15290975
      7      0         6.4750000000e+08                      15290979
      7      0         6.4800000000e+08                      15290985
      7      0         6.4850000000e+08                      15290989
      7      0         6.4950000000e+08                      15290991
     14      1         6.5050000000e+08                      15290998
      7      0         6.5100000000e+08                      15290999
      7      0         6.5150000000e+08                      15291005
     16      1         6.5200000000e+08                      15291008
      2      0         6.5250000000e+08                      16040083
      7      0         6.7800000000e+08                      16040085
      7      0         6.7850000000e+08                      16040087
      7      0         6.8000000000e+08                      16040089
      7      0         6.8050000000e+08                      16040091
      7      0         6.8100000000e+08                      16040095
     14      1         6.8250000000e+08                      16040098
      7      0         6.8300000000e+08                      16040101
      7      0         6.8350000000e+08                      16040103
      7      0         6.8400000000e+08                      16040105
      7      0         6.8450000000e+08                      16040107
      7      0         6.8500000000e+08                      16040111
      7      0         6.8550000000e+08                      16040113
      7      0         6.8600000000e+08                      16040117
      9      1         6.8650000000e+08                      17852420
      7      0         7.4750000000e+08                      17852421
      7      0         7.4800000000e+08                      17852423
      7      0         7.4850000000e+08                      17852427
      7      0         7.4900000000e+08                      17852433
      3      0         7.4950000000e+08                      17923926
     23      2         7.5250000000e+08                      17923927
      6      0         7.5300000000e+08                      17923928
      8      0         7.5400000000e+08                      17923930
     23      2         7.5550000000e+08                      17923931
      8      0         7.5600000000e+08                      17923932
      6      0         7.5650000000e+08                      17923934
      8      0         7.5750000000e+08                      17923936
     23      2         7.5800000000e+08                      17923937
      2      0         7.5850000000e+08                      18285329
      6      0         7.7100000000e+08                      18285331
      6      0         7.7200000000e+08                      18285333
      6      0         7.7300000000e+08                      18285335
     23      2         7.7450000000e+08                      18285336
      6      0         7.7500000000e+08                      18285337
      5      0         7.7650000000e+08                      19946663
      7      0         8.3350000000e+08                      19946667
      7      0         8.3400000000e+08                      19946671
      7      0         8.3450000000e+08                      19946673
      7      0         8.3500000000e+08                      19946677
      7      0         8.3550000000e+08                      19946679
      7      0         8.3600000000e+08                      19946681
      5      0         8.3700000000e+08                      22651495
      8      0         9.3000000000e+08                      22651499
     23      2         9.3300000000e+08                      22651500
      8      0         9.3350000000e+08                      22651501
      8      0         9.3500000000e+08                      22651503
      8      0         9.3550000000e+08                      22651505
     23      2         9.3950000000e+08                      22651506
      8      0         9.4000000000e+08                      22651507
      8      0         9.4300000000e+08                      22651509
     23      2         9.4350000000e+08                      22651510
      8      0         9.4450000000e+08                      22651511
      8      0         9.4500000000e+08                      22651513
      6      0         9.4550000000e+08                      22651515
      1      0         9.4900000000e+08                      22892239
     14      1         9.5750000000e+08                      22892240
      7      0         9.5800000000e+08                      22892241
      7      0         9.5900000000e+08                      22892243
      7      0         9.6050000000e+08                      22892245
      7      0         9.6200000000e+08                      22892255
      7      0         9.6250000000e+08                      22892257
      7      0         9.6350000000e+08                      22892259
      7      0         9.6400000000e+08                      22892263
      7      0         9.6600000000e+08                      22892265
      7      0         9.6650000000e+08                      22892267
      7      0         9.6800000000e+08                      22892269
      7      0         9.6850000000e+08                      22892271
      7      0         9.6900000000e+08                      22892275
      7      0         9.6950000000e+08                      22892277
      7      0         9.7100000000e+08                      22892279
      7      0         9.7150000000e+08                      22892281
      7      0         9.7350000000e+08                      22892287
      7      0         9.7400000000e+08                      22892289
      7      0         9.7450000000e+08                      22892291
      7      0         9.7800000000e+08                      22892295
      7      0         9.7850000000e+08                      22892297
      7      0         9.7900000000e+08                      22892299
     14      1         9.8000000000e+08                      22892300
      7      0         9.8050000000e+08                      22892303
      7      0         9.8200000000e+08                      22892305
      7      0         9.8250000000e+08                      22892307
      7      0         9.8300000000e+08                      22892309
      7      0         9.8350000000e+08                      22892311
      7      0         9.8400000000e+08                      22892313
      7      0         9.8450000000e+08                      22892317
      7      0         9.8550000000e+08                      22892319
      7      0         9.8650000000e+08                      22892321
      7      0         9.8700000000e+08                      22892325
      7      0         9.8750000000e+08                      22892327
      7      0         9.8800000000e+08                      22892331
      9      1         9.8850000000e+08                      23452512
