     13      1         0.0000000000e+00                             0
     13      1         5.0000000000e+05                         50569
      7      0         2.0000000000e+06                         50570
      7      0         2.5000000000e+06                         50572
      7      0         3.0000000000e+06                         50574
      7      0         3.5000000000e+06                         50576
      7      0         4.0000000000e+06                         50580
      7      0         4.5000000000e+06                         50584
      7      0         5.0000000000e+06                         50586
      7      0         5.5000000000e+06                         50590
      7      0         6.0000000000e+06                         50592
      7      0         7.5000000000e+06                         50594
      7      0         8.0000000000e+06                         50596
      7      0         9.0000000000e+06                         50598
      7      0         1.0000000000e+07                         50602
      7      0         1.0500000000e+07                         50606
      7      0         1.1000000000e+07                         50608
      7      0         1.1500000000e+07                         50610
      7      0         1.2000000000e+07                         50614
      7      0         1.3000000000e+07                         50616
      7      0         1.4000000000e+07                         50618
      7      0         1.4500000000e+07                         50620
      7      0         1.5500000000e+07                         50624
      7      0         1.8000000000e+07                         50628
      7      0         1.8500000000e+07                         50630
      7      0         1.9000000000e+07                         50632
      2      0         2.0500000000e+07                       1327187
      8      0         6.5500000000e+07                       1327191
      8      0         6.6000000000e+07                       1327193
      6      0         6.7000000000e+07                       1327195
     23      2         6.7500000000e+07                       1327198
      6      0         6.8000000000e+07                       1327199
      6      0         6.9000000000e+07                       1327201
     23      2         7.0500000000e+07                       1327202
      8      0         7.1000000000e+07                       1327203
      8      0         7.1500000000e+07                       1327205
      8      0         7.2000000000e+07                       1327207
      8      0         7.3000000000e+07                       1327209
      6      0         7.3500000000e+07                       1327211
      6      0         7.5000000000e+07                       1327213
      8      0         7.6000000000e+07                       1327215
     23      2         7.6500000000e+07                       1327216
      6      0         7.7000000000e+07                       1327219
     23      2         7.9000000000e+07                       1327220
      8      0         7.9500000000e+07                       1327221
      6      0         8.0500000000e+07                       1327225
      8      0         8.3000000000e+07                       1327227
     23      2         8.4500000000e+07                       1327228
      8      0         8.5000000000e+07                       1327229
      6      0         8.7000000000e+07                       1327233
     23      2         8.8500000000e+07                       1327238
     23      2         8.9000000000e+07                       1327240
      6      0         8.9500000000e+07                       1327243
     23      2         9.0500000000e+07                       1327244
      6      0         9.1000000000e+07                       1327245
      8      0         9.1500000000e+07                       1327247
     23      2         9.4000000000e+07                       1327248
      8      0         9.4500000000e+07                       1327249
     23      2         9.5500000000e+07                       1327250
      6      0         9.6000000000e+07                       1327253
      6      0         9.6500000000e+07                       1327255
     23      2         9.7000000000e+07                       1327256
      6      0         9.7500000000e+07                       1327257
      8      0         9.8000000000e+07                       1327259
      8      0         9.9000000000e+07                       1327261
      6      0         1.0000000000e+08                       1327263
      1      0         1.0050000000e+08                       2264248
     23      2         1.3450000000e+08                       2264249
      8      0         1.3500000000e+08                       2264250
     23      2         1.3550000000e+08                       2264251
     23      2         1.3600000000e+08                       2264253
      8      0         1.3650000000e+08                       2264258
      8      0         1.3750000000e+08                       2264260
      8      0         1.4000000000e+08                       2264262
     23      2         1.4150000000e+08                       2264263
     23      2         1.4200000000e+08                       2264265
      6      0         1.4250000000e+08                       2264268
      6      0         1.4300000000e+08                       2264270
      8      0         1.4350000000e+08                       2264272
      6      0         1.4450000000e+08                       2264274
     23      2         1.4500000000e+08                       2264275
      6      0         1.4550000000e+08                       2264280
      8      0         1.4600000000e+08                       2264282
      8      0         1.4700000000e+08                       2264284
     23      2         1.4750000000e+08                       2264285
      8      0         1.4800000000e+08                       2264286
      6      0         1.4900000000e+08                       2264288
      4      0         1.5050000000e+08                       3031604
     23      2         1.7950000000e+08                       3031607
      6      0         1.8050000000e+08                       3031608
      8      0         1.8100000000e+08                       3031610
     23      2         1.8150000000e+08                       3031611
      1      0         1.8200000000e+08                       5344621
     23      2         2.6550000000e+08                       5344622
      8      0         2.6600000000e+08                       5344623
      8      0         2.6650000000e+08                       5344625
     23      2         2.6800000000e+08                       5344626
      4      0         2.6850000000e+08                       8384731
      8      0         3.7400000000e+08                       8384737
     23      2         3.7450000000e+08                       8384738
      8      0         3.7500000000e+08                       8384739
     23      2         3.7600000000e+08                       8384742
      1      0         3.7650000000e+08                      12610854
      6      0         5.2350000000e+08                      12610856
      8      0         5.2600000000e+08                      12610858
     23      2         5.2700000000e+08                      12610859
      6      0         5.2750000000e+08                      12610860
      6      0         5.2800000000e+08                      12610862
     23      2         5.3050000000e+08                      12610863
      5      0         5.3100000000e+08                      14522682
      8      0         5.9600000000e+08                      14522684
      8      0         5.9700000000e+08                      14522686
      6      0         5.9800000000e+08                      14522688
      8      0         6.0150000000e+08                      14522690
      6      0         6.0250000000e+08                      14522692
     23      2         6.0550000000e+08                      14522695
      8      0         6.0600000000e+08                      14522696
      6      0         6.0650000000e+08                      14522698
      8      0         6.0850000000e+08                      14522700
      6      0         6.0950000000e+08                      14522702
     23      2         6.1150000000e+08                      14522703
      8      0         6.1200000000e+08                      14522704
      6      0         6.1400000000e+08                      14522706
     23      2         6.1550000000e+08                      14522707
      8      0         6.1600000000e+08                      14522708
     23      2         6.1650000000e+08                      14522711
      8      0         6.1750000000e+08                      14522712
      6      0         6.1800000000e+08                      14522714
      8      0         6.1900000000e+08                      14522716
      6      0         6.1950000000e+08                      14522718
     23      2         6.2200000000e+08                      14522719
      8      0         6.2250000000e+08                      14522720
      8      0         6.2550000000e+08                      14522722
      8      0         6.2700000000e+08                      14522724
      6      0         6.2750000000e+08                      14522726
     23      2         6.2800000000e+08                      14522727
      6      0         6.2850000000e+08                      14522728
      6      0         6.2950000000e+08                      14522730
     23      2         6.3300000000e+08                      14522731
      8      0         6.3350000000e+08                      14522734
      6      0         6.3450000000e+08                      14522736
      6      0         6.3800000000e+08                      14522738
      3      0         6.4000000000e+08                      14874084
     23      2         6.5350000000e+08                      14874087
      8      0         6.5400000000e+08                      14874088
      6      0         6.5450000000e+08                      14874090
     23      2         6.5500000000e+08                      14874091
      2      0         6.5550000000e+08                      14987081
      7      0         6.6050000000e+08                      14987085
      7      0         6.6100000000e+08                      14987087
      7      0         6.6200000000e+08                      14987089
      7      0         6.6250000000e+08                      14987093
      7      0         6.6300000000e+08                      14987095
      7      0         6.6350000000e+08                      14987097
      7      0         6.6400000000e+08                      14987101
     11      1         6.6500000000e+08                      15603320
      7      0         6.8550000000e+08                      15603321
      7      0         6.8700000000e+08                      15603323
      7      0         6.8750000000e+08                      15603325
      4      0         6.8800000000e+08                      16101881
      6      0         7.0700000000e+08                      16101885
      6      0         7.0850000000e+08                      16101887
      6      0         7.1000000000e+08                      16101889
     23      2         7.1150000000e+08                      16101892
      6      0         7.1200000000e+08                      16101893
      6      0         7.1250000000e+08                      16101897
      1      0         7.1450000000e+08                      18649194
      7      0         8.0050000000e+08                      18649198
      7      0         8.0150000000e+08                      18649200
      7      0         8.0250000000e+08                      18649202
      7      0         8.0300000000e+08                      18649204
      7      0         8.0400000000e+08                      18649206
     14      1         8.0450000000e+08                      18649209
      7      0         8.0500000000e+08                      18649212
      7      0         8.0700000000e+08                      18649218
      7      0         8.0750000000e+08                      18649220
      7      0         8.0800000000e+08                      18649222
      7      0         8.0900000000e+08                      18649224
      7      0         8.1050000000e+08                      18649226
     16      1         8.1150000000e+08                      18649229
      7      0         8.1200000000e+08                      18649230
      7      0         8.1300000000e+08                      18649232
      7      0         8.1350000000e+08                      18649234
      7      0         8.1500000000e+08                      18649236
      7      0         8.1550000000e+08                      18649240
      7      0         8.1600000000e+08                      18649242
      7      0         8.1650000000e+08                      18649244
      7      0         8.1750000000e+08                      18649246
      7      0         8.1900000000e+08                      18649248
      7      0         8.1950000000e+08                      18649250
     16      1         8.2000000000e+08                      18649251
      7      0         8.2050000000e+08                      18649254
      7      0         8.2150000000e+08                      18649256
      7      0         8.2200000000e+08                      18649258
      7      0         8.2300000000e+08                      18649260
      7      0         8.2400000000e+08                      18649262
      7      0         8.2450000000e+08                      18649264
     10      1         8.2500000000e+08                      18804800
      7      0         8.3050000000e+08                      18804803
     13      1         8.3200000000e+08                      18875728
     32      3         8.3450000000e+08                      18875737
     30      3         8.3500000000e+08                      18875741
     32      3         8.3550000000e+08                      18875743
     32      3         8.3600000000e+08                      18875749
     32      3         8.3650000000e+08                      18875755
     32      3         8.3700000000e+08                      18875761
     30      3         8.3750000000e+08                      18875775
     32      3         8.3800000000e+08                      18875785
     30      3         8.3850000000e+08                      18875791
     30      3         8.3900000000e+08                      18875797
     30      3         8.3950000000e+08                      18875803
     15      1         8.4000000000e+08                      18875810
     30      3         8.4050000000e+08                      18875817
     15      1         8.4100000000e+08                      18875822
     32      3         8.4150000000e+08                      18875825
     30      3         8.4200000000e+08                      18875833
     30      3         8.4250000000e+08                      18875841
     30      3         8.4300000000e+08                      18875849
     32      3         8.4350000000e+08                      18875857
     32      3         8.4400000000e+08                      18875861
     30      3         8.4450000000e+08                      18875867
     32      3         8.4500000000e+08                      18875877
     30      3         8.4550000000e+08                      18875881
     15      1         8.4600000000e+08                      18875890
     32      3         8.4650000000e+08                      18875899
     30      3         8.4700000000e+08                      18875907
     32      3         8.4750000000e+08                      18875913
     30      3         8.4800000000e+08                      18875915
     32      3         8.4850000000e+08                      18875923
     30      3         8.4900000000e+08                      18875933
     30      3         8.5000000000e+08                      18875939
     32      3         8.5050000000e+08                      18875949
     30      3         8.5100000000e+08                      18875957
     32      3         8.5150000000e+08                      18875961
     30      3         8.5250000000e+08                      18875967
     30      3         8.5300000000e+08                      18875977
     30      3         8.5350000000e+08                      18875981
     30      3         8.5400000000e+08                      18875993
     30      3         8.5450000000e+08                      18876007
     32      3         8.5500000000e+08                      18876013
     32      3         8.5550000000e+08                      18876019
     30      3         8.5600000000e+08                      18876027
     30      3         8.5650000000e+08                      18876035
     32      3         8.5700000000e+08                      18876043
     30      3         8.5750000000e+08                      18876057
     32      3         8.5800000000e+08                      18876061
     32      3         8.5850000000e+08                      18876065
     32      3         8.5900000000e+08                      18876069
     32      3         8.5950000000e+08                      18876073
     30      3         8.6000000000e+08                      18876075
     32      3         8.6050000000e+08                      18876083
     30      3         8.6100000000e+08                      18876089
     30      3         8.6150000000e+08                      18876095
     30      3         8.6200000000e+08                      18876105
     30      3         8.6250000000e+08                      18876115
     32      3         8.6300000000e+08                      18876123
     30      3         8.6350000000e+08                      18876131
     32      3         8.6400000000e+08                      18876139
     30      3         8.6450000000e+08                      18876147
     15      1         8.6500000000e+08                      18876148
     30      3         8.6550000000e+08                      18876151
     32      3         8.6600000000e+08                      18876155
     30      3         8.6650000000e+08                      18876159
     30      3         8.6700000000e+08                      18876163
     15      1         8.6750000000e+08                      18876168
     32      3         8.6800000000e+08                      18876171
     32      3         8.6850000000e+08                      18876179
     15      1         8.6900000000e+08                      18876188
     32      3         8.6950000000e+08                      18876193
     30      3         8.7000000000e+08                      18876203
     30      3         8.7050000000e+08                      18876209
     30      3         8.7100000000e+08                      18876215
     32      3         8.7150000000e+08                      18876227
     32      3         8.7200000000e+08                      18876233
     10      1         8.7250000000e+08                      19311156
     32      3         8.8700000000e+08                      19311159
     32      3         8.8750000000e+08                      19311165
     30      3         8.8800000000e+08                      19311169
     32      3         8.8850000000e+08                      19311177
     30      3         8.8900000000e+08                      19311183
     30      3         8.8950000000e+08                      19311189
     32      3         8.9000000000e+08                      19311197
     30      3         8.9050000000e+08                      19311203
     32      3         8.9100000000e+08                      19311205
     15      1         8.9150000000e+08                      19311210
     32      3         8.9200000000e+08                      19311219
     15      1         8.9250000000e+08                      19311224
     30      3         8.9300000000e+08                      19311229
     30      3         8.9350000000e+08                      19311237
     30      3         8.9400000000e+08                      19311245
     32      3         8.9450000000e+08                      19311249
     32      3         8.9500000000e+08                      19311257
     32      3         8.9550000000e+08                      19311261
     32      3         8.9600000000e+08                      19311265
     32      3         8.9650000000e+08                      19311267
     32      3         8.9700000000e+08                      19311269
     30      3         8.9750000000e+08                      19311275
     30      3         8.9800000000e+08                      19311277
     30      3         8.9850000000e+08                      19311287
     30      3         8.9900000000e+08                      19311297
     30      3         8.9950000000e+08                      19311303
     32      3         9.0000000000e+08                      19311307
     32      3         9.0050000000e+08                      19311313
     32      3         9.0100000000e+08                      19311317
     30      3         9.0150000000e+08                      19311321
     30      3         9.0200000000e+08                      19311335
     30      3         9.0250000000e+08                      19311339
     32      3         9.0300000000e+08                      19311349
     30      3         9.0350000000e+08                      19311353
     32      3         9.0400000000e+08                      19311355
     30      3         9.0450000000e+08                      19311357
     30      3         9.0500000000e+08                      19311363
     30      3         9.0550000000e+08                      19311369
     32      3         9.0600000000e+08                      19311373
     30      3         9.0650000000e+08                      19311375
     32      3         9.0700000000e+08                      19311383
     32      3         9.0750000000e+08                      19311391
     30      3         9.0800000000e+08                      19311405
     32      3         9.0850000000e+08                      19311413
     30      3         9.0900000000e+08                      19311423
     30      3         9.0950000000e+08                      19311429
     15      1         9.1000000000e+08                      19311434
     30      3         9.1050000000e+08                      19311439
     32      3         9.1100000000e+08                      19311447
     15      1         9.1150000000e+08                      19311456
     15      1         9.1200000000e+08                      19311464
     30      3         9.1250000000e+08                      19311469
     30      3         9.1350000000e+08                      19311475
     30      3         9.1400000000e+08                      19311483
     15      1         9.1450000000e+08                      19311486
     30      3         9.1500000000e+08                      19311489
     32      3         9.1550000000e+08                      19311495
     32      3         9.1600000000e+08                      19311501
     32      3         9.1650000000e+08                      19311509
     32      3         9.1700000000e+08                      19311517
     30      3         9.1750000000e+08                      19311519
     30      3         9.1800000000e+08                      19311523
     32      3         9.1850000000e+08                      19311529
     32      3         9.1900000000e+08                      19311533
     32      3         9.1950000000e+08                      19311541
     32      3         9.2000000000e+08                      19311547
     30      3         9.2050000000e+08                      19311551
     30      3         9.2100000000e+08                      19311555
     30      3         9.2150000000e+08                      19311563
     32      3         9.2200000000e+08                      19311571
     30      3         9.2250000000e+08                      19311577
     32      3         9.2300000000e+08                      19311583
     32      3         9.2350000000e+08                      19311593
     32      3         9.2400000000e+08                      19311599
     32      3         9.2450000000e+08                      19311603
     32      3         9.2500000000e+08                      19311609
     32      3         9.2550000000e+08                      19311621
     30      3         9.2600000000e+08                      19311625
     30      3         9.2650000000e+08                      19311633
     32      3         9.2700000000e+08                      19311643
     30      3         9.2750000000e+08                      19311651
     30      3         9.2850000000e+08                      19311657
     32      3         9.2900000000e+08                      19311661
     30      3         9.2950000000e+08                      19311669
     15      1         9.3000000000e+08                      19311674
     30      3         9.3050000000e+08                      19311677
     32      3         9.3100000000e+08                      19311689
     30      3         9.3150000000e+08                      19311691
     32      3         9.3200000000e+08                      19311697
     30      3         9.3250000000e+08                      19311705
     32      3         9.3300000000e+08                      19311715
     32      3         9.3350000000e+08                      19311727
     30      3         9.3400000000e+08                      19311735
     15      1         9.3450000000e+08                      19311740
     30      3         9.3500000000e+08                      19311745
     32      3         9.3550000000e+08                      19311757
     30      3         9.3600000000e+08                      19311759
     30      3         9.3650000000e+08                      19311769
     30      3         9.3700000000e+08                      19311775
     15      1         9.3750000000e+08                      19311786
     15      1         9.3800000000e+08                      19311790
     30      3         9.3850000000e+08                      19311793
     30      3         9.3900000000e+08                      19311799
     30      3         9.3950000000e+08                      19311809
     32      3         9.4000000000e+08                      19311813
     30      3         9.4100000000e+08                      19311819
     30      3         9.4150000000e+08                      19311821
     30      3         9.4200000000e+08                      19311823
     30      3         9.4300000000e+08                      19311827
     30      3         9.4350000000e+08                      19311831
     32      3         9.4400000000e+08                      19311841
     32      3         9.4450000000e+08                      19311851
     30      3         9.4500000000e+08                      19311861
     30      3         9.4550000000e+08                      19311871
     32      3         9.4600000000e+08                      19311873
     30      3         9.4650000000e+08                      19311879
     32      3         9.4700000000e+08                      19311885
     32      3         9.4750000000e+08                      19311889
     32      3         9.4800000000e+08                      19311895
     30      3         9.4850000000e+08                      19311897
     30      3         9.4900000000e+08                      19311903
     30      3         9.4950000000e+08                      19311907
     32      3         9.5000000000e+08                      19311911
     15      1         9.5050000000e+08                      19311914
     32      3         9.5100000000e+08                      19311923
     12      1         9.5150000000e+08                      20394788
      7      0         9.8800000000e+08                      20394793
      7      0         9.8850000000e+08                      20394795
      7      0         9.9050000000e+08                      20394797
      7      0         9.9150000000e+08                      20394799
     16      1         9.9200000000e+08                      20394806
      7      0         9.9250000000e+08                      20394809
      7      0         9.9300000000e+08                      20394811
      7      0         9.9350000000e+08                      20394813
      7      0         9.9400000000e+08                      20394815
      7      0         9.9450000000e+08                      20394821
      7      0         9.9550000000e+08                      20394823
      2      0         9.9600000000e+08                      21957300
