      6      0         0.0000000000e+00                             0
      6      0         5.0000000000e+05                             3
      6      0         2.0000000000e+06                             5
     23      2         3.5000000000e+06                             8
      8      0         4.0000000000e+06                             9
      6      0         4.5000000000e+06                            11
      6      0         6.5000000000e+06                            13
      5      0         9.0000000000e+06                       1154976
     14      1         4.9500000000e+07                       1154977
     14      1         5.0000000000e+07                       1154981
      7      0         5.0500000000e+07                       1154982
      7      0         5.1000000000e+07                       1154984
      7      0         5.1500000000e+07                       1154986
      7      0         5.2000000000e+07                       1154988
     13      1         5.2500000000e+07                       1177981
      7      0         5.3500000000e+07                       1177984
      7      0         5.4000000000e+07                       1177986
      7      0         5.6000000000e+07                       1177988
      7      0         5.6500000000e+07                       1177990
      7      0         5.7000000000e+07                       1177994
      7      0         5.7500000000e+07                       1177996
      7      0         5.8000000000e+07                       1177998
      7      0         5.9000000000e+07                       1178002
      1      0         5.9500000000e+07                       2979500
      8      0         1.2250000000e+08                       2979502
      6      0         1.2350000000e+08                       2979504
      8      0         1.2400000000e+08                       2979506
      6      0         1.2450000000e+08                       2979508
      8      0         1.2500000000e+08                       2979510
     23      2         1.2900000000e+08                       2979511
     23      2         1.2950000000e+08                       2979513
      8      0         1.3000000000e+08                       2979514
     23      2         1.3400000000e+08                       2979515
      8      0         1.3450000000e+08                       2979516
      6      0         1.3600000000e+08                       2979520
     23      2         1.3700000000e+08                       2979521
      1      0         1.3750000000e+08                       4023452
      8      0         1.7450000000e+08                       4023454
      8      0         1.7550000000e+08                       4023456
     23      2         1.7650000000e+08                       4023457
      8      0         1.7700000000e+08                       4023460
     23      2         1.8000000000e+08                       4023461
      8      0         1.8050000000e+08                       4023462
     23      2         1.8100000000e+08                       4023463
      8      0         1.8150000000e+08                       4023464
      8      0         1.8200000000e+08                       4023468
      8      0         1.8300000000e+08                       4023470
      6      0         1.8600000000e+08                       4023472
      8      0         1.8650000000e+08                       4023474
      8      0         1.8750000000e+08                       4023476
      8      0         1.8900000000e+08                       4023478
     23      2         1.8950000000e+08                       4023479
      6      0         1.9000000000e+08                       4023480
      8      0         1.9350000000e+08                       4023482
     23      2         1.9400000000e+08                       4023483
      4      0         1.9450000000e+08                       6320819
      8      0         2.7200000000e+08                       6320821
     23      2         2.7300000000e+08                       6320822
      8      0         2.7350000000e+08                       6320823
      8      0         2.7450000000e+08                       6320825
      4      0         2.7500000000e+08                       7803675
      4      0         3.2600000000e+08                      10873528
     23      2         4.3200000000e+08                      10873529
      6      0         4.3250000000e+08                      10873530
     23      2         4.3450000000e+08                      10873531
      8      0         4.3500000000e+08                      10873532
      8      0         4.3600000000e+08                      10873534
      6      0         4.3650000000e+08                      10873536
      2      0         4.3700000000e+08                      11514580
      6      0         4.5900000000e+08                      11514582
      4      0         4.5950000000e+08                      15406218
      6      0         5.9100000000e+08                      15406220
     23      2         5.9150000000e+08                      15406221
      6      0         5.9200000000e+08                      15406224
     23      2         5.9250000000e+08                      15406227
      8      0         5.9300000000e+08                      15406228
      6      0         5.9400000000e+08                      15406232
      8      0         5.9600000000e+08                      15406234
      6      0         5.9750000000e+08                      15406236
      3      0         5.9850000000e+08                      19155787
      7      0         7.2750000000e+08                      19155789
      7      0         7.2850000000e+08                      19155791
      7      0         7.2900000000e+08                      19155793
     14      1         7.2950000000e+08                      19155796
      7      0         7.3000000000e+08                      19155797
      7      0         7.3050000000e+08                      19155803
      7      0         7.3150000000e+08                      19155805
      7      0         7.3200000000e+08                      19155807
      7      0         7.3250000000e+08                      19155811
      7      0         7.3350000000e+08                      19155813
      7      0         7.3500000000e+08                      19155815
      7      0         7.3550000000e+08                      19155817
      7      0         7.3600000000e+08                      19155823
      7      0         7.3700000000e+08                      19155825
      7      0         7.3800000000e+08                      19155829
      7      0         7.3850000000e+08                      19155831
      7      0         7.3900000000e+08                      19155833
      7      0         7.3950000000e+08                      19155835
      7      0         7.4050000000e+08                      19155837
     14      1         7.4100000000e+08                      19155838
      7      0         7.4150000000e+08                      19155839
      7      0         7.4200000000e+08                      19155841
      7      0         7.4300000000e+08                      19155843
     14      1         7.4350000000e+08                      19155844
      7      0         7.4400000000e+08                      19155851
      7      0         7.4500000000e+08                      19155853
      7      0         7.4550000000e+08                      19155855
      7      0         7.4600000000e+08                      19155857
      7      0         7.4650000000e+08                      19155859
      7      0         7.4700000000e+08                      19155861
      7      0         7.4900000000e+08                      19155863
      7      0         7.4950000000e+08                      19155867
      7      0         7.5000000000e+08                      19155873
     14      1         7.5050000000e+08                      19155874
      7      0         7.5100000000e+08                      19155875
      1      0         7.5200000000e+08                      19913123
      8      0         7.7800000000e+08                      19913125
     23      2         7.7900000000e+08                      19913126
      6      0         7.7950000000e+08                      19913127
     23      2         7.8200000000e+08                      19913128
      6      0         7.8250000000e+08                      19913129
      8      0         7.8400000000e+08                      19913131
      8      0         7.8550000000e+08                      19913133
      1      0         7.8700000000e+08                      20073856
      7      0         7.9450000000e+08                      20073860
      7      0         7.9600000000e+08                      20073862
      7      0         7.9700000000e+08                      20073864
      7      0         7.9800000000e+08                      20073866
      7      0         7.9900000000e+08                      20073870
      7      0         7.9950000000e+08                      20073876
      7      0         8.0000000000e+08                      20073878
      7      0         8.0250000000e+08                      20073882
      7      0         8.0350000000e+08                      20073884
      7      0         8.0400000000e+08                      20073886
      7      0         8.0500000000e+08                      20073888
      7      0         8.0550000000e+08                      20073890
      7      0         8.0650000000e+08                      20073892
      7      0         8.0750000000e+08                      20073894
      7      0         8.0800000000e+08                      20073896
      7      0         8.0950000000e+08                      20073898
      7      0         8.1000000000e+08                      20073900
      7      0         8.1050000000e+08                      20073902
      7      0         8.1150000000e+08                      20073904
      7      0         8.1250000000e+08                      20073906
      7      0         8.1350000000e+08                      20073908
      7      0         8.1500000000e+08                      20073912
     16      1         8.1550000000e+08                      20073917
      7      0         8.1600000000e+08                      20073918
      7      0         8.1650000000e+08                      20073922
      5      0         8.1700000000e+08                      20094847
      8      0         8.1800000000e+08                      20094849
     23      2         8.2000000000e+08                      20094852
      8      0         8.2050000000e+08                      20094853
      6      0         8.2100000000e+08                      20094855
      8      0         8.2150000000e+08                      20094857
      8      0         8.2300000000e+08                      20094859
      8      0         8.2600000000e+08                      20094861
      6      0         8.2700000000e+08                      20094863
      6      0         8.2750000000e+08                      20094865
     23      2         8.2800000000e+08                      20094866
      6      0         8.2850000000e+08                      20094867
     23      2         8.2900000000e+08                      20094868
      6      0         8.2950000000e+08                      20094869
      8      0         8.3100000000e+08                      20094871
      8      0         8.3150000000e+08                      20094873
      6      0         8.3250000000e+08                      20094875
      3      0         8.3300000000e+08                      21711664
      6      0         8.9050000000e+08                      21711666
      8      0         8.9100000000e+08                      21711668
      8      0         8.9400000000e+08                      21711670
     23      2         8.9550000000e+08                      21711671
      8      0         8.9600000000e+08                      21711672
     23      2         8.9650000000e+08                      21711673
      6      0         8.9700000000e+08                      21711676
      8      0         8.9900000000e+08                      21711678
     23      2         9.0200000000e+08                      21711679
      8      0         9.0250000000e+08                      21711680
      8      0         9.0300000000e+08                      21711682
      6      0         9.0400000000e+08                      21711684
      8      0         9.0450000000e+08                      21711686
      8      0         9.0500000000e+08                      21711688
      6      0         9.0600000000e+08                      21711690
      6      0         9.0700000000e+08                      21711692
      8      0         9.0800000000e+08                      21711694
     23      2         9.0850000000e+08                      21711695
      8      0         9.0900000000e+08                      21711696
      6      0         9.0950000000e+08                      21711698
     23      2         9.1000000000e+08                      21711699
      8      0         9.1050000000e+08                      21711702
      8      0         9.1100000000e+08                      21711704
      6      0         9.1250000000e+08                      21711706
      3      0         9.1300000000e+08                      27047536
