     11      1         0.0000000000e+00                             0
     11      1         5.0000000000e+05                         75212
      7      0         3.0000000000e+06                         75213
      7      0         3.5000000000e+06                         75215
      7      0         4.5000000000e+06                         75219
     14      1         5.0000000000e+06                         75222
      7      0         5.5000000000e+06                         75225
     14      1         6.0000000000e+06                         75226
      7      0         6.5000000000e+06                         75231
      7      0         7.5000000000e+06                         75233
     14      1         9.0000000000e+06                         75236
      7      0         9.5000000000e+06                         75239
     14      1         1.0000000000e+07                         75242
      7      0         1.0500000000e+07                         75243
      7      0         1.1000000000e+07                         75245
      7      0         1.1500000000e+07                         75247
      7      0         1.2000000000e+07                         75249
      7      0         1.2500000000e+07                         75253
     12      1         1.4000000000e+07                        204896
     30      3         1.8500000000e+07                        204901
     30      3         1.9000000000e+07                        204909
     30      3         2.0000000000e+07                        204919
     32      3         2.0500000000e+07                        204923
     32      3         2.1000000000e+07                        204929
     30      3         2.1500000000e+07                        204935
     30      3         2.2000000000e+07                        204939
     32      3         2.2500000000e+07                        204943
     32      3         2.3000000000e+07                        204953
     32      3         2.3500000000e+07                        204955
     15      1         2.4000000000e+07                        204962
     30      3         2.4500000000e+07                        204971
     15      1         2.5000000000e+07                        204972
     30      3         2.5500000000e+07                        204979
     30      3         2.6000000000e+07                        204983
     32      3         2.6500000000e+07                        204987
     32      3         2.7000000000e+07                        204995
     32      3         2.7500000000e+07                        205003
     32      3         2.8000000000e+07                        205011
     30      3         2.8500000000e+07                        205019
     30      3         2.9000000000e+07                        205027
     32      3         2.9500000000e+07                        205035
     32      3         3.0000000000e+07                        205041
     32      3         3.0500000000e+07                        205045
     15      1         3.1000000000e+07                        205054
     32      3         3.1500000000e+07                        205061
     30      3         3.2000000000e+07                        205071
     32      3         3.2500000000e+07                        205081
     30      3         3.3000000000e+07                        205087
     32      3         3.3500000000e+07                        205095
     30      3         3.4000000000e+07                        205103
     15      1         3.4500000000e+07                        205108
     30      3         3.5000000000e+07                        205115
     32      3         3.5500000000e+07                        205117
     32      3         3.6000000000e+07                        205125
     30      3         3.6500000000e+07                        205131
     32      3         3.7000000000e+07                        205133
     30      3         3.7500000000e+07                        205141
     32      3         3.8000000000e+07                        205151
     25      3         3.8500000000e+07                        763178
     30      3         5.6450000000e+08                        763180
     15      1         5.6500000000e+08                        763191
     15      1         5.6550000000e+08                        763201
     30      3         5.6600000000e+08                        763202
     32      3         5.6650000000e+08                        763206
     30      3         5.6700000000e+08                        763212
     32      3         5.6750000000e+08                        763214
     32      3         5.6800000000e+08                        763220
     32      3         5.6850000000e+08                        763232
     30      3         5.6900000000e+08                        763242
     32      3         5.6950000000e+08                        763250
     30      3         5.7000000000e+08                        763260
     30      3         5.7050000000e+08                        763268
     32      3         5.7100000000e+08                        763274
     32      3         5.7150000000e+08                        763280
     30      3         5.7200000000e+08                        763284
     32      3         5.7250000000e+08                        763290
     15      1         5.7300000000e+08                        763297
     32      3         5.7350000000e+08                        763302
     32      3         5.7400000000e+08                        763304
     32      3         5.7450000000e+08                        763306
     32      3         5.7500000000e+08                        763314
     30      3         5.7550000000e+08                        763318
     30      3         5.7600000000e+08                        763322
     30      3         5.7650000000e+08                        763332
     32      3         5.7700000000e+08                        763336
     32      3         5.7750000000e+08                        763340
     32      3         5.7800000000e+08                        763350
     32      3         5.7850000000e+08                        763352
     32      3         5.7900000000e+08                        763358
     30      3         5.7950000000e+08                        763366
     15      1         5.8000000000e+08                        763371
     15      1         5.8050000000e+08                        763377
     30      3         5.8100000000e+08                        763382
     32      3         5.8150000000e+08                        763392
     15      1         5.8200000000e+08                        763399
     15      1         5.8250000000e+08                        763409
     15      1         5.8300000000e+08                        763417
     30      3         5.8350000000e+08                        763422
     32      3         5.8400000000e+08                        763426
     30      3         5.8450000000e+08                        763432
     30      3         5.8500000000e+08                        763436
     32      3         5.8550000000e+08                        763446
     30      3         5.8600000000e+08                        763450
     15      1         5.8650000000e+08                        763457
     30      3         5.8700000000e+08                        763462
     30      3         5.8750000000e+08                        763466
     15      1         5.8850000000e+08                        763473
     30      3         5.8900000000e+08                        763480
     32      3         5.8950000000e+08                        763484
     32      3         5.9000000000e+08                        763492
     30      3         5.9050000000e+08                        763500
     32      3         5.9100000000e+08                        763506
     32      3         5.9150000000e+08                        763512
     30      3         5.9200000000e+08                        763516
     30      3         5.9250000000e+08                        763524
     32      3         5.9300000000e+08                        763532
     32      3         5.9350000000e+08                        763540
     30      3         5.9400000000e+08                        763546
     32      3         5.9450000000e+08                        763552
     30      3         5.9500000000e+08                        763560
     32      3         5.9550000000e+08                        763564
     32      3         5.9600000000e+08                        763568
     32      3         5.9650000000e+08                        763572
     30      3         5.9700000000e+08                        763578
     30      3         5.9750000000e+08                        763584
     30      3         5.9800000000e+08                        763592
     30      3         5.9850000000e+08                        763598
     30      3         5.9900000000e+08                        763604
     32      3         5.9950000000e+08                        763614
     15      1         6.0000000000e+08                        763621
     15      1         6.0050000000e+08                        763635
     30      3         6.0100000000e+08                        763638
     32      3         6.0150000000e+08                        763640
     32      3         6.0200000000e+08                        763648
     32      3         6.0250000000e+08                        763652
     30      3         6.0300000000e+08                        763664
     30      3         6.0350000000e+08                        763674
     32      3         6.0400000000e+08                        763678
     30      3         6.0450000000e+08                        763680
     30      3         6.0500000000e+08                        763686
     30      3         6.0550000000e+08                        763694
     30      3         6.0600000000e+08                        763704
     30      3         6.0650000000e+08                        763710
     30      3         6.0700000000e+08                        763718
     32      3         6.0750000000e+08                        763720
     15      1         6.0800000000e+08                        763727
     30      3         6.0850000000e+08                        763746
     32      3         6.0900000000e+08                        763754
     15      1         6.0950000000e+08                        763759
     30      3         6.1000000000e+08                        763770
     32      3         6.1050000000e+08                        763778
     30      3         6.1100000000e+08                        763790
     30      3         6.1150000000e+08                        763796
     30      3         6.1200000000e+08                        763800
     30      3         6.1250000000e+08                        763808
     32      3         6.1300000000e+08                        763812
     30      3         6.1350000000e+08                        763814
     32      3         6.1400000000e+08                        763822
     30      3         6.1450000000e+08                        763830
     15      1         6.1500000000e+08                        763837
     30      3         6.1550000000e+08                        763846
     15      1         6.1600000000e+08                        763853
     30      3         6.1650000000e+08                        763858
     30      3         6.1700000000e+08                        763860
     32      3         6.1750000000e+08                        763872
     30      3         6.1800000000e+08                        763876
     30      3         6.1850000000e+08                        763884
     30      3         6.1900000000e+08                        763896
     32      3         6.1950000000e+08                        763904
     30      3         6.2000000000e+08                        763912
     30      3         6.2050000000e+08                        763920
     30      3         6.2100000000e+08                        763932
     32      3         6.2150000000e+08                        763942
     30      3         6.2200000000e+08                        763944
     32      3         6.2250000000e+08                        763950
      9      1         6.2350000000e+08                       1127082
      7      0         6.3550000000e+08                       1127083
      7      0         6.3600000000e+08                       1127085
      7      0         6.3650000000e+08                       1127087
      7      0         6.3700000000e+08                       1127089
      7      0         6.3800000000e+08                       1127093
      7      0         6.3850000000e+08                       1127095
     14      1         6.3900000000e+08                       1127100
      7      0         6.3950000000e+08                       1127101
      3      0         6.4000000000e+08                       4820103
      6      0         7.6650000000e+08                       4820107
      6      0         7.6700000000e+08                       4820109
     23      2         7.6850000000e+08                       4820110
      8      0         7.6900000000e+08                       4820113
      8      0         7.7150000000e+08                       4820115
      8      0         7.7200000000e+08                       4820117
      8      0         7.7450000000e+08                       4820119
     23      2         7.7550000000e+08                       4820120
      6      0         7.7600000000e+08                       4820123
     23      2         7.7700000000e+08                       4820124
      6      0         7.7750000000e+08                       4820125
      8      0         7.7850000000e+08                       4820127
      6      0         7.8050000000e+08                       4820129
      8      0         7.8350000000e+08                       4820131
      8      0         7.8450000000e+08                       4820133
      6      0         7.8500000000e+08                       4820135
     23      2         7.8550000000e+08                       4820136
      6      0         7.8600000000e+08                       4820137
      3      0         7.8700000000e+08                       7182974
     14      1         8.6750000000e+08                       7182975
      7      0         8.6800000000e+08                       7182976
      7      0         8.6850000000e+08                       7182980
      7      0         8.6900000000e+08                       7182984
      1      0         8.6950000000e+08                       8194864
      7      0         9.0450000000e+08                       8194868
      7      0         9.0500000000e+08                       8194870
      7      0         9.0550000000e+08                       8194872
     16      1         9.0600000000e+08                       8194875
      7      0         9.0650000000e+08                       8194878
      7      0         9.1050000000e+08                       8194880
      7      0         9.1100000000e+08                       8194882
      7      0         9.1150000000e+08                       8194888
      7      0         9.1200000000e+08                       8194890
      7      0         9.1400000000e+08                       8194892
      7      0         9.1600000000e+08                       8194894
      7      0         9.1650000000e+08                       8194898
      7      0         9.1750000000e+08                       8194900
      7      0         9.1800000000e+08                       8194902
      7      0         9.1950000000e+08                       8194904
      7      0         9.2050000000e+08                       8194906
      7      0         9.2250000000e+08                       8194910
      1      0         9.2300000000e+08                       8567685
      6      0         9.3700000000e+08                       8567687
      6      0         9.3750000000e+08                       8567689
      6      0         9.3800000000e+08                       8567691
     23      2         9.3850000000e+08                       8567692
      6      0         9.3900000000e+08                       8567693
      6      0         9.3950000000e+08                       8567697
     23      2         9.4000000000e+08                       8567700
      6      0         9.4050000000e+08                       8567703
      8      0         9.4100000000e+08                       8567705
     23      2         9.4250000000e+08                       8567706
      8      0         9.4300000000e+08                       8567707
      8      0         9.4350000000e+08                       8567711
      6      0         9.4500000000e+08                       8567713
      8      0         9.4800000000e+08                       8567715
     23      2         9.4900000000e+08                       8567716
      8      0         9.4950000000e+08                       8567717
      6      0         9.5050000000e+08                       8567721
      6      0         9.5200000000e+08                       8567723
      8      0         9.5300000000e+08                       8567727
      8      0         9.5450000000e+08                       8567729
      6      0         9.5550000000e+08                       8567731
     23      2         9.5600000000e+08                       8567734
     23      2         9.5650000000e+08                       8567738
      6      0         9.5700000000e+08                       8567739
      6      0         9.5800000000e+08                       8567741
      6      0         9.5850000000e+08                       8567743
      8      0         9.6000000000e+08                       8567745
      8      0         9.6250000000e+08                       8567747
      8      0         9.6300000000e+08                       8567749
      6      0         9.6350000000e+08                       8567751
     23      2         9.6500000000e+08                       8567752
      8      0         9.6550000000e+08                       8567753
     23      2         9.6750000000e+08                       8567754
      6      0         9.6800000000e+08                       8567759
      6      0         9.6900000000e+08                       8567761
      6      0         9.7050000000e+08                       8567763
      6      0         9.7100000000e+08                       8567765
      6      0         9.7150000000e+08                       8567769
     23      2         9.7250000000e+08                       8567772
      6      0         9.7300000000e+08                       8567775
      8      0         9.7450000000e+08                       8567777
     23      2         9.7500000000e+08                       8567780
      6      0         9.7550000000e+08                       8567781
      6      0         9.7900000000e+08                       8567783
     23      2         9.8200000000e+08                       8567786
      8      0         9.8250000000e+08                       8567787
      8      0         9.8300000000e+08                       8567791
      8      0         9.8400000000e+08                       8567793
      8      0         9.8450000000e+08                       8567795
     23      2         9.8650000000e+08                       8567796
      8      0         9.8700000000e+08                       8567799
      6      0         9.8850000000e+08                       8567801
     23      2         9.8950000000e+08                       8567802
      8      0         9.9000000000e+08                       8567805
      6      0         9.9050000000e+08                       8567807
      6      0         9.9350000000e+08                       8567809
      6      0         9.9450000000e+08                       8567811
      8      0         9.9500000000e+08                       8567813
     23      2         9.9600000000e+08                       8567816
      6      0         9.9650000000e+08                       8567817
     23      2         9.9700000000e+08                       8567820
      1      0         9.9750000000e+08                       9362015
