     14      1         0.0000000000e+00                             0
      3      0         5.0000000000e+05                        240615
      4      0         9.0000000000e+06                        521517
      3      0         1.9000000000e+07                       3034407
     16      1         1.0350000000e+08                       3034412
      7      0         1.0400000000e+08                       3034415
      7      0         1.0450000000e+08                       3034417
     16      1         1.0500000000e+08                       3034418
      7      0         1.0550000000e+08                       3034419
      3      0         1.0600000000e+08                       4302712
      8      0         1.5000000000e+08                       4302714
      8      0         1.5350000000e+08                       4302716
      6      0         1.5500000000e+08                       4302718
      6      0         1.5800000000e+08                       4302720
      6      0         1.5850000000e+08                       4302722
     23      2         1.5900000000e+08                       4302725
      4      0         1.5950000000e+08                       6339220
      6      0         2.3150000000e+08                       6339222
     23      2         2.3200000000e+08                       6339223
      6      0         2.3250000000e+08                       6339226
      6      0         2.3300000000e+08                       6339228
     23      2         2.3500000000e+08                       6339229
     23      2         2.3550000000e+08                       6339231
      5      0         2.3600000000e+08                      11116584
     23      2         3.9650000000e+08                      11116585
     23      2         3.9700000000e+08                      11116587
      8      0         3.9750000000e+08                      11116588
      8      0         3.9800000000e+08                      11116590
      8      0         3.9850000000e+08                      11116592
     23      2         4.0050000000e+08                      11116593
      6      0         4.0100000000e+08                      11116594
     23      2         4.0450000000e+08                      11116595
      6      0         4.0550000000e+08                      11116596
     23      2         4.0600000000e+08                      11116599
      6      0         4.0650000000e+08                      11116602
     23      2         4.0700000000e+08                      11116603
      8      0         4.0750000000e+08                      11116608
     23      2         4.0850000000e+08                      11116609
      6      0         4.0900000000e+08                      11116610
     23      2         4.1000000000e+08                      11116611
      3      0         4.1050000000e+08                      13071032
      8      0         4.7800000000e+08                      13071034
      6      0         4.7950000000e+08                      13071036
     23      2         4.8050000000e+08                      13071037
      6      0         4.8100000000e+08                      13071040
     23      2         4.8150000000e+08                      13071041
     23      2         4.8200000000e+08                      13071043
      8      0         4.8250000000e+08                      13071044
      6      0         4.8350000000e+08                      13071046
      1      0         4.8650000000e+08                      13560808
     23      2         5.0700000000e+08                      13560809
      8      0         5.0750000000e+08                      13560810
      6      0         5.0950000000e+08                      13560814
     23      2         5.1000000000e+08                      13560815
      8      0         5.1050000000e+08                      13560816
      1      0         5.1250000000e+08                      17143374
      6      0         6.3400000000e+08                      17143376
      6      0         6.3500000000e+08                      17143378
      8      0         6.3750000000e+08                      17143380
      8      0         6.3950000000e+08                      17143382
     23      2         6.4150000000e+08                      17143383
      6      0         6.4250000000e+08                      17143386
      8      0         6.4300000000e+08                      17143388
      8      0         6.4350000000e+08                      17143390
      8      0         6.4500000000e+08                      17143392
      8      0         6.4800000000e+08                      17143394
      8      0         6.4900000000e+08                      17143396
      3      0         6.5000000000e+08                      17302916
      6      0         6.5700000000e+08                      17302918
     23      2         6.5750000000e+08                      17302919
      2      0         6.5800000000e+08                      17411197
      7      0         6.6200000000e+08                      17411199
      7      0         6.6250000000e+08                      17411201
      7      0         6.6300000000e+08                      17411203
      7      0         6.6350000000e+08                      17411205
      7      0         6.6600000000e+08                      17411207
      7      0         6.6650000000e+08                      17411209
      7      0         6.6700000000e+08                      17411213
      7      0         6.6800000000e+08                      17411217
      7      0         6.6850000000e+08                      17411219
      7      0         6.6950000000e+08                      17411223
      7      0         6.7050000000e+08                      17411225
     16      1         6.7100000000e+08                      17411230
     14      1         6.7150000000e+08                      17411234
      7      0         6.7200000000e+08                      17411235
      7      0         6.7400000000e+08                      17411237
      7      0         6.7500000000e+08                      17411239
      7      0         6.7550000000e+08                      17411241
      7      0         6.7700000000e+08                      17411243
     16      1         6.7900000000e+08                      17411246
      7      0         6.7950000000e+08                      17411247
     14      1         6.8000000000e+08                      17411248
      7      0         6.8050000000e+08                      17411249
      7      0         6.8150000000e+08                      17411253
      7      0         6.8200000000e+08                      17411255
      7      0         6.8250000000e+08                      17411257
      7      0         6.8300000000e+08                      17411259
      7      0         6.8350000000e+08                      17411263
      7      0         6.8400000000e+08                      17411265
      7      0         6.8450000000e+08                      17411271
      7      0         6.8500000000e+08                      17411275
      7      0         6.8550000000e+08                      17411277
      7      0         6.8650000000e+08                      17411279
      7      0         6.8700000000e+08                      17411285
      2      0         6.8750000000e+08                      18037059
     11      1         7.1100000000e+08                      18328974
      7      0         7.2100000000e+08                      18328975
      7      0         7.2200000000e+08                      18328977
     11      1         7.2400000000e+08                      20076385
      7      0         7.8300000000e+08                      20076386
      7      0         7.8350000000e+08                      20076388
      7      0         7.8450000000e+08                      20076390
      7      0         7.8600000000e+08                      20076392
     12      1         7.8700000000e+08                      20338919
     32      3         7.9600000000e+08                      20338926
     30      3         7.9650000000e+08                      20338932
     32      3         7.9750000000e+08                      20338942
     32      3         7.9800000000e+08                      20338948
     30      3         7.9850000000e+08                      20338952
     30      3         7.9900000000e+08                      20338962
     32      3         7.9950000000e+08                      20338968
     32      3         8.0000000000e+08                      20338976
     32      3         8.0050000000e+08                      20338978
     32      3         8.0100000000e+08                      20338984
     32      3         8.0150000000e+08                      20338998
     32      3         8.0250000000e+08                      20339002
     30      3         8.0300000000e+08                      20339006
     15      1         8.0350000000e+08                      20339013
     32      3         8.0400000000e+08                      20339020
     30      3         8.0450000000e+08                      20339024
     30      3         8.0500000000e+08                      20339034
     32      3         8.0550000000e+08                      20339044
     30      3         8.0600000000e+08                      20339050
     30      3         8.0650000000e+08                      20339062
     15      1         8.0700000000e+08                      20339071
     30      3         8.0750000000e+08                      20339082
     30      3         8.0800000000e+08                      20339088
     32      3         8.0850000000e+08                      20339090
     32      3         8.0900000000e+08                      20339096
     32      3         8.0950000000e+08                      20339098
     30      3         8.1000000000e+08                      20339102
     32      3         8.1050000000e+08                      20339112
     30      3         8.1100000000e+08                      20339120
     32      3         8.1150000000e+08                      20339134
     30      3         8.1200000000e+08                      20339136
     30      3         8.1250000000e+08                      20339148
     30      3         8.1300000000e+08                      20339162
     32      3         8.1350000000e+08                      20339168
     32      3         8.1400000000e+08                      20339184
     30      3         8.1450000000e+08                      20339190
     32      3         8.1500000000e+08                      20339198
     15      1         8.1550000000e+08                      20339203
     32      3         8.1600000000e+08                      20339206
     30      3         8.1650000000e+08                      20339214
     32      3         8.1700000000e+08                      20339226
     32      3         8.1750000000e+08                      20339230
     30      3         8.1800000000e+08                      20339236
     15      1         8.1850000000e+08                      20339251
     30      3         8.1900000000e+08                      20339262
     30      3         8.1950000000e+08                      20339268
     30      3         8.2000000000e+08                      20339272
     30      3         8.2050000000e+08                      20339284
     15      1         8.2100000000e+08                      20339285
     30      3         8.2150000000e+08                      20339288
     32      3         8.2200000000e+08                      20339290
     32      3         8.2250000000e+08                      20339296
     30      3         8.2300000000e+08                      20339298
     32      3         8.2350000000e+08                      20339302
     30      3         8.2400000000e+08                      20339308
     15      1         8.2450000000e+08                      20339311
     32      3         8.2500000000e+08                      20339314
     32      3         8.2550000000e+08                      20339320
     30      3         8.2600000000e+08                      20339328
     15      1         8.2650000000e+08                      20339329
     15      1         8.2700000000e+08                      20339335
     15      1         8.2750000000e+08                      20339341
     30      3         8.2800000000e+08                      20339344
     32      3         8.2850000000e+08                      20339352
     32      3         8.2900000000e+08                      20339360
     30      3         8.2950000000e+08                      20339362
     32      3         8.3000000000e+08                      20339366
     32      3         8.3050000000e+08                      20339372
     32      3         8.3100000000e+08                      20339382
     32      3         8.3150000000e+08                      20339392
     32      3         8.3200000000e+08                      20339396
     32      3         8.3250000000e+08                      20339402
     30      3         8.3300000000e+08                      20339404
     32      3         8.3350000000e+08                      20339416
     32      3         8.3400000000e+08                      20339418
     32      3         8.3450000000e+08                      20339424
     30      3         8.3500000000e+08                      20339428
     32      3         8.3600000000e+08                      20339436
     30      3         8.3650000000e+08                      20339438
     32      3         8.3700000000e+08                      20339442
     32      3         8.3750000000e+08                      20339446
     32      3         8.3800000000e+08                      20339454
     30      3         8.3850000000e+08                      20339464
     30      3         8.3900000000e+08                      20339468
     32      3         8.3950000000e+08                      20339478
     15      1         8.4000000000e+08                      20339481
     30      3         8.4050000000e+08                      20339488
     32      3         8.4100000000e+08                      20339490
     30      3         8.4150000000e+08                      20339492
     32      3         8.4200000000e+08                      20339500
     32      3         8.4250000000e+08                      20339506
     32      3         8.4300000000e+08                      20339514
     30      3         8.4350000000e+08                      20339526
     32      3         8.4400000000e+08                      20339536
     32      3         8.4450000000e+08                      20339538
     32      3         8.4550000000e+08                      20339548
     32      3         8.4600000000e+08                      20339554
     30      3         8.4650000000e+08                      20339562
     30      3         8.4700000000e+08                      20339570
     32      3         8.4750000000e+08                      20339574
     15      1         8.4800000000e+08                      20339585
     32      3         8.4850000000e+08                      20339596
     30      3         8.4900000000e+08                      20339602
     32      3         8.4950000000e+08                      20339610
     30      3         8.5000000000e+08                      20339616
     32      3         8.5050000000e+08                      20339622
     15      1         8.5100000000e+08                      20339631
     30      3         8.5150000000e+08                      20339640
     30      3         8.5200000000e+08                      20339650
     30      3         8.5250000000e+08                      20339652
     13      1         8.5300000000e+08                      20747578
      7      0         8.6650000000e+08                      20747579
      7      0         8.6750000000e+08                      20747581
      7      0         8.6850000000e+08                      20747583
     16      1         8.6950000000e+08                      20747586
      7      0         8.7000000000e+08                      20747587
      7      0         8.7050000000e+08                      20747591
     16      1         8.7100000000e+08                      20747592
      7      0         8.7150000000e+08                      20747593
      2      0         8.7200000000e+08                      21344859
      6      0         8.9250000000e+08                      21344861
      8      0         8.9300000000e+08                      21344863
      8      0         8.9600000000e+08                      21344865
     23      2         8.9950000000e+08                      21344866
      6      0         9.0000000000e+08                      21344867
      4      0         9.0150000000e+08                      21661224
     23      2         9.1450000000e+08                      21661225
      6      0         9.1500000000e+08                      21661226
      6      0         9.1600000000e+08                      21661228
      6      0         9.1700000000e+08                      21661230
      6      0         9.1750000000e+08                      21661232
     23      2         9.2000000000e+08                      21661233
      2      0         9.2050000000e+08                      25518760
