     22      2         0.0000000000e+00                             0
     22      2         5.0000000000e+05                             7
     31      3         1.0000000000e+06                            12
     31      3         1.5000000000e+06                            14
     24      2         2.0000000000e+06                            15
     22      2         2.5000000000e+06                            17
     22      2         3.0000000000e+06                            19
     31      3         3.5000000000e+06                            20
     24      2         4.0000000000e+06                            23
     31      3         4.5000000000e+06                            24
     24      2         5.0000000000e+06                            29
     31      3         5.5000000000e+06                            30
     24      2         6.0000000000e+06                            35
     24      2         6.5000000000e+06                            39
     24      2         7.0000000000e+06                            41
     22      2         7.5000000000e+06                            43
     24      2         8.0000000000e+06                            49
     31      3         8.5000000000e+06                            50
     31      3         9.0000000000e+06                            54
     31      3         9.5000000000e+06                            62
     22      2         1.0000000000e+07                            65
     24      2         1.1000000000e+07                            69
     24      2         1.1500000000e+07                            73
     24      2         1.2000000000e+07                            75
     31      3         1.2500000000e+07                            78
     22      2         1.3000000000e+07                            79
     31      3         1.3500000000e+07                            82
     22      2         1.4000000000e+07                            83
     22      2         1.4500000000e+07                            89
     31      3         1.6000000000e+07                            94
     24      2         1.6500000000e+07                            95
     22      2         1.7000000000e+07                           101
     24      2         1.7500000000e+07                           103
     31      3         1.8500000000e+07                           106
     31      3         1.9000000000e+07                           108
     31      3         1.9500000000e+07                           110
     31      3         2.0000000000e+07                           112
     22      2         2.0500000000e+07                           117
     22      2         2.1000000000e+07                           121
     24      2         2.1500000000e+07                           127
     24      2         2.2500000000e+07                           129
     22      2         2.3500000000e+07                           133
     24      2         2.4500000000e+07                           135
     22      2         2.5000000000e+07                           137
     24      2         2.5500000000e+07                           139
     22      2         2.6500000000e+07                           141
     24      2         2.7000000000e+07                           143
     24      2         2.7500000000e+07                           147
     22      2         2.8000000000e+07                           151
     22      2         2.8500000000e+07                           157
     31      3         2.9000000000e+07                           160
     22      2         2.9500000000e+07                           165
     24      2         3.0000000000e+07                           169
     22      2         3.0500000000e+07                           173
     25      3         3.1000000000e+07                         95991
     24      2         1.2150000000e+08                         95994
     31      3         1.2200000000e+08                         95997
     22      2         1.2250000000e+08                         96000
     22      2         1.2300000000e+08                         96006
     31      3         1.2350000000e+08                         96009
     24      2         1.2400000000e+08                         96012
     31      3         1.2500000000e+08                         96013
     31      3         1.2550000000e+08                         96019
     22      2         1.2600000000e+08                         96022
     24      2         1.2650000000e+08                         96024
     22      2         1.2700000000e+08                         96028
     24      2         1.2800000000e+08                         96030
     31      3         1.2850000000e+08                         96033
     24      2         1.2900000000e+08                         96034
     24      2         1.2950000000e+08                         96040
     31      3         1.3050000000e+08                         96043
     22      2         1.3100000000e+08                         96046
     24      2         1.3150000000e+08                         96052
     31      3         1.3250000000e+08                         96055
     24      2         1.3300000000e+08                         96056
     22      2         1.3350000000e+08                         96058
     31      3         1.3400000000e+08                         96059
     22      2         1.3450000000e+08                         96060
     22      2         1.3500000000e+08                         96062
     31      3         1.3550000000e+08                         96065
     24      2         1.3600000000e+08                         96070
     24      2         1.3650000000e+08                         96074
     22      2         1.3700000000e+08                         96082
     24      2         1.3800000000e+08                         96090
     31      3         1.3850000000e+08                         96091
     31      3         1.3900000000e+08                         96097
     22      2         1.3950000000e+08                         96102
     24      2         1.4000000000e+08                         96104
     22      2         1.4050000000e+08                         96108
     24      2         1.4150000000e+08                         96110
     31      3         1.4200000000e+08                         96113
     31      3         1.4250000000e+08                         96117
     22      2         1.4300000000e+08                         96120
     22      2         1.4350000000e+08                         96124
     22      2         1.4400000000e+08                         96128
     24      2         1.4450000000e+08                         96130
     24      2         1.4500000000e+08                         96132
     31      3         1.4550000000e+08                         96133
     31      3         1.4600000000e+08                         96139
     24      2         1.4650000000e+08                         96142
     22      2         1.4750000000e+08                         96148
     24      2         1.4800000000e+08                         96152
     31      3         1.4850000000e+08                         96157
     22      2         1.4900000000e+08                         96160
     24      2         1.5000000000e+08                         96162
     22      2         1.5050000000e+08                         96168
     31      3         1.5100000000e+08                         96169
     22      2         1.5150000000e+08                         96172
     22      2         1.5250000000e+08                         96174
     24      2         1.5300000000e+08                         96176
     24      2         1.5350000000e+08                         96180
     31      3         1.5400000000e+08                         96185
     24      2         1.5450000000e+08                         96190
     24      2         1.5500000000e+08                         96196
     24      2         1.5600000000e+08                         96198
     22      2         1.5700000000e+08                         96200
     22      2         1.5750000000e+08                         96202
     24      2         1.5800000000e+08                         96204
     22      2         1.5900000000e+08                         96206
     22      2         1.6000000000e+08                         96208
     24      2         1.6050000000e+08                         96210
     24      2         1.6100000000e+08                         96214
     22      2         1.6200000000e+08                         96216
     24      2         1.6250000000e+08                         96220
     31      3         1.6300000000e+08                         96221
     22      2         1.6350000000e+08                         96224
     24      2         1.6400000000e+08                         96228
     31      3         1.6450000000e+08                         96231
     31      3         1.6500000000e+08                         96237
     22      2         1.6550000000e+08                         96238
     22      2         1.6600000000e+08                         96240
     22      2         1.6650000000e+08                         96242
     24      2         1.6700000000e+08                         96244
     22      2         1.6750000000e+08                         96248
     22      2         1.6800000000e+08                         96250
     24      2         1.6850000000e+08                         96252
     24      2         1.6900000000e+08                         96258
     22      2         1.6950000000e+08                         96260
     31      3         1.7000000000e+08                         96265
     22      2         1.7050000000e+08                         96268
     31      3         1.7100000000e+08                         96273
     24      2         1.7150000000e+08                         96274
     24      2         1.7200000000e+08                         96278
     22      2         1.7250000000e+08                         96280
     22      2         1.7300000000e+08                         96286
     31      3         1.7350000000e+08                         96289
     31      3         1.7400000000e+08                         96291
     31      3         1.7450000000e+08                         96293
     22      2         1.7500000000e+08                         96294
     31      3         1.7550000000e+08                         96295
     31      3         1.7600000000e+08                         96303
     24      2         1.7650000000e+08                         96304
     24      2         1.7700000000e+08                         96308
     22      2         1.7750000000e+08                         96310
     31      3         1.7800000000e+08                         96311
     24      2         1.7850000000e+08                         96320
     24      2         1.7900000000e+08                         96324
     22      2         1.7950000000e+08                         96326
     21      2         1.8000000000e+08                        205724
      5      0         3.1150000000e+08                       1913763
     16      1         3.6950000000e+08                       1913768
      7      0         3.7000000000e+08                       1913773
      7      0         3.7100000000e+08                       1913775
      7      0         3.7150000000e+08                       1913777
      7      0         3.7300000000e+08                       1913781
      7      0         3.7400000000e+08                       1913783
      7      0         3.7450000000e+08                       1913787
      7      0         3.7550000000e+08                       1913789
      7      0         3.7600000000e+08                       1913791
      7      0         3.7650000000e+08                       1913793
      7      0         3.7750000000e+08                       1913795
      7      0         3.7850000000e+08                       1913797
      7      0         3.7900000000e+08                       1913799
      7      0         3.7950000000e+08                       1913801
     14      1         3.8000000000e+08                       1913802
      3      0         3.8050000000e+08                       2372742
     23      2         3.9750000000e+08                       2372743
      2      0         3.9800000000e+08                       2374728
      7      0         3.9850000000e+08                       2374730
      7      0         3.9900000000e+08                       2374732
      7      0         3.9950000000e+08                       2374738
      7      0         4.0000000000e+08                       2374740
      7      0         4.0100000000e+08                       2374742
      7      0         4.0200000000e+08                       2374746
      7      0         4.0250000000e+08                       2374750
      7      0         4.0350000000e+08                       2374754
      7      0         4.0400000000e+08                       2374756
      4      0         4.0500000000e+08                       4126349
      7      0         4.6450000000e+08                       4126351
      7      0         4.6500000000e+08                       4126355
     16      1         4.6550000000e+08                       4126356
      7      0         4.6600000000e+08                       4126359
     11      1         4.6650000000e+08                       4571183
      7      0         4.8150000000e+08                       4571184
      7      0         4.8200000000e+08                       4571186
      7      0         4.8250000000e+08                       4571188
      7      0         4.8300000000e+08                       4571190
      7      0         4.8350000000e+08                       4571194
      7      0         4.8400000000e+08                       4571196
      7      0         4.8450000000e+08                       4571200
      7      0         4.8600000000e+08                       4571202
      7      0         4.8650000000e+08                       4571206
      7      0         4.8700000000e+08                       4571208
      7      0         4.8850000000e+08                       4571210
      7      0         4.8900000000e+08                       4571214
      7      0         4.8950000000e+08                       4571218
      7      0         4.9000000000e+08                       4571220
      7      0         4.9100000000e+08                       4571222
      7      0         4.9200000000e+08                       4571224
      7      0         4.9250000000e+08                       4571228
      7      0         4.9300000000e+08                       4571232
      7      0         4.9350000000e+08                       4571234
      7      0         4.9550000000e+08                       4571238
      7      0         4.9650000000e+08                       4571240
      2      0         4.9750000000e+08                       5023446
      8      0         5.1550000000e+08                       5023448
      3      0         5.1600000000e+08                       5154263
      8      0         5.2100000000e+08                       5154265
      6      0         5.2150000000e+08                       5154267
      8      0         5.2250000000e+08                       5154269
      8      0         5.2350000000e+08                       5154271
      6      0         5.2400000000e+08                       5154273
      6      0         5.2700000000e+08                       5154275
     23      2         5.2850000000e+08                       5154276
      6      0         5.2900000000e+08                       5154277
     23      2         5.2950000000e+08                       5154278
      8      0         5.3000000000e+08                       5154279
      6      0         5.3150000000e+08                       5154281
      8      0         5.3600000000e+08                       5154283
     23      2         5.3650000000e+08                       5154284
      5      0         5.3700000000e+08                       6887128
      6      0         5.9700000000e+08                       6887130
      1      0         5.9800000000e+08                      10094227
     23      2         7.1050000000e+08                      10094228
      8      0         7.1100000000e+08                      10094229
     23      2         7.1200000000e+08                      10094230
      6      0         7.1250000000e+08                      10094231
     23      2         7.1350000000e+08                      10094232
     23      2         7.1400000000e+08                      10094234
     23      2         7.1450000000e+08                      10094236
      6      0         7.1500000000e+08                      10094239
      6      0         7.1750000000e+08                      10094241
      8      0         7.2200000000e+08                      10094243
     23      2         7.2250000000e+08                      10094244
      8      0         7.2300000000e+08                      10094245
     23      2         7.2450000000e+08                      10094246
      8      0         7.2500000000e+08                      10094247
      8      0         7.2550000000e+08                      10094249
     23      2         7.2600000000e+08                      10094250
      8      0         7.2650000000e+08                      10094251
      6      0         7.2950000000e+08                      10094253
     23      2         7.3000000000e+08                      10094254
     23      2         7.3050000000e+08                      10094256
      8      0         7.3100000000e+08                      10094259
      8      0         7.3300000000e+08                      10094261
      8      0         7.3350000000e+08                      10094263
      1      0         7.3550000000e+08                      10451289
     23      2         7.4950000000e+08                      10451290
      6      0         7.5000000000e+08                      10451291
      8      0         7.5300000000e+08                      10451293
     23      2         7.5450000000e+08                      10451294
      8      0         7.5500000000e+08                      10451295
     23      2         7.5550000000e+08                      10451298
      6      0         7.5600000000e+08                      10451301
      8      0         7.5700000000e+08                      10451303
      3      0         7.5750000000e+08                      10463429
      8      0         7.6250000000e+08                      10463433
      6      0         7.6400000000e+08                      10463435
      6      0         7.6450000000e+08                      10463437
     23      2         7.6500000000e+08                      10463438
      8      0         7.6550000000e+08                      10463439
     23      2         7.6750000000e+08                      10463440
      8      0         7.6800000000e+08                      10463441
      6      0         7.6850000000e+08                      10463443
      8      0         7.7100000000e+08                      10463445
     23      2         7.7150000000e+08                      10463446
      6      0         7.7200000000e+08                      10463447
     23      2         7.7300000000e+08                      10463448
      6      0         7.7350000000e+08                      10463449
     23      2         7.7400000000e+08                      10463450
      8      0         7.7450000000e+08                      10463451
      6      0         7.7550000000e+08                      10463453
     23      2         7.7600000000e+08                      10463454
      8      0         7.7650000000e+08                      10463455
      6      0         7.7800000000e+08                      10463457
      6      0         7.7850000000e+08                      10463459
     23      2         7.7900000000e+08                      10463460
      6      0         7.7950000000e+08                      10463461
      1      0         7.8000000000e+08                      10589557
      7      0         7.8750000000e+08                      10589559
      7      0         7.8800000000e+08                      10589561
      7      0         7.8850000000e+08                      10589565
      7      0         7.8950000000e+08                      10589567
      7      0         7.9000000000e+08                      10589569
      7      0         7.9050000000e+08                      10589573
      7      0         7.9150000000e+08                      10589575
     16      1         7.9200000000e+08                      10589580
      7      0         7.9250000000e+08                      10589581
      7      0         7.9350000000e+08                      10589583
     16      1         7.9400000000e+08                      10589584
      7      0         7.9450000000e+08                      10589585
      9      1         7.9550000000e+08                      11722427
      7      0         8.3400000000e+08                      11722428
      7      0         8.3450000000e+08                      11722430
      7      0         8.3500000000e+08                      11722432
      7      0         8.3600000000e+08                      11722434
      7      0         8.3700000000e+08                      11722438
      7      0         8.3750000000e+08                      11722440
      7      0         8.3800000000e+08                      11722442
      7      0         8.3850000000e+08                      11722448
      7      0         8.3900000000e+08                      11722450
     14      1         8.3950000000e+08                      11722453
      7      0         8.4000000000e+08                      11722454
      7      0         8.4050000000e+08                      11722456
      7      0         8.4150000000e+08                      11722458
      7      0         8.4250000000e+08                      11722462
      7      0         8.4350000000e+08                      11722464
      7      0         8.4400000000e+08                      11722468
      7      0         8.4500000000e+08                      11722470
      3      0         8.4550000000e+08                      13793290
     23      2         9.1650000000e+08                      13793295
      8      0         9.1700000000e+08                      13793296
      8      0         9.1750000000e+08                      13793298
      6      0         9.1900000000e+08                      13793300
      8      0         9.2250000000e+08                      13793302
      8      0         9.2300000000e+08                      13793304
     23      2         9.2550000000e+08                      13793305
      8      0         9.2600000000e+08                      13793306
      6      0         9.2650000000e+08                      13793308
      8      0         9.2700000000e+08                      13793310
     23      2         9.2750000000e+08                      13793311
      8      0         9.2800000000e+08                      13793312
      6      0         9.2950000000e+08                      13793314
     23      2         9.3000000000e+08                      13793315
     23      2         9.3050000000e+08                      13793317
      8      0         9.3100000000e+08                      13793318
      6      0         9.3150000000e+08                      13793320
      6      0         9.3450000000e+08                      13793322
      8      0         9.3550000000e+08                      13793324
      1      0         9.3650000000e+08                      14470900
     23      2         9.6000000000e+08                      14470903
      6      0         9.6050000000e+08                      14470906
      6      0         9.6200000000e+08                      14470908
     23      2         9.6300000000e+08                      14470909
     23      2         9.6350000000e+08                      14470911
     23      2         9.6400000000e+08                      14470913
      6      0         9.6450000000e+08                      14470914
     23      2         9.6550000000e+08                      14470915
      8      0         9.6600000000e+08                      14470916
      8      0         9.6700000000e+08                      14470918
      6      0         9.6800000000e+08                      14470920
     23      2         9.6850000000e+08                      14470923
      6      0         9.6900000000e+08                      14470924
     23      2         9.6950000000e+08                      14470925
      6      0         9.7000000000e+08                      14470928
     23      2         9.7050000000e+08                      14470929
      6      0         9.7100000000e+08                      14470930
      6      0         9.7150000000e+08                      14470932
     23      2         9.7250000000e+08                      14470933
      6      0         9.7300000000e+08                      14470934
      8      0         9.7350000000e+08                      14470936
      6      0         9.7400000000e+08                      14470938
     23      2         9.7450000000e+08                      14470943
      6      0         9.7500000000e+08                      14470944
     23      2         9.7600000000e+08                      14470945
      4      0         9.7650000000e+08                      14795356
     23      2         9.8850000000e+08                      14795357
      8      0         9.8900000000e+08                      14795358
      6      0         9.8950000000e+08                      14795360
      6      0         9.9150000000e+08                      14795362
     23      2         9.9450000000e+08                      14795363
      8      0         9.9500000000e+08                      14795364
      8      0         9.9550000000e+08                      14795366
      8      0         9.9700000000e+08                      14795368
      6      0         9.9750000000e+08                      14795370
      8      0         9.9950000000e+08                      14795372
