      1      0         0.0000000000e+00                             0
      1      0         5.0000000000e+05                       5626940
     14      1         1.8950000000e+08                       5626941
      7      0         1.9000000000e+08                       5626944
      7      0         1.9050000000e+08                       5626946
     16      1         1.9150000000e+08                       5626951
      7      0         1.9200000000e+08                       5626954
      7      0         1.9350000000e+08                       5626956
      7      0         1.9400000000e+08                       5626958
      7      0         1.9450000000e+08                       5626964
      7      0         1.9500000000e+08                       5626966
      7      0         1.9650000000e+08                       5626968
      7      0         1.9700000000e+08                       5626972
      7      0         1.9750000000e+08                       5626974
      7      0         1.9900000000e+08                       5626976
      7      0         1.9950000000e+08                       5626978
      7      0         2.0050000000e+08                       5626980
      7      0         2.0100000000e+08                       5626982
      7      0         2.0250000000e+08                       5626984
      7      0         2.0300000000e+08                       5626986
      7      0         2.0350000000e+08                       5626988
     14      1         2.0400000000e+08                       5626993
      7      0         2.0450000000e+08                       5626994
      9      1         2.0500000000e+08                       5857483
     16      1         2.1250000000e+08                       5857485
      7      0         2.1300000000e+08                       5857490
      7      0         2.1400000000e+08                       5857492
     14      1         2.1500000000e+08                       5857497
      7      0         2.1550000000e+08                       5857500
      7      0         2.1600000000e+08                       5857502
      7      0         2.1700000000e+08                       5857504
      7      0         2.1900000000e+08                       5857506
      7      0         2.2000000000e+08                       5857510
      7      0         2.2100000000e+08                       5857512
      7      0         2.2200000000e+08                       5857514
      7      0         2.2250000000e+08                       5857518
      7      0         2.2300000000e+08                       5857522
      7      0         2.2400000000e+08                       5857526
      7      0         2.2450000000e+08                       5857528
      7      0         2.2500000000e+08                       5857530
     16      1         2.2650000000e+08                       5857535
      7      0         2.2700000000e+08                       5857538
      7      0         2.2850000000e+08                       5857540
      7      0         2.2900000000e+08                       5857542
     14      1         2.2950000000e+08                       5857543
      4      0         2.3000000000e+08                       7066855
      8      0         2.7150000000e+08                       7066857
     23      2         2.7200000000e+08                       7066858
     23      2         2.7250000000e+08                       7066860
      8      0         2.7300000000e+08                       7066863
      8      0         2.7450000000e+08                       7066865
      6      0         2.7500000000e+08                       7066867
      6      0         2.7550000000e+08                       7066869
     23      2         2.7950000000e+08                       7066870
      6      0         2.8000000000e+08                       7066871
      6      0         2.8100000000e+08                       7066873
      6      0         2.8150000000e+08                       7066875
     23      2         2.8250000000e+08                       7066876
      8      0         2.8300000000e+08                       7066877
      6      0         2.8400000000e+08                       7066879
     23      2         2.8450000000e+08                       7066880
      6      0         2.8500000000e+08                       7066881
      8      0         2.8550000000e+08                       7066885
      8      0         2.8600000000e+08                       7066887
      6      0         2.8650000000e+08                       7066891
      8      0         2.8700000000e+08                       7066893
      8      0         2.8850000000e+08                       7066895
      8      0         2.8900000000e+08                       7066897
      8      0         2.9050000000e+08                       7066899
      8      0         2.9300000000e+08                       7066901
     23      2         2.9400000000e+08                       7066902
      8      0         2.9450000000e+08                       7066905
      6      0         2.9550000000e+08                       7066907
      8      0         2.9750000000e+08                       7066909
     23      2         2.9850000000e+08                       7066912
      8      0         2.9900000000e+08                       7066913
      8      0         2.9950000000e+08                       7066915
      6      0         3.0050000000e+08                       7066917
     23      2         3.0100000000e+08                       7066920
      8      0         3.0150000000e+08                       7066921
     23      2         3.0200000000e+08                       7066922
      6      0         3.0250000000e+08                       7066923
      6      0         3.0300000000e+08                       7066925
      6      0         3.0350000000e+08                       7066927
      6      0         3.0400000000e+08                       7066929
     23      2         3.0450000000e+08                       7066930
      6      0         3.0500000000e+08                       7066933
      6      0         3.0550000000e+08                       7066935
      8      0         3.0700000000e+08                       7066937
      6      0         3.0800000000e+08                       7066939
      6      0         3.0850000000e+08                       7066943
      8      0         3.0900000000e+08                       7066945
     23      2         3.0950000000e+08                       7066946
      4      0         3.1000000000e+08                       8759752
      7      0         3.6800000000e+08                       8759754
     14      1         3.6850000000e+08                       8759755
      7      0         3.6900000000e+08                       8759756
      3      0         3.7050000000e+08                       9414084
     23      2         3.9600000000e+08                       9414087
      8      0         3.9650000000e+08                       9414088
      6      0         3.9900000000e+08                       9414090
      6      0         4.0150000000e+08                       9414092
      6      0         4.0250000000e+08                       9414094
      8      0         4.0350000000e+08                       9414096
      6      0         4.0400000000e+08                       9414098
     23      2         4.0700000000e+08                       9414099
     23      2         4.0750000000e+08                       9414101
      3      0         4.0800000000e+08                      15687563
      6      0         6.2150000000e+08                      15687565
      6      0         6.2300000000e+08                      15687569
      6      0         6.2400000000e+08                      15687571
     23      2         6.2450000000e+08                      15687572
      8      0         6.2550000000e+08                      15687573
      8      0         6.2600000000e+08                      15687575
      8      0         6.2700000000e+08                      15687577
     23      2         6.3150000000e+08                      15687578
      8      0         6.3200000000e+08                      15687581
      8      0         6.3350000000e+08                      15687583
     23      2         6.3400000000e+08                      15687584
      8      0         6.3450000000e+08                      15687585
     23      2         6.3700000000e+08                      15687586
      8      0         6.3750000000e+08                      15687587
     23      2         6.3950000000e+08                      15687588
      6      0         6.4000000000e+08                      15687589
     23      2         6.4050000000e+08                      15687590
      6      0         6.4100000000e+08                      15687591
      6      0         6.4150000000e+08                      15687593
      6      0         6.4200000000e+08                      15687595
     23      2         6.4250000000e+08                      15687596
      8      0         6.4300000000e+08                      15687597
      6      0         6.4350000000e+08                      15687599
     23      2         6.5050000000e+08                      15687600
      4      0         6.5100000000e+08                      16060433
      7      0         6.6400000000e+08                      16060435
     13      1         6.6500000000e+08                      17301783
     32      3         7.0650000000e+08                      17301784
     32      3         7.0700000000e+08                      17301790
     30      3         7.0750000000e+08                      17301794
     32      3         7.0800000000e+08                      17301800
     32      3         7.0850000000e+08                      17301806
      9      1         7.0900000000e+08                      17727285
      7      0         7.2350000000e+08                      17727288
      7      0         7.2400000000e+08                      17727294
      7      0         7.2450000000e+08                      17727296
      7      0         7.2500000000e+08                      17727300
      7      0         7.2550000000e+08                      17727304
      7      0         7.2600000000e+08                      17727308
      7      0         7.2650000000e+08                      17727310
      7      0         7.2700000000e+08                      17727312
     16      1         7.2800000000e+08                      17727313
      7      0         7.2850000000e+08                      17727314
      7      0         7.2900000000e+08                      17727316
      7      0         7.2950000000e+08                      17727318
      7      0         7.3000000000e+08                      17727320
      7      0         7.3150000000e+08                      17727324
      5      0         7.3250000000e+08                      25878086
