      1      0         0.0000000000e+00                             0
      1      0         5.0000000000e+05                       1223371
     16      1         4.2000000000e+07                       1223374
      7      0         4.2500000000e+07                       1223379
      7      0         4.3000000000e+07                       1223383
      7      0         4.3500000000e+07                       1223387
      7      0         4.4000000000e+07                       1223393
      7      0         4.4500000000e+07                       1223397
      7      0         4.5500000000e+07                       1223399
      7      0         4.6500000000e+07                       1223401
      7      0         4.7000000000e+07                       1223403
      7      0         4.8000000000e+07                       1223405
      7      0         4.8500000000e+07                       1223407
      7      0         4.9000000000e+07                       1223415
      7      0         4.9500000000e+07                       1223417
      7      0         5.0000000000e+07                       1223419
      7      0         5.1500000000e+07                       1223421
      7      0         5.2500000000e+07                       1223423
      4      0         5.3000000000e+07                       2840019
      7      0         1.1000000000e+08                       2840021
     16      1         1.1050000000e+08                       2840022
      7      0         1.1100000000e+08                       2840025
      7      0         1.1150000000e+08                       2840029
      7      0         1.1200000000e+08                       2840031
      7      0         1.1300000000e+08                       2840033
      7      0         1.1350000000e+08                       2840035
      7      0         1.1400000000e+08                       2840039
      7      0         1.1450000000e+08                       2840043
      7      0         1.1500000000e+08                       2840045
      7      0         1.1550000000e+08                       2840047
      7      0         1.1600000000e+08                       2840049
      7      0         1.1650000000e+08                       2840057
     14      1         1.1750000000e+08                       2840058
      7      0         1.1800000000e+08                       2840061
      7      0         1.1850000000e+08                       2840063
     13      1         1.1900000000e+08                       3022222
     32      3         1.2500000000e+08                       3022223
     32      3         1.2550000000e+08                       3022235
     32      3         1.2600000000e+08                       3022243
     32      3         1.2650000000e+08                       3022247
     32      3         1.2700000000e+08                       3022253
     32      3         1.2750000000e+08                       3022259
     32      3         1.2800000000e+08                       3022263
     30      3         1.2850000000e+08                       3022271
     32      3         1.2900000000e+08                       3022275
     32      3         1.2950000000e+08                       3022283
     15      1         1.3000000000e+08                       3022292
     32      3         1.3050000000e+08                       3022299
     32      3         1.3100000000e+08                       3022305
     30      3         1.3150000000e+08                       3022311
     15      1         1.3200000000e+08                       3022320
     30      3         1.3250000000e+08                       3022333
     15      1         1.3300000000e+08                       3022342
     30      3         1.3350000000e+08                       3022351
     32      3         1.3400000000e+08                       3022359
     32      3         1.3450000000e+08                       3022369
     30      3         1.3500000000e+08                       3022379
     32      3         1.3550000000e+08                       3022383
     32      3         1.3600000000e+08                       3022385
     30      3         1.3650000000e+08                       3022389
     32      3         1.3700000000e+08                       3022397
     32      3         1.3750000000e+08                       3022399
     30      3         1.3800000000e+08                       3022403
     32      3         1.3850000000e+08                       3022405
     32      3         1.3900000000e+08                       3022407
     32      3         1.3950000000e+08                       3022419
     32      3         1.4000000000e+08                       3022421
     30      3         1.4050000000e+08                       3022425
     32      3         1.4100000000e+08                       3022433
     30      3         1.4150000000e+08                       3022437
     32      3         1.4200000000e+08                       3022441
     30      3         1.4250000000e+08                       3022447
     30      3         1.4300000000e+08                       3022453
     30      3         1.4350000000e+08                       3022465
     32      3         1.4400000000e+08                       3022471
     30      3         1.4450000000e+08                       3022477
     32      3         1.4500000000e+08                       3022485
     32      3         1.4550000000e+08                       3022495
     30      3         1.4600000000e+08                       3022503
     30      3         1.4650000000e+08                       3022509
     32      3         1.4700000000e+08                       3022515
     32      3         1.4750000000e+08                       3022519
     32      3         1.4800000000e+08                       3022525
     15      1         1.4850000000e+08                       3022532
     32      3         1.4900000000e+08                       3022539
     30      3         1.4950000000e+08                       3022543
     32      3         1.5000000000e+08                       3022545
     32      3         1.5050000000e+08                       3022547
     30      3         1.5100000000e+08                       3022551
     30      3         1.5150000000e+08                       3022557
     30      3         1.5200000000e+08                       3022559
     30      3         1.5250000000e+08                       3022561
     30      3         1.5300000000e+08                       3022565
     30      3         1.5350000000e+08                       3022567
     15      1         1.5400000000e+08                       3022574
     30      3         1.5450000000e+08                       3022581
     32      3         1.5500000000e+08                       3022589
     32      3         1.5550000000e+08                       3022591
     30      3         1.5600000000e+08                       3022599
     30      3         1.5650000000e+08                       3022607
     30      3         1.5700000000e+08                       3022611
     30      3         1.5750000000e+08                       3022615
     32      3         1.5800000000e+08                       3022627
     15      1         1.5850000000e+08                       3022632
     32      3         1.5900000000e+08                       3022641
     32      3         1.5950000000e+08                       3022653
     32      3         1.6000000000e+08                       3022657
     32      3         1.6050000000e+08                       3022663
     30      3         1.6100000000e+08                       3022669
     30      3         1.6150000000e+08                       3022673
     30      3         1.6200000000e+08                       3022675
     32      3         1.6250000000e+08                       3022681
     32      3         1.6300000000e+08                       3022693
     32      3         1.6350000000e+08                       3022701
     32      3         1.6400000000e+08                       3022707
     32      3         1.6450000000e+08                       3022719
     30      3         1.6500000000e+08                       3022723
     32      3         1.6550000000e+08                       3022733
     32      3         1.6600000000e+08                       3022737
     32      3         1.6650000000e+08                       3022743
     30      3         1.6700000000e+08                       3022751
     32      3         1.6750000000e+08                       3022765
     32      3         1.6800000000e+08                       3022769
     32      3         1.6850000000e+08                       3022773
     32      3         1.6900000000e+08                       3022775
     30      3         1.6950000000e+08                       3022779
     30      3         1.7000000000e+08                       3022783
     32      3         1.7050000000e+08                       3022791
     32      3         1.7100000000e+08                       3022805
     32      3         1.7150000000e+08                       3022815
     32      3         1.7200000000e+08                       3022823
     32      3         1.7250000000e+08                       3022827
     30      3         1.7300000000e+08                       3022831
     32      3         1.7350000000e+08                       3022839
     30      3         1.7400000000e+08                       3022845
     30      3         1.7450000000e+08                       3022849
     32      3         1.7500000000e+08                       3022859
     30      3         1.7550000000e+08                       3022867
     30      3         1.7600000000e+08                       3022875
     30      3         1.7650000000e+08                       3022883
     30      3         1.7700000000e+08                       3022893
     32      3         1.7750000000e+08                       3022899
     15      1         1.7800000000e+08                       3022906
     32      3         1.7850000000e+08                       3022909
     32      3         1.7900000000e+08                       3022911
     30      3         1.8000000000e+08                       3022917
     30      3         1.8050000000e+08                       3022925
     32      3         1.8100000000e+08                       3022929
     30      3         1.8150000000e+08                       3022937
     30      3         1.8200000000e+08                       3022939
     30      3         1.8250000000e+08                       3022941
     30      3         1.8300000000e+08                       3022945
     15      1         1.8350000000e+08                       3022952
     30      3         1.8400000000e+08                       3022955
     32      3         1.8450000000e+08                       3022963
     30      3         1.8500000000e+08                       3022969
     32      3         1.8550000000e+08                       3022975
     15      1         1.8600000000e+08                       3022982
     30      3         1.8650000000e+08                       3022989
     30      3         1.8700000000e+08                       3022991
     32      3         1.8750000000e+08                       3022997
     30      3         1.8800000000e+08                       3023001
     32      3         1.8850000000e+08                       3023011
     30      3         1.8900000000e+08                       3023015
     32      3         1.8950000000e+08                       3023021
     32      3         1.9000000000e+08                       3023029
     30      3         1.9050000000e+08                       3023033
     29      3         1.9100000000e+08                       3145939
     24      2         3.0650000000e+08                       3145942
     22      2         3.0700000000e+08                       3145944
     24      2         3.0750000000e+08                       3145946
     22      2         3.0850000000e+08                       3145948
     31      3         3.0950000000e+08                       3145955
     31      3         3.1000000000e+08                       3145959
     31      3         3.1050000000e+08                       3145963
     24      2         3.1100000000e+08                       3145966
     31      3         3.1250000000e+08                       3145967
     24      2         3.1300000000e+08                       3145974
     31      3         3.1400000000e+08                       3145975
     22      2         3.1450000000e+08                       3145976
     24      2         3.1500000000e+08                       3145980
     31      3         3.1550000000e+08                       3145983
     31      3         3.1600000000e+08                       3145987
     22      2         3.1650000000e+08                       3145992
     24      2         3.1750000000e+08                       3145996
     22      2         3.1900000000e+08                       3146000
     24      2         3.1950000000e+08                       3146002
     24      2         3.2000000000e+08                       3146004
     22      2         3.2050000000e+08                       3146006
     31      3         3.2100000000e+08                       3146009
     31      3         3.2150000000e+08                       3146015
     22      2         3.2200000000e+08                       3146016
     24      2         3.2300000000e+08                       3146020
     24      2         3.2350000000e+08                       3146022
     24      2         3.2400000000e+08                       3146024
     22      2         3.2500000000e+08                       3146028
     22      2         3.2550000000e+08                       3146032
     22      2         3.2600000000e+08                       3146038
     31      3         3.2650000000e+08                       3146041
     22      2         3.2700000000e+08                       3146044
     22      2         3.2800000000e+08                       3146048
     24      2         3.2850000000e+08                       3146054
     22      2         3.2950000000e+08                       3146058
     24      2         3.3000000000e+08                       3146062
     24      2         3.3050000000e+08                       3146066
     24      2         3.3100000000e+08                       3146068
     22      2         3.3150000000e+08                       3146070
     24      2         3.3200000000e+08                       3146076
     22      2         3.3250000000e+08                       3146080
     24      2         3.3300000000e+08                       3146082
     22      2         3.3350000000e+08                       3146084
     22      2         3.3400000000e+08                       3146088
     24      2         3.3500000000e+08                       3146090
     22      2         3.3550000000e+08                       3146094
     22      2         3.3600000000e+08                       3146098
     22      2         3.3650000000e+08                       3146102
     22      2         3.3700000000e+08                       3146104
     31      3         3.3750000000e+08                       3146107
     22      2         3.3800000000e+08                       3146112
     22      2         3.3850000000e+08                       3146114
     22      2         3.3900000000e+08                       3146116
     22      2         3.3950000000e+08                       3146118
     24      2         3.4100000000e+08                       3146120
     24      2         3.4200000000e+08                       3146126
     24      2         3.4250000000e+08                       3146128
     24      2         3.4300000000e+08                       3146132
     31      3         3.4350000000e+08                       3146133
     31      3         3.4400000000e+08                       3146139
     22      2         3.4450000000e+08                       3146144
     24      2         3.4600000000e+08                       3146148
     31      3         3.4650000000e+08                       3146149
     24      2         3.4700000000e+08                       3146156
     22      2         3.4750000000e+08                       3146166
     24      2         3.4800000000e+08                       3146168
     24      2         3.4850000000e+08                       3146170
     24      2         3.4900000000e+08                       3146172
     22      2         3.4950000000e+08                       3146174
     31      3         3.5000000000e+08                       3146177
     24      2         3.5050000000e+08                       3146178
     22      2         3.5100000000e+08                       3146180
     31      3         3.5150000000e+08                       3146183
     22      2         3.5250000000e+08                       3146186
     22      2         3.5350000000e+08                       3146192
     31      3         3.5400000000e+08                       3146195
     22      2         3.5450000000e+08                       3146196
     24      2         3.5500000000e+08                       3146198
     31      3         3.5550000000e+08                       3146201
     24      2         3.5600000000e+08                       3146206
     22      2         3.5650000000e+08                       3146208
     24      2         3.5700000000e+08                       3146216
     22      2         3.5800000000e+08                       3146218
     22      2         3.5850000000e+08                       3146226
     22      2         3.5950000000e+08                       3146232
     22      2         3.6000000000e+08                       3146236
     31      3         3.6150000000e+08                       3146237
     22      2         3.6200000000e+08                       3146242
     31      3         3.6250000000e+08                       3146245
     22      2         3.6300000000e+08                       3146250
     24      2         3.6400000000e+08                       3146254
     31      3         3.6450000000e+08                       3146261
     22      2         3.6500000000e+08                       3146266
     31      3         3.6550000000e+08                       3146269
     22      2         3.6600000000e+08                       3146270
     31      3         3.6650000000e+08                       3146273
     24      2         3.6700000000e+08                       3146276
     31      3         3.6750000000e+08                       3146277
     24      2         3.6800000000e+08                       3146282
     22      2         3.6850000000e+08                       3146286
     24      2         3.6900000000e+08                       3146288
     22      2         3.6950000000e+08                       3146292
     31      3         3.7000000000e+08                       3146295
     24      2         3.7050000000e+08                       3146298
     31      3         3.7100000000e+08                       3146301
     22      2         3.7150000000e+08                       3146302
     24      2         3.7200000000e+08                       3146304
     31      3         3.7250000000e+08                       3146307
     22      2         3.7300000000e+08                       3146310
     24      2         3.7350000000e+08                       3146314
     24      2         3.7400000000e+08                       3146316
     31      3         3.7450000000e+08                       3146321
     22      2         3.7500000000e+08                       3146324
     22      2         3.7550000000e+08                       3146330
     24      2         3.7600000000e+08                       3146332
     24      2         3.7650000000e+08                       3146336
     24      2         3.7700000000e+08                       3146338
     24      2         3.7750000000e+08                       3146340
     22      2         3.7800000000e+08                       3146344
     22      2         3.7850000000e+08                       3146350
     22      2         3.7900000000e+08                       3146354
     31      3         3.7950000000e+08                       3146357
     24      2         3.8000000000e+08                       3146362
     22      2         3.8050000000e+08                       3146364
     22      2         3.8100000000e+08                       3146366
     22      2         3.8150000000e+08                       3146372
     24      2         3.8200000000e+08                       3146374
     24      2         3.8250000000e+08                       3146376
     22      2         3.8350000000e+08                       3146378
     22      2         3.8400000000e+08                       3146384
     31      3         3.8450000000e+08                       3146387
     24      2         3.8500000000e+08                       3146388
     24      2         3.8550000000e+08                       3146392
     31      3         3.8600000000e+08                       3146399
     22      2         3.8650000000e+08                       3146400
     24      2         3.8750000000e+08                       3146402
     22      2         3.8800000000e+08                       3146406
     22      2         3.8850000000e+08                       3146410
     31      3         3.8900000000e+08                       3146417
     24      2         3.8950000000e+08                       3146420
     31      3         3.9000000000e+08                       3146423
     22      2         3.9050000000e+08                       3146426
     24      2         3.9100000000e+08                       3146430
     31      3         3.9150000000e+08                       3146435
     24      2         3.9200000000e+08                       3146438
     22      2         3.9250000000e+08                       3146442
     22      2         3.9300000000e+08                       3146444
     31      3         3.9450000000e+08                       3146449
     24      2         3.9500000000e+08                       3146452
     24      2         3.9550000000e+08                       3146454
     22      2         3.9600000000e+08                       3146460
     24      2         3.9700000000e+08                       3146462
     22      2         3.9750000000e+08                       3146464
     22      2         3.9800000000e+08                       3146468
     22      2         3.9850000000e+08                       3146470
     22      2         3.9900000000e+08                       3146472
     24      2         3.9950000000e+08                       3146474
     24      2         4.0000000000e+08                       3146476
     31      3         4.0050000000e+08                       3146483
     22      2         4.0100000000e+08                       3146488
     24      2         4.0200000000e+08                       3146490
     31      3         4.0250000000e+08                       3146495
     24      2         4.0300000000e+08                       3146500
     24      2         4.0350000000e+08                       3146506
     24      2         4.0400000000e+08                       3146508
     22      2         4.0500000000e+08                       3146512
     24      2         4.0550000000e+08                       3146514
     31      3         4.0600000000e+08                       3146523
     31      3         4.0650000000e+08                       3146525
     21      2         4.0700000000e+08                       3219064
     31      3         4.9400000000e+08                       3219065
     31      3         4.9450000000e+08                       3219069
     22      2         4.9500000000e+08                       3219070
     24      2         4.9550000000e+08                       3219072
     24      2         4.9600000000e+08                       3219080
     22      2         4.9650000000e+08                       3219082
     22      2         4.9700000000e+08                       3219084
     22      2         4.9750000000e+08                       3219086
     22      2         4.9800000000e+08                       3219088
     22      2         4.9850000000e+08                       3219094
     24      2         4.9900000000e+08                       3219098
     24      2         5.0100000000e+08                       3219104
     22      2         5.0150000000e+08                       3219108
     24      2         5.0200000000e+08                       3219114
     22      2         5.0250000000e+08                       3219116
     24      2         5.0300000000e+08                       3219122
     31      3         5.0350000000e+08                       3219127
     31      3         5.0400000000e+08                       3219137
     31      3         5.0450000000e+08                       3219145
     31      3         5.0500000000e+08                       3219147
     22      2         5.0550000000e+08                       3219152
     24      2         5.0600000000e+08                       3219158
     24      2         5.0650000000e+08                       3219162
     24      2         5.0700000000e+08                       3219166
     22      2         5.0750000000e+08                       3219170
     22      2         5.0800000000e+08                       3219174
     24      2         5.0850000000e+08                       3219178
     22      2         5.0900000000e+08                       3219182
     22      2         5.0950000000e+08                       3219184
     22      2         5.1000000000e+08                       3219188
     24      2         5.1050000000e+08                       3219192
     31      3         5.1100000000e+08                       3219193
     24      2         5.1150000000e+08                       3219196
     22      2         5.1200000000e+08                       3219198
     24      2         5.1250000000e+08                       3219200
     24      2         5.1300000000e+08                       3219202
     31      3         5.1350000000e+08                       3219203
     24      2         5.1400000000e+08                       3219204
     24      2         5.1450000000e+08                       3219208
     22      2         5.1500000000e+08                       3219210
     24      2         5.1550000000e+08                       3219214
     24      2         5.1600000000e+08                       3219218
     31      3         5.1700000000e+08                       3219223
     24      2         5.1750000000e+08                       3219230
     31      3         5.1800000000e+08                       3219231
     22      2         5.1850000000e+08                       3219236
     31      3         5.1900000000e+08                       3219237
     24      2         5.1950000000e+08                       3219242
     22      2         5.2000000000e+08                       3219246
     24      2         5.2050000000e+08                       3219252
     24      2         5.2100000000e+08                       3219254
     24      2         5.2150000000e+08                       3219256
     24      2         5.2200000000e+08                       3219258
     31      3         5.2250000000e+08                       3219261
     31      3         5.2300000000e+08                       3219265
     24      2         5.2350000000e+08                       3219268
     31      3         5.2400000000e+08                       3219273
     24      2         5.2450000000e+08                       3219276
     24      2         5.2500000000e+08                       3219278
     22      2         5.2600000000e+08                       3219284
     24      2         5.2650000000e+08                       3219292
     24      2         5.2750000000e+08                       3219296
     24      2         5.2800000000e+08                       3219298
     22      2         5.2850000000e+08                       3219300
     22      2         5.2900000000e+08                       3219302
     24      2         5.2950000000e+08                       3219304
     24      2         5.3000000000e+08                       3219308
     22      2         5.3050000000e+08                       3219310
     24      2         5.3100000000e+08                       3219312
     22      2         5.3150000000e+08                       3219316
     22      2         5.3200000000e+08                       3219320
     31      3         5.3250000000e+08                       3219323
     31      3         5.3300000000e+08                       3219325
     22      2         5.3350000000e+08                       3219328
     22      2         5.3400000000e+08                       3219330
     22      2         5.3450000000e+08                       3219334
     24      2         5.3500000000e+08                       3219336
     22      2         5.3600000000e+08                       3219338
     24      2         5.3650000000e+08                       3219342
     22      2         5.3700000000e+08                       3219344
     24      2         5.3750000000e+08                       3219350
     31      3         5.3800000000e+08                       3219357
     31      3         5.3850000000e+08                       3219361
     31      3         5.3900000000e+08                       3219363
     31      3         5.3950000000e+08                       3219365
     31      3         5.4000000000e+08                       3219367
     31      3         5.4050000000e+08                       3219369
     22      2         5.4100000000e+08                       3219370
     31      3         5.4150000000e+08                       3219371
     24      2         5.4200000000e+08                       3219372
     24      2         5.4350000000e+08                       3219376
     31      3         5.4400000000e+08                       3219381
     24      2         5.4450000000e+08                       3219384
     24      2         5.4500000000e+08                       3219388
     22      2         5.4600000000e+08                       3219390
     24      2         5.4650000000e+08                       3219392
     22      2         5.4700000000e+08                       3219396
     24      2         5.4750000000e+08                       3219400
     24      2         5.4800000000e+08                       3219406
     31      3         5.4850000000e+08                       3219409
     24      2         5.4900000000e+08                       3219412
     24      2         5.4950000000e+08                       3219414
     31      3         5.5050000000e+08                       3219417
     22      2         5.5100000000e+08                       3219420
     22      2         5.5150000000e+08                       3219424
     31      3         5.5200000000e+08                       3219429
     24      2         5.5250000000e+08                       3219432
     24      2         5.5300000000e+08                       3219434
     24      2         5.5400000000e+08                       3219436
     24      2         5.5450000000e+08                       3219438
     22      2         5.5500000000e+08                       3219440
     22      2         5.5550000000e+08                       3219442
     31      3         5.5650000000e+08                       3219445
     22      2         5.5700000000e+08                       3219446
     22      2         5.5750000000e+08                       3219450
     24      2         5.5800000000e+08                       3219452
     31      3         5.5850000000e+08                       3219453
     22      2         5.5900000000e+08                       3219458
     31      3         5.5950000000e+08                       3219459
     24      2         5.6000000000e+08                       3219462
     22      2         5.6050000000e+08                       3219466
     31      3         5.6100000000e+08                       3219467
     22      2         5.6150000000e+08                       3219468
     24      2         5.6250000000e+08                       3219470
     24      2         5.6300000000e+08                       3219478
     24      2         5.6350000000e+08                       3219482
     24      2         5.6400000000e+08                       3219484
     22      2         5.6450000000e+08                       3219486
     31      3         5.6550000000e+08                       3219489
     31      3         5.6600000000e+08                       3219491
     22      2         5.6650000000e+08                       3219494
     31      3         5.6700000000e+08                       3219501
     22      2         5.6750000000e+08                       3219506
     22      2         5.6800000000e+08                       3219510
     24      2         5.6850000000e+08                       3219514
     22      2         5.6900000000e+08                       3219516
     22      2         5.6950000000e+08                       3219520
     24      2         5.7000000000e+08                       3219522
     22      2         5.7050000000e+08                       3219524
     31      3         5.7100000000e+08                       3219531
     24      2         5.7150000000e+08                       3219532
     22      2         5.7200000000e+08                       3219536
     22      2         5.7250000000e+08                       3219538
     31      3         5.7300000000e+08                       3219543
     22      2         5.7350000000e+08                       3219548
     22      2         5.7400000000e+08                       3219552
     22      2         5.7450000000e+08                       3219554
     24      2         5.7500000000e+08                       3219556
     31      3         5.7550000000e+08                       3219559
     31      3         5.7600000000e+08                       3219561
     31      3         5.7650000000e+08                       3219563
     22      2         5.7700000000e+08                       3219566
     24      2         5.7750000000e+08                       3219568
     31      3         5.7800000000e+08                       3219569
     24      2         5.7850000000e+08                       3219572
     24      2         5.7900000000e+08                       3219574
     22      2         5.7950000000e+08                       3219578
     22      2         5.8000000000e+08                       3219580
     31      3         5.8050000000e+08                       3219583
     24      2         5.8100000000e+08                       3219590
     24      2         5.8150000000e+08                       3219592
     31      3         5.8250000000e+08                       3219595
     31      3         5.8300000000e+08                       3219601
     22      2         5.8350000000e+08                       3219606
     31      3         5.8400000000e+08                       3219613
     31      3         5.8450000000e+08                       3219615
     24      2         5.8500000000e+08                       3219620
     24      2         5.8600000000e+08                       3219626
     31      3         5.8700000000e+08                       3219633
     24      2         5.8750000000e+08                       3219636
     24      2         5.8800000000e+08                       3219638
     31      3         5.8900000000e+08                       3219641
     24      2         5.8950000000e+08                       3219644
     31      3         5.9000000000e+08                       3219647
     24      2         5.9050000000e+08                       3219652
     31      3         5.9100000000e+08                       3219655
     24      2         5.9150000000e+08                       3219656
     24      2         5.9200000000e+08                       3219658
     22      2         5.9250000000e+08                       3219660
     24      2         5.9300000000e+08                       3219662
     31      3         5.9350000000e+08                       3219663
     22      2         5.9400000000e+08                       3219664
     22      2         5.9450000000e+08                       3219668
     24      2         5.9500000000e+08                       3219670
     24      2         5.9550000000e+08                       3219672
     22      2         5.9750000000e+08                       3219674
     31      3         5.9800000000e+08                       3219677
     24      2         5.9850000000e+08                       3219682
     24      2         5.9900000000e+08                       3219686
     22      2         5.9950000000e+08                       3219688
     31      3         6.0100000000e+08                       3219691
     22      2         6.0150000000e+08                       3219694
     24      2         6.0250000000e+08                       3219696
     22      2         6.0300000000e+08                       3219700
     31      3         6.0350000000e+08                       3219701
     22      2         6.0400000000e+08                       3219706
     24      2         6.0500000000e+08                       3219708
     22      2         6.0650000000e+08                       3219710
     31      3         6.0700000000e+08                       3219711
     24      2         6.0750000000e+08                       3219712
     22      2         6.0850000000e+08                       3219716
     24      2         6.0900000000e+08                       3219718
     22      2         6.0950000000e+08                       3219724
     22      2         6.1000000000e+08                       3219728
     31      3         6.1100000000e+08                       3219729
     22      2         6.1150000000e+08                       3219730
     24      2         6.1200000000e+08                       3219732
     22      2         6.1300000000e+08                       3219734
     24      2         6.1350000000e+08                       3219736
     22      2         6.1450000000e+08                       3219740
     31      3         6.1550000000e+08                       3219747
     24      2         6.1600000000e+08                       3219748
     22      2         6.1650000000e+08                       3219750
     24      2         6.1700000000e+08                       3219756
     31      3         6.1750000000e+08                       3219759
     22      2         6.1800000000e+08                       3219764
     24      2         6.1850000000e+08                       3219768
     22      2         6.1900000000e+08                       3219770
     24      2         6.1950000000e+08                       3219774
     22      2         6.2050000000e+08                       3219778
     24      2         6.2100000000e+08                       3219780
     24      2         6.2200000000e+08                       3219784
     31      3         6.2250000000e+08                       3219787
     24      2         6.2300000000e+08                       3219792
     22      2         6.2350000000e+08                       3219794
     22      2         6.2400000000e+08                       3219796
     24      2         6.2450000000e+08                       3219800
     24      2         6.2500000000e+08                       3219806
     24      2         6.2550000000e+08                       3219808
     24      2         6.2600000000e+08                       3219812
     24      2         6.2650000000e+08                       3219816
     22      2         6.2700000000e+08                       3219820
     22      2         6.2750000000e+08                       3219824
     31      3         6.2800000000e+08                       3219829
     31      3         6.2850000000e+08                       3219835
     24      2         6.2900000000e+08                       3219840
     22      2         6.2950000000e+08                       3219842
     24      2         6.3000000000e+08                       3219846
     22      2         6.3100000000e+08                       3219848
     31      3         6.3150000000e+08                       3219851
     31      3         6.3200000000e+08                       3219853
     22      2         6.3250000000e+08                       3219856
     24      2         6.3300000000e+08                       3219858
     24      2         6.3350000000e+08                       3219862
     22      2         6.3400000000e+08                       3219864
     22      2         6.3450000000e+08                       3219866
     22      2         6.3500000000e+08                       3219868
     24      2         6.3600000000e+08                       3219874
     24      2         6.3650000000e+08                       3219876
     22      2         6.3700000000e+08                       3219880
     22      2         6.3750000000e+08                       3219882
     24      2         6.3800000000e+08                       3219884
     22      2         6.3850000000e+08                       3219890
     31      3         6.3900000000e+08                       3219891
     22      2         6.3950000000e+08                       3219898
     24      2         6.4000000000e+08                       3219904
     22      2         6.4050000000e+08                       3219906
     24      2         6.4100000000e+08                       3219910
     22      2         6.4150000000e+08                       3219912
     31      3         6.4200000000e+08                       3219917
     22      2         6.4250000000e+08                       3219922
     22      2         6.4300000000e+08                       3219926
     22      2         6.4400000000e+08                       3219928
     24      2         6.4450000000e+08                       3219930
     22      2         6.4500000000e+08                       3219932
     24      2         6.4550000000e+08                       3219934
     31      3         6.4650000000e+08                       3219935
     22      2         6.4700000000e+08                       3219940
     24      2         6.4750000000e+08                       3219942
     31      3         6.4800000000e+08                       3219947
     24      2         6.4850000000e+08                       3219948
     24      2         6.4900000000e+08                       3219954
     22      2         6.4950000000e+08                       3219958
     24      2         6.5000000000e+08                       3219960
     22      2         6.5050000000e+08                       3219962
     31      3         6.5100000000e+08                       3219967
     24      2         6.5150000000e+08                       3219970
     24      2         6.5200000000e+08                       3219974
     24      2         6.5250000000e+08                       3219982
     24      2         6.5300000000e+08                       3219986
     22      2         6.5350000000e+08                       3219988
     24      2         6.5400000000e+08                       3219992
     22      2         6.5450000000e+08                       3219994
     31      3         6.5500000000e+08                       3219999
     24      2         6.5550000000e+08                       3220004
     24      2         6.5600000000e+08                       3220008
     22      2         6.5650000000e+08                       3220012
     22      2         6.5700000000e+08                       3220016
     22      2         6.5750000000e+08                       3220020
     31      3         6.5800000000e+08                       3220021
     22      2         6.5850000000e+08                       3220024
     22      2         6.5900000000e+08                       3220026
     24      2         6.5950000000e+08                       3220028
     22      2         6.6000000000e+08                       3220032
     22      2         6.6150000000e+08                       3220040
     31      3         6.6200000000e+08                       3220043
     22      2         6.6250000000e+08                       3220052
     24      2         6.6300000000e+08                       3220056
     24      2         6.6350000000e+08                       3220058
     22      2         6.6400000000e+08                       3220060
     24      2         6.6450000000e+08                       3220066
     22      2         6.6500000000e+08                       3220068
     24      2         6.6550000000e+08                       3220072
     31      3         6.6600000000e+08                       3220075
     24      2         6.6650000000e+08                       3220076
     24      2         6.6700000000e+08                       3220078
     22      2         6.6750000000e+08                       3220080
     22      2         6.6800000000e+08                       3220084
     22      2         6.6850000000e+08                       3220088
     22      2         6.6950000000e+08                       3220090
     24      2         6.7000000000e+08                       3220094
     24      2         6.7100000000e+08                       3220096
     22      2         6.7200000000e+08                       3220100
     24      2         6.7250000000e+08                       3220102
     22      2         6.7300000000e+08                       3220104
     24      2         6.7350000000e+08                       3220108
     24      2         6.7400000000e+08                       3220116
     22      2         6.7450000000e+08                       3220120
     31      3         6.7500000000e+08                       3220127
     22      2         6.7550000000e+08                       3220130
     31      3         6.7600000000e+08                       3220131
     22      2         6.7650000000e+08                       3220132
     24      2         6.7700000000e+08                       3220134
     22      2         6.7750000000e+08                       3220138
     22      2         6.7800000000e+08                       3220140
     22      2         6.7850000000e+08                       3220144
     22      2         6.7900000000e+08                       3220148
     24      2         6.7950000000e+08                       3220156
     22      2         6.8050000000e+08                       3220158
     31      3         6.8100000000e+08                       3220161
     22      2         6.8150000000e+08                       3220166
     31      3         6.8200000000e+08                       3220171
     24      2         6.8250000000e+08                       3220178
     24      2         6.8300000000e+08                       3220182
     31      3         6.8350000000e+08                       3220185
     24      2         6.8400000000e+08                       3220190
     22      2         6.8450000000e+08                       3220192
     31      3         6.8500000000e+08                       3220199
     24      2         6.8550000000e+08                       3220202
     24      2         6.8600000000e+08                       3220206
     31      3         6.8650000000e+08                       3220211
     24      2         6.8700000000e+08                       3220214
     24      2         6.8750000000e+08                       3220218
     31      3         6.8800000000e+08                       3220223
     31      3         6.8850000000e+08                       3220227
     22      2         6.8900000000e+08                       3220228
     22      2         6.8950000000e+08                       3220230
     24      2         6.9000000000e+08                       3220232
     24      2         6.9050000000e+08                       3220238
     24      2         6.9100000000e+08                       3220240
     22      2         6.9200000000e+08                       3220244
     24      2         6.9300000000e+08                       3220246
     24      2         6.9350000000e+08                       3220250
     24      2         6.9400000000e+08                       3220254
     31      3         6.9450000000e+08                       3220259
     22      2         6.9500000000e+08                       3220260
     24      2         6.9550000000e+08                       3220262
     24      2         6.9600000000e+08                       3220264
     31      3         6.9650000000e+08                       3220269
     22      2         6.9700000000e+08                       3220274
     24      2         6.9750000000e+08                       3220276
     24      2         6.9800000000e+08                       3220278
     31      3         6.9850000000e+08                       3220281
     22      2         6.9900000000e+08                       3220284
     24      2         6.9950000000e+08                       3220286
     24      2         7.0000000000e+08                       3220292
     24      2         7.0050000000e+08                       3220300
     22      2         7.0100000000e+08                       3220302
     22      2         7.0200000000e+08                       3220304
     24      2         7.0300000000e+08                       3220306
     24      2         7.0350000000e+08                       3220308
     24      2         7.0400000000e+08                       3220310
     22      2         7.0450000000e+08                       3220312
     24      2         7.0500000000e+08                       3220314
     22      2         7.0550000000e+08                       3220316
     31      3         7.0600000000e+08                       3220317
     22      2         7.0650000000e+08                       3220320
     22      2         7.0700000000e+08                       3220324
     31      3         7.0750000000e+08                       3220327
     24      2         7.0800000000e+08                       3220332
     22      2         7.0850000000e+08                       3220334
     22      2         7.0950000000e+08                       3220336
     24      2         7.1000000000e+08                       3220338
     24      2         7.1100000000e+08                       3220342
     24      2         7.1150000000e+08                       3220344
     22      2         7.1200000000e+08                       3220346
     31      3         7.1250000000e+08                       3220353
     24      2         7.1300000000e+08                       3220354
     31      3         7.1350000000e+08                       3220361
     22      2         7.1400000000e+08                       3220364
     22      2         7.1450000000e+08                       3220370
     24      2         7.1500000000e+08                       3220376
     22      2         7.1600000000e+08                       3220378
     24      2         7.1700000000e+08                       3220380
     24      2         7.1750000000e+08                       3220382
     22      2         7.1800000000e+08                       3220386
     31      3         7.1900000000e+08                       3220389
     22      2         7.1950000000e+08                       3220390
     24      2         7.2050000000e+08                       3220398
     22      2         7.2150000000e+08                       3220404
     22      2         7.2200000000e+08                       3220406
     24      2         7.2250000000e+08                       3220408
     31      3         7.2300000000e+08                       3220415
     31      3         7.2350000000e+08                       3220419
     22      2         7.2400000000e+08                       3220422
     24      2         7.2450000000e+08                       3220426
     24      2         7.2500000000e+08                       3220428
     31      3         7.2550000000e+08                       3220433
     31      3         7.2600000000e+08                       3220439
     31      3         7.2650000000e+08                       3220443
     22      2         7.2700000000e+08                       3220446
     22      2         7.2800000000e+08                       3220452
     22      2         7.2850000000e+08                       3220460
     22      2         7.2950000000e+08                       3220462
     24      2         7.3000000000e+08                       3220466
     22      2         7.3050000000e+08                       3220470
     22      2         7.3100000000e+08                       3220476
     24      2         7.3200000000e+08                       3220480
     31      3         7.3250000000e+08                       3220481
     22      2         7.3300000000e+08                       3220482
     22      2         7.3350000000e+08                       3220486
     22      2         7.3400000000e+08                       3220492
     24      2         7.3450000000e+08                       3220498
     24      2         7.3500000000e+08                       3220502
     31      3         7.3550000000e+08                       3220505
     24      2         7.3600000000e+08                       3220510
     31      3         7.3650000000e+08                       3220515
     31      3         7.3700000000e+08                       3220521
     24      2         7.3750000000e+08                       3220524
     22      2         7.3800000000e+08                       3220528
     24      2         7.3850000000e+08                       3220532
     24      2         7.3950000000e+08                       3220534
     22      2         7.4050000000e+08                       3220538
     24      2         7.4100000000e+08                       3220542
     24      2         7.4200000000e+08                       3220544
     22      2         7.4250000000e+08                       3220546
     31      3         7.4350000000e+08                       3220551
     31      3         7.4400000000e+08                       3220555
     24      2         7.4450000000e+08                       3220556
     22      2         7.4500000000e+08                       3220560
     22      2         7.4550000000e+08                       3220564
     22      2         7.4600000000e+08                       3220568
     22      2         7.4650000000e+08                       3220572
     31      3         7.4700000000e+08                       3220575
     24      2         7.4750000000e+08                       3220580
     24      2         7.4800000000e+08                       3220584
     22      2         7.4850000000e+08                       3220586
     24      2         7.4900000000e+08                       3220588
     24      2         7.4950000000e+08                       3220592
     24      2         7.5000000000e+08                       3220596
     22      2         7.5050000000e+08                       3220598
     31      3         7.5100000000e+08                       3220601
     24      2         7.5150000000e+08                       3220606
     24      2         7.5200000000e+08                       3220610
     22      2         7.5300000000e+08                       3220612
     22      2         7.5350000000e+08                       3220616
     22      2         7.5400000000e+08                       3220618
     24      2         7.5450000000e+08                       3220620
     31      3         7.5500000000e+08                       3220625
     22      2         7.5550000000e+08                       3220626
     31      3         7.5600000000e+08                       3220629
     24      2         7.5650000000e+08                       3220632
     24      2         7.5700000000e+08                       3220634
     22      2         7.5750000000e+08                       3220636
     24      2         7.5800000000e+08                       3220640
     22      2         7.5850000000e+08                       3220644
     31      3         7.5900000000e+08                       3220647
     22      2         7.5950000000e+08                       3220652
     22      2         7.6000000000e+08                       3220654
     31      3         7.6050000000e+08                       3220655
     22      2         7.6100000000e+08                       3220658
     24      2         7.6200000000e+08                       3220660
     24      2         7.6250000000e+08                       3220664
     22      2         7.6300000000e+08                       3220670
     24      2         7.6350000000e+08                       3220672
     22      2         7.6400000000e+08                       3220678
     22      2         7.6450000000e+08                       3220680
     31      3         7.6500000000e+08                       3220683
     22      2         7.6550000000e+08                       3220686
     24      2         7.6650000000e+08                       3220688
     24      2         7.6700000000e+08                       3220696
     31      3         7.6750000000e+08                       3220699
     24      2         7.6800000000e+08                       3220702
     31      3         7.6850000000e+08                       3220705
     24      2         7.6900000000e+08                       3220708
     24      2         7.6950000000e+08                       3220710
     24      2         7.7000000000e+08                       3220712
     22      2         7.7050000000e+08                       3220716
     31      3         7.7150000000e+08                       3220723
     24      2         7.7200000000e+08                       3220726
     22      2         7.7250000000e+08                       3220728
     24      2         7.7300000000e+08                       3220730
     22      2         7.7350000000e+08                       3220732
     22      2         7.7400000000e+08                       3220734
     22      2         7.7450000000e+08                       3220736
     22      2         7.7500000000e+08                       3220738
     22      2         7.7550000000e+08                       3220740
     31      3         7.7600000000e+08                       3220743
     22      2         7.7650000000e+08                       3220744
     31      3         7.7700000000e+08                       3220745
     22      2         7.7750000000e+08                       3220748
     22      2         7.7800000000e+08                       3220752
     24      2         7.7900000000e+08                       3220754
     24      2         7.7950000000e+08                       3220756
     24      2         7.8000000000e+08                       3220758
     24      2         7.8050000000e+08                       3220762
     22      2         7.8150000000e+08                       3220768
     24      2         7.8200000000e+08                       3220770
     24      2         7.8250000000e+08                       3220774
     31      3         7.8350000000e+08                       3220779
     22      2         7.8400000000e+08                       3220782
     31      3         7.8450000000e+08                       3220787
     24      2         7.8500000000e+08                       3220794
     31      3         7.8550000000e+08                       3220797
     24      2         7.8600000000e+08                       3220798
     24      2         7.8700000000e+08                       3220802
     22      2         7.8750000000e+08                       3220810
     22      2         7.8800000000e+08                       3220814
     22      2         7.8850000000e+08                       3220816
     22      2         7.8900000000e+08                       3220818
     22      2         7.8950000000e+08                       3220822
     31      3         7.9050000000e+08                       3220827
     22      2         7.9100000000e+08                       3220830
     31      3         7.9150000000e+08                       3220833
     24      2         7.9200000000e+08                       3220836
     31      3         7.9250000000e+08                       3220839
     22      2         7.9300000000e+08                       3220844
     22      2         7.9350000000e+08                       3220846
     24      2         7.9450000000e+08                       3220852
     22      2         7.9500000000e+08                       3220856
     28      3         7.9550000000e+08                       3409778
     30      3         9.7450000000e+08                       3409782
     32      3         9.7500000000e+08                       3409790
     15      1         9.7550000000e+08                       3409797
     32      3         9.7600000000e+08                       3409804
     30      3         9.7650000000e+08                       3409812
     15      1         9.7700000000e+08                       3409821
     30      3         9.7750000000e+08                       3409828
     30      3         9.7800000000e+08                       3409840
     15      1         9.7850000000e+08                       3409843
     32      3         9.7900000000e+08                       3409848
     32      3         9.7950000000e+08                       3409854
     30      3         9.8000000000e+08                       3409860
     30      3         9.8050000000e+08                       3409868
     30      3         9.8100000000e+08                       3409874
     30      3         9.8200000000e+08                       3409878
     15      1         9.8250000000e+08                       3409891
     32      3         9.8300000000e+08                       3409898
     30      3         9.8350000000e+08                       3409900
     15      1         9.8400000000e+08                       3409905
     30      3         9.8450000000e+08                       3409914
     30      3         9.8500000000e+08                       3409922
     30      3         9.8550000000e+08                       3409928
     30      3         9.8600000000e+08                       3409936
     32      3         9.8650000000e+08                       3409940
     30      3         9.8700000000e+08                       3409942
     32      3         9.8800000000e+08                       3409948
     30      3         9.8850000000e+08                       3409956
     32      3         9.8900000000e+08                       3409960
     32      3         9.8950000000e+08                       3409966
     15      1         9.9000000000e+08                       3409979
     30      3         9.9050000000e+08                       3409988
     30      3         9.9100000000e+08                       3409994
     32      3         9.9150000000e+08                       3409998
     32      3         9.9200000000e+08                       3410002
     30      3         9.9250000000e+08                       3410010
     30      3         9.9350000000e+08                       3410020
     15      1         9.9400000000e+08                       3410027
     26      3         9.9450000000e+08                       3425544
