     28      3         0.0000000000e+00                             0
     28      3         5.0000000000e+05                         69597
     32      3         6.6000000000e+07                         69601
     32      3         6.6500000000e+07                         69605
     30      3         6.7000000000e+07                         69611
     32      3         6.7500000000e+07                         69617
     32      3         6.8000000000e+07                         69619
     32      3         6.8500000000e+07                         69627
     30      3         6.9000000000e+07                         69635
     30      3         6.9500000000e+07                         69641
     13      1         7.0000000000e+07                        304148
      7      0         7.8000000000e+07                        304149
      7      0         7.9500000000e+07                        304153
      7      0         8.1500000000e+07                        304155
     16      1         8.2000000000e+07                        304156
      7      0         8.2500000000e+07                        304157
      7      0         8.3000000000e+07                        304159
      7      0         8.3500000000e+07                        304163
      7      0         8.4500000000e+07                        304167
     14      1         8.5000000000e+07                        304168
      7      0         8.5500000000e+07                        304169
      7      0         8.6000000000e+07                        304173
      7      0         8.6500000000e+07                        304179
     14      1         8.7000000000e+07                        304180
      2      0         8.7500000000e+07                       3008098
     23      2         1.7950000000e+08                       3008099
     23      2         1.8000000000e+08                       3008101
      8      0         1.8050000000e+08                       3008104
      8      0         1.8400000000e+08                       3008106
      8      0         1.8450000000e+08                       3008108
     23      2         1.8850000000e+08                       3008111
      1      0         1.8900000000e+08                       5437011
      7      0         2.7200000000e+08                       5437013
     14      1         2.7250000000e+08                       5437018
      7      0         2.7300000000e+08                       5437019
      7      0         2.7350000000e+08                       5437023
      7      0         2.7400000000e+08                       5437027
      7      0         2.7450000000e+08                       5437029
      7      0         2.7500000000e+08                       5437031
      7      0         2.7700000000e+08                       5437035
      7      0         2.7750000000e+08                       5437037
      7      0         2.7800000000e+08                       5437039
      7      0         2.7900000000e+08                       5437043
      7      0         2.7950000000e+08                       5437045
     16      1         2.8150000000e+08                       5437048
     12      1         2.8200000000e+08                       5894025
      7      0         2.9750000000e+08                       5894030
      7      0         2.9800000000e+08                       5894032
      7      0         2.9900000000e+08                       5894034
     10      1         3.0000000000e+08                       6353388
      7      0         3.1550000000e+08                       6353391
      7      0         3.1600000000e+08                       6353393
      7      0         3.1700000000e+08                       6353395
      7      0         3.1800000000e+08                       6353401
     16      1         3.2050000000e+08                       6353406
      7      0         3.2100000000e+08                       6353409
      7      0         3.2150000000e+08                       6353415
      7      0         3.2200000000e+08                       6353417
      7      0         3.2250000000e+08                       6353419
      7      0         3.2300000000e+08                       6353421
      7      0         3.2350000000e+08                       6353425
      7      0         3.2450000000e+08                       6353427
     16      1         3.2500000000e+08                       6353428
     16      1         3.2550000000e+08                       6353430
      7      0         3.2600000000e+08                       6353431
      7      0         3.2650000000e+08                       6353435
      7      0         3.2750000000e+08                       6353439
      7      0         3.2800000000e+08                       6353441
      7      0         3.2900000000e+08                       6353443
      7      0         3.3000000000e+08                       6353447
      7      0         3.3250000000e+08                       6353449
     14      1         3.3300000000e+08                       6353458
      5      0         3.3350000000e+08                       8386336
      8      0         4.0300000000e+08                       8386338
      6      0         4.0350000000e+08                       8386340
      8      0         4.0400000000e+08                       8386342
     23      2         4.0450000000e+08                       8386343
     23      2         4.0500000000e+08                       8386347
     23      2         4.0550000000e+08                       8386349
      6      0         4.0600000000e+08                       8386350
     23      2         4.0700000000e+08                       8386351
      8      0         4.0750000000e+08                       8386356
      8      0         4.0850000000e+08                       8386358
      8      0         4.1000000000e+08                       8386360
      6      0         4.1050000000e+08                       8386362
      6      0         4.1150000000e+08                       8386366
     23      2         4.1250000000e+08                       8386367
      8      0         4.1300000000e+08                       8386370
      8      0         4.1650000000e+08                       8386372
      8      0         4.1850000000e+08                       8386374
      8      0         4.2100000000e+08                       8386376
     23      2         4.2200000000e+08                       8386379
      6      0         4.2250000000e+08                       8386382
     23      2         4.2300000000e+08                       8386383
      6      0         4.2350000000e+08                       8386386
      6      0         4.2650000000e+08                       8386388
      8      0         4.2800000000e+08                       8386392
      8      0         4.2850000000e+08                       8386394
     23      2         4.3050000000e+08                       8386397
      8      0         4.3150000000e+08                       8386398
      8      0         4.3350000000e+08                       8386400
     23      2         4.3700000000e+08                       8386401
      6      0         4.3750000000e+08                       8386402
      4      0         4.3800000000e+08                       8448882
     23      2         4.4050000000e+08                       8448883
      4      0         4.4100000000e+08                       9813274
      6      0         4.9000000000e+08                       9813276
      6      0         4.9100000000e+08                       9813278
      6      0         4.9150000000e+08                       9813280
      8      0         4.9300000000e+08                       9813284
      6      0         4.9450000000e+08                       9813286
     23      2         4.9550000000e+08                       9813289
      8      0         4.9600000000e+08                       9813290
      6      0         4.9700000000e+08                       9813292
      8      0         4.9800000000e+08                       9813294
     23      2         5.0000000000e+08                       9813295
      6      0         5.0050000000e+08                       9813298
      8      0         5.0100000000e+08                       9813300
      8      0         5.0300000000e+08                       9813302
      6      0         5.0600000000e+08                       9813304
     23      2         5.0650000000e+08                       9813307
      6      0         5.0700000000e+08                       9813310
      6      0         5.0900000000e+08                       9813312
      6      0         5.0950000000e+08                       9813314
     23      2         5.1300000000e+08                       9813317
      6      0         5.1350000000e+08                       9813320
      4      0         5.1650000000e+08                       9840389
      7      0         5.1800000000e+08                       9840391
      7      0         5.1950000000e+08                       9840395
      7      0         5.2000000000e+08                       9840397
      3      0         5.2050000000e+08                      10922378
      7      0         5.5850000000e+08                      10922382
     16      1         5.5900000000e+08                      10922385
      7      0         5.5950000000e+08                      10922388
      7      0         5.6100000000e+08                      10922390
      7      0         5.6150000000e+08                      10922392
      7      0         5.6200000000e+08                      10922394
      7      0         5.6250000000e+08                      10922396
      7      0         5.6350000000e+08                      10922400
      7      0         5.6400000000e+08                      10922402
      7      0         5.6450000000e+08                      10922406
      7      0         5.6500000000e+08                      10922408
     16      1         5.6600000000e+08                      10922411
      7      0         5.6650000000e+08                      10922412
      7      0         5.6700000000e+08                      10922414
      7      0         5.6850000000e+08                      10922416
      7      0         5.6900000000e+08                      10922418
      7      0         5.6950000000e+08                      10922420
      7      0         5.7000000000e+08                      10922422
     16      1         5.7100000000e+08                      10922425
      7      0         5.7150000000e+08                      10922430
      7      0         5.7200000000e+08                      10922434
      7      0         5.7350000000e+08                      10922438
      7      0         5.7400000000e+08                      10922440
      7      0         5.7450000000e+08                      10922442
     14      1         5.7550000000e+08                      10922443
      7      0         5.7600000000e+08                      10922444
     14      1         5.7650000000e+08                      10922445
      7      0         5.7700000000e+08                      10922448
      7      0         5.7750000000e+08                      10922450
     14      1         5.7800000000e+08                      10922457
      4      0         5.7850000000e+08                      13857542
     23      2         6.7950000000e+08                      13857543
     23      2         6.8000000000e+08                      13857547
      6      0         6.8050000000e+08                      13857548
     23      2         6.8200000000e+08                      13857551
      8      0         6.8250000000e+08                      13857552
     23      2         6.8300000000e+08                      13857553
      6      0         6.8350000000e+08                      13857554
      6      0         6.8450000000e+08                      13857556
     23      2         6.8700000000e+08                      13857557
      8      0         6.8750000000e+08                      13857558
      6      0         6.8900000000e+08                      13857560
      6      0         6.8950000000e+08                      13857562
      8      0         6.9050000000e+08                      13857564
     23      2         6.9100000000e+08                      13857565
      2      0         6.9150000000e+08                      14853654
     23      2         7.2550000000e+08                      14853655
      8      0         7.2600000000e+08                      14853656
      6      0         7.2650000000e+08                      14853658
     23      2         7.2750000000e+08                      14853659
      6      0         7.2800000000e+08                      14853660
      8      0         7.2900000000e+08                      14853662
      8      0         7.3100000000e+08                      14853664
      6      0         7.3200000000e+08                      14853666
      6      0         7.3250000000e+08                      14853670
      8      0         7.3350000000e+08                      14853672
      8      0         7.3450000000e+08                      14853674
     23      2         7.3650000000e+08                      14853679
      6      0         7.3700000000e+08                      14853680
     23      2         7.3750000000e+08                      14853683
      6      0         7.3800000000e+08                      14853686
     23      2         7.4100000000e+08                      14853687
      8      0         7.4150000000e+08                      14853688
     23      2         7.4200000000e+08                      14853689
      8      0         7.4250000000e+08                      14853690
      5      0         7.4500000000e+08                      16635208
     23      2         8.0650000000e+08                      16635209
      1      0         8.0700000000e+08                      16725712
      8      0         8.1300000000e+08                      16725714
      6      0         8.1350000000e+08                      16725716
      8      0         8.1400000000e+08                      16725718
      3      0         8.1450000000e+08                      16791596
      3      0         8.2050000000e+08                      22001392
      7      0         9.9600000000e+08                      22001394
      7      0         9.9650000000e+08                      22001396
      7      0         9.9700000000e+08                      22001398
      7      0         9.9750000000e+08                      22001400
      7      0         9.9950000000e+08                      22001402
