      7      0         0.0000000000e+00                             0
     12      1         5.0000000000e+05                        275692
      7      0         1.0000000000e+07                        275695
      7      0         1.0500000000e+07                        275697
      7      0         1.1000000000e+07                        275701
      7      0         1.1500000000e+07                        275703
      7      0         1.2000000000e+07                        275705
      5      0         1.2500000000e+07                        707343
      8      0         2.8500000000e+07                        707345
      8      0         2.9000000000e+07                        707347
      8      0         2.9500000000e+07                        707349
     23      2         3.0000000000e+07                        707350
      8      0         3.0500000000e+07                        707351
      6      0         3.2500000000e+07                        707353
     23      2         3.3000000000e+07                        707356
     23      2         3.3500000000e+07                        707358
     23      2         3.4000000000e+07                        707362
      6      0         3.4500000000e+07                        707363
      6      0         3.5500000000e+07                        707365
      6      0         3.7000000000e+07                        707367
      6      0         3.8000000000e+07                        707369
      6      0         3.8500000000e+07                        707371
     23      2         3.9000000000e+07                        707372
      6      0         3.9500000000e+07                        707373
      8      0         4.0000000000e+07                        707377
      6      0         4.2500000000e+07                        707379
      8      0         4.6000000000e+07                        707381
      6      0         5.4500000000e+07                        707383
      6      0         5.5500000000e+07                        707385
     23      2         5.6500000000e+07                        707386
      8      0         5.7000000000e+07                        707387
      6      0         5.9000000000e+07                        707389
      8      0         6.1500000000e+07                        707391
      6      0         6.2500000000e+07                        707393
      8      0         6.3500000000e+07                        707395
      8      0         6.4000000000e+07                        707397
      6      0         6.6500000000e+07                        707399
     23      2         6.7000000000e+07                        707400
      6      0         6.7500000000e+07                        707401
      8      0         7.0000000000e+07                        707403
      6      0         7.0500000000e+07                        707405
      6      0         7.1000000000e+07                        707407
     23      2         7.2000000000e+07                        707408
      8      0         7.2500000000e+07                        707413
      6      0         7.3000000000e+07                        707415
     23      2         7.3500000000e+07                        707416
     23      2         7.4000000000e+07                        707418
      6      0         7.4500000000e+07                        707419
      8      0         7.5000000000e+07                        707421
      8      0         7.6000000000e+07                        707423
     23      2         7.8000000000e+07                        707424
      6      0         7.8500000000e+07                        707425
      6      0         8.0000000000e+07                        707427
     23      2         8.0500000000e+07                        707428
      6      0         8.1000000000e+07                        707431
     23      2         8.2000000000e+07                        707432
      8      0         8.2500000000e+07                        707437
      6      0         8.3500000000e+07                        707441
      8      0         8.5000000000e+07                        707443
     23      2         8.6500000000e+07                        707446
      6      0         8.7000000000e+07                        707447
      6      0         8.8000000000e+07                        707449
      6      0         9.1500000000e+07                        707451
     23      2         9.3000000000e+07                        707454
      8      0         9.3500000000e+07                        707455
      6      0         9.4000000000e+07                        707457
      8      0         9.4500000000e+07                        707459
      8      0         9.5500000000e+07                        707461
     23      2         9.7500000000e+07                        707462
      6      0         9.8000000000e+07                        707465
      6      0         9.8500000000e+07                        707467
      6      0         1.0100000000e+08                        707469
      8      0         1.0200000000e+08                        707473
     23      2         1.0300000000e+08                        707474
      6      0         1.0350000000e+08                        707475
      8      0         1.0450000000e+08                        707477
      6      0         1.0500000000e+08                        707479
     23      2         1.0650000000e+08                        707480
      6      0         1.0700000000e+08                        707481
      8      0         1.0750000000e+08                        707483
      8      0         1.0850000000e+08                        707485
      6      0         1.0900000000e+08                        707487
      6      0         1.0950000000e+08                        707491
     23      2         1.1100000000e+08                        707494
      6      0         1.1150000000e+08                        707495
      8      0         1.1250000000e+08                        707497
      6      0         1.1300000000e+08                        707499
     23      2         1.1650000000e+08                        707500
      8      0         1.1700000000e+08                        707501
      8      0         1.1950000000e+08                        707505
      6      0         1.2100000000e+08                        707507
      6      0         1.2150000000e+08                        707509
      6      0         1.2250000000e+08                        707511
      8      0         1.2350000000e+08                        707513
      6      0         1.2450000000e+08                        707515
      8      0         1.2500000000e+08                        707517
     23      2         1.2550000000e+08                        707518
      6      0         1.2600000000e+08                        707519
     23      2         1.2700000000e+08                        707522
      5      0         1.2750000000e+08                       3971860
      6      0         2.4000000000e+08                       3971862
      8      0         2.4150000000e+08                       3971864
      8      0         2.4200000000e+08                       3971866
     23      2         2.4300000000e+08                       3971867
      8      0         2.4350000000e+08                       3971870
      8      0         2.4400000000e+08                       3971874
      8      0         2.4450000000e+08                       3971876
      8      0         2.4550000000e+08                       3971878
      6      0         2.4650000000e+08                       3971880
     23      2         2.4900000000e+08                       3971881
      8      0         2.4950000000e+08                       3971882
      6      0         2.5050000000e+08                       3971886
      6      0         2.5150000000e+08                       3971888
     23      2         2.5250000000e+08                       3971895
      8      0         2.5300000000e+08                       3971896
     23      2         2.5450000000e+08                       3971897
      1      0         2.5500000000e+08                       5021695
      1      0         2.9150000000e+08                       8359842
      6      0         4.0600000000e+08                       8359844
     23      2         4.0700000000e+08                       8359845
      6      0         4.0750000000e+08                       8359848
      8      0         4.0800000000e+08                       8359850
     23      2         4.0850000000e+08                       8359851
      8      0         4.0900000000e+08                       8359854
     23      2         4.0950000000e+08                       8359859
      8      0         4.1000000000e+08                       8359860
      8      0         4.1050000000e+08                       8359862
     23      2         4.1150000000e+08                       8359863
     23      2         4.1200000000e+08                       8359865
      8      0         4.1250000000e+08                       8359866
     23      2         4.1350000000e+08                       8359869
     23      2         4.1400000000e+08                       8359871
      6      0         4.1450000000e+08                       8359872
     23      2         4.1550000000e+08                       8359873
      6      0         4.1600000000e+08                       8359874
      6      0         4.1650000000e+08                       8359876
      8      0         4.1700000000e+08                       8359878
     23      2         4.2000000000e+08                       8359879
      6      0         4.2050000000e+08                       8359880
     23      2         4.2150000000e+08                       8359881
      6      0         4.2200000000e+08                       8359882
      8      0         4.2300000000e+08                       8359884
     21      2         4.2600000000e+08                       8455868
     31      3         5.4150000000e+08                       8455869
     22      2         5.4200000000e+08                       8455870
     31      3         5.4250000000e+08                       8455873
     31      3         5.4300000000e+08                       8455877
     22      2         5.4350000000e+08                       8455880
     24      2         5.4400000000e+08                       8455882
     24      2         5.4450000000e+08                       8455884
     22      2         5.4500000000e+08                       8455886
     22      2         5.4550000000e+08                       8455888
     22      2         5.4600000000e+08                       8455890
     31      3         5.4650000000e+08                       8455893
     22      2         5.4700000000e+08                       8455894
     22      2         5.4750000000e+08                       8455896
     22      2         5.4800000000e+08                       8455900
     24      2         5.4850000000e+08                       8455904
     22      2         5.4950000000e+08                       8455906
     31      3         5.5000000000e+08                       8455911
     24      2         5.5050000000e+08                       8455914
     22      2         5.5100000000e+08                       8455918
     22      2         5.5150000000e+08                       8455920
     24      2         5.5200000000e+08                       8455922
     31      3         5.5250000000e+08                       8455925
     24      2         5.5300000000e+08                       8455926
     22      2         5.5350000000e+08                       8455930
     31      3         5.5450000000e+08                       8455935
     24      2         5.5500000000e+08                       8455936
     24      2         5.5550000000e+08                       8455940
     31      3         5.5600000000e+08                       8455943
     22      2         5.5650000000e+08                       8455948
     22      2         5.5700000000e+08                       8455952
     22      2         5.5750000000e+08                       8455956
     24      2         5.5800000000e+08                       8455958
     22      2         5.5900000000e+08                       8455960
     22      2         5.5950000000e+08                       8455962
     22      2         5.6000000000e+08                       8455964
     24      2         5.6050000000e+08                       8455966
     24      2         5.6100000000e+08                       8455968
     22      2         5.6150000000e+08                       8455970
     24      2         5.6200000000e+08                       8455972
     24      2         5.6250000000e+08                       8455976
     22      2         5.6350000000e+08                       8455980
     31      3         5.6400000000e+08                       8455981
     31      3         5.6450000000e+08                       8455983
     22      2         5.6500000000e+08                       8455986
     22      2         5.6550000000e+08                       8455990
     22      2         5.6650000000e+08                       8455994
     31      3         5.6700000000e+08                       8455995
     31      3         5.6750000000e+08                       8455997
     31      3         5.6800000000e+08                       8456001
     24      2         5.6850000000e+08                       8456006
     24      2         5.6900000000e+08                       8456014
     22      2         5.6950000000e+08                       8456018
     22      2         5.7000000000e+08                       8456022
     24      2         5.7050000000e+08                       8456026
     22      2         5.7100000000e+08                       8456032
     31      3         5.7150000000e+08                       8456037
     31      3         5.7200000000e+08                       8456043
     24      2         5.7250000000e+08                       8456044
     24      2         5.7300000000e+08                       8456050
     24      2         5.7350000000e+08                       8456052
     31      3         5.7400000000e+08                       8456059
     22      2         5.7450000000e+08                       8456060
     22      2         5.7500000000e+08                       8456064
     22      2         5.7550000000e+08                       8456066
     24      2         5.7600000000e+08                       8456070
     22      2         5.7650000000e+08                       8456072
     24      2         5.7700000000e+08                       8456078
     22      2         5.7750000000e+08                       8456080
     24      2         5.7800000000e+08                       8456086
     31      3         5.7850000000e+08                       8456093
     24      2         5.7900000000e+08                       8456098
     22      2         5.8000000000e+08                       8456104
     24      2         5.8050000000e+08                       8456106
     24      2         5.8100000000e+08                       8456108
     22      2         5.8150000000e+08                       8456114
     22      2         5.8200000000e+08                       8456118
     31      3         5.8250000000e+08                       8456119
     22      2         5.8300000000e+08                       8456120
     22      2         5.8350000000e+08                       8456126
     22      2         5.8400000000e+08                       8456128
     31      3         5.8450000000e+08                       8456131
     24      2         5.8500000000e+08                       8456136
     22      2         5.8550000000e+08                       8456140
     24      2         5.8600000000e+08                       8456142
     24      2         5.8650000000e+08                       8456148
     31      3         5.8700000000e+08                       8456151
     31      3         5.8750000000e+08                       8456155
     22      2         5.8800000000e+08                       8456156
     24      2         5.8850000000e+08                       8456158
     31      3         5.8900000000e+08                       8456159
     22      2         5.8950000000e+08                       8456162
     31      3         5.9000000000e+08                       8456165
     24      2         5.9050000000e+08                       8456168
     24      2         5.9100000000e+08                       8456170
     24      2         5.9150000000e+08                       8456172
     24      2         5.9200000000e+08                       8456174
     24      2         5.9250000000e+08                       8456176
     24      2         5.9300000000e+08                       8456182
     22      2         5.9350000000e+08                       8456184
     31      3         5.9400000000e+08                       8456185
     24      2         5.9450000000e+08                       8456192
     22      2         5.9500000000e+08                       8456196
     31      3         5.9550000000e+08                       8456201
     24      2         5.9600000000e+08                       8456204
     24      2         5.9650000000e+08                       8456206
     24      2         5.9700000000e+08                       8456208
     22      2         5.9750000000e+08                       8456212
     22      2         5.9800000000e+08                       8456216
     22      2         5.9850000000e+08                       8456222
     22      2         5.9900000000e+08                       8456224
     22      2         5.9950000000e+08                       8456226
     24      2         6.0000000000e+08                       8456230
     31      3         6.0050000000e+08                       8456233
     31      3         6.0100000000e+08                       8456235
     24      2         6.0150000000e+08                       8456238
     31      3         6.0200000000e+08                       8456241
     22      2         6.0250000000e+08                       8456242
     22      2         6.0300000000e+08                       8456244
     22      2         6.0400000000e+08                       8456248
     31      3         6.0450000000e+08                       8456249
     24      2         6.0500000000e+08                       8456250
     24      2         6.0550000000e+08                       8456254
     24      2         6.0600000000e+08                       8456256
     24      2         6.0650000000e+08                       8456260
     24      2         6.0700000000e+08                       8456264
     22      2         6.0750000000e+08                       8456268
     31      3         6.0800000000e+08                       8456271
     24      2         6.0850000000e+08                       8456274
     24      2         6.0900000000e+08                       8456278
     31      3         6.0950000000e+08                       8456279
     24      2         6.1000000000e+08                       8456282
     22      2         6.1050000000e+08                       8456290
     22      2         6.1100000000e+08                       8456292
     24      2         6.1150000000e+08                       8456294
     24      2         6.1200000000e+08                       8456298
     24      2         6.1300000000e+08                       8456302
     24      2         6.1400000000e+08                       8456308
     22      2         6.1450000000e+08                       8456310
     31      3         6.1500000000e+08                       8456313
     31      3         6.1550000000e+08                       8456317
     24      2         6.1600000000e+08                       8456320
     24      2         6.1650000000e+08                       8456326
     22      2         6.1700000000e+08                       8456330
     22      2         6.1750000000e+08                       8456332
     24      2         6.1800000000e+08                       8456340
     31      3         6.1850000000e+08                       8456341
     22      2         6.1900000000e+08                       8456344
     31      3         6.1950000000e+08                       8456345
     24      2         6.2000000000e+08                       8456348
     31      3         6.2050000000e+08                       8456351
     22      2         6.2100000000e+08                       8456354
     31      3         6.2150000000e+08                       8456359
     31      3         6.2200000000e+08                       8456363
     24      2         6.2250000000e+08                       8456364
     31      3         6.2300000000e+08                       8456365
     24      2         6.2350000000e+08                       8456368
     31      3         6.2400000000e+08                       8456373
     31      3         6.2450000000e+08                       8456379
     31      3         6.2500000000e+08                       8456381
     22      2         6.2550000000e+08                       8456388
     24      2         6.2600000000e+08                       8456392
     22      2         6.2650000000e+08                       8456396
     22      2         6.2750000000e+08                       8456398
     24      2         6.2800000000e+08                       8456402
     31      3         6.2900000000e+08                       8456405
     22      2         6.2950000000e+08                       8456406
     31      3         6.3000000000e+08                       8456411
     22      2         6.3050000000e+08                       8456412
     24      2         6.3100000000e+08                       8456414
     31      3         6.3150000000e+08                       8456419
     24      2         6.3200000000e+08                       8456422
     24      2         6.3250000000e+08                       8456424
     24      2         6.3350000000e+08                       8456426
     22      2         6.3400000000e+08                       8456434
     22      2         6.3450000000e+08                       8456436
     24      2         6.3500000000e+08                       8456442
     22      2         6.3550000000e+08                       8456448
     24      2         6.3650000000e+08                       8456450
     24      2         6.3700000000e+08                       8456456
     24      2         6.3750000000e+08                       8456460
     31      3         6.3800000000e+08                       8456463
     24      2         6.3850000000e+08                       8456468
     22      2         6.3900000000e+08                       8456476
     31      3         6.3950000000e+08                       8456479
     22      2         6.4000000000e+08                       8456480
     24      2         6.4050000000e+08                       8456486
     22      2         6.4100000000e+08                       8456490
     24      2         6.4150000000e+08                       8456494
     24      2         6.4200000000e+08                       8456496
     31      3         6.4250000000e+08                       8456501
     31      3         6.4300000000e+08                       8456509
     22      2         6.4350000000e+08                       8456516
     24      2         6.4400000000e+08                       8456518
     31      3         6.4450000000e+08                       8456519
     22      2         6.4500000000e+08                       8456522
     31      3         6.4550000000e+08                       8456523
     22      2         6.4600000000e+08                       8456524
     24      2         6.4650000000e+08                       8456526
     24      2         6.4700000000e+08                       8456532
     22      2         6.4750000000e+08                       8456534
     24      2         6.4850000000e+08                       8456536
     24      2         6.4900000000e+08                       8456542
     24      2         6.4950000000e+08                       8456544
     22      2         6.5000000000e+08                       8456546
     22      2         6.5050000000e+08                       8456548
     31      3         6.5100000000e+08                       8456551
     22      2         6.5150000000e+08                       8456554
     22      2         6.5200000000e+08                       8456556
     31      3         6.5250000000e+08                       8456559
     22      2         6.5300000000e+08                       8456564
     22      2         6.5350000000e+08                       8456566
     24      2         6.5400000000e+08                       8456568
     24      2         6.5450000000e+08                       8456574
     31      3         6.5500000000e+08                       8456579
     24      2         6.5550000000e+08                       8456582
     22      2         6.5700000000e+08                       8456586
     24      2         6.5800000000e+08                       8456590
     22      2         6.5850000000e+08                       8456594
     22      2         6.5900000000e+08                       8456598
     31      3         6.5950000000e+08                       8456599
     31      3         6.6000000000e+08                       8456601
     24      2         6.6050000000e+08                       8456602
     22      2         6.6100000000e+08                       8456606
     31      3         6.6250000000e+08                       8456613
     22      2         6.6300000000e+08                       8456616
     24      2         6.6350000000e+08                       8456622
     22      2         6.6400000000e+08                       8456626
     22      2         6.6450000000e+08                       8456632
     24      2         6.6550000000e+08                       8456634
     24      2         6.6600000000e+08                       8456636
     24      2         6.6650000000e+08                       8456638
     24      2         6.6700000000e+08                       8456642
     31      3         6.6750000000e+08                       8456647
     31      3         6.6800000000e+08                       8456651
     22      2         6.6850000000e+08                       8456654
     22      2         6.7000000000e+08                       8456658
     22      2         6.7050000000e+08                       8456662
     31      3         6.7100000000e+08                       8456665
     22      2         6.7150000000e+08                       8456672
     22      2         6.7250000000e+08                       8456680
     22      2         6.7400000000e+08                       8456686
     22      2         6.7450000000e+08                       8456688
     24      2         6.7500000000e+08                       8456696
     24      2         6.7550000000e+08                       8456698
     22      2         6.7600000000e+08                       8456702
     24      2         6.7650000000e+08                       8456704
     24      2         6.7700000000e+08                       8456708
     31      3         6.7750000000e+08                       8456713
     31      3         6.7800000000e+08                       8456717
     22      2         6.7850000000e+08                       8456720
     24      2         6.7900000000e+08                       8456724
     24      2         6.7950000000e+08                       8456726
     24      2         6.8000000000e+08                       8456730
     22      2         6.8050000000e+08                       8456734
     31      3         6.8150000000e+08                       8456735
     24      2         6.8200000000e+08                       8456740
     22      2         6.8300000000e+08                       8456744
     24      2         6.8350000000e+08                       8456746
     31      3         6.8450000000e+08                       8456747
     22      2         6.8500000000e+08                       8456752
     31      3         6.8550000000e+08                       8456757
     24      2         6.8600000000e+08                       8456758
     31      3         6.8650000000e+08                       8456759
     22      2         6.8700000000e+08                       8456762
     22      2         6.8800000000e+08                       8456764
     31      3         6.8850000000e+08                       8456767
     24      2         6.8900000000e+08                       8456770
     24      2         6.8950000000e+08                       8456772
     31      3         6.9000000000e+08                       8456775
     31      3         6.9050000000e+08                       8456779
     31      3         6.9100000000e+08                       8456781
     31      3         6.9150000000e+08                       8456785
     22      2         6.9200000000e+08                       8456792
     31      3         6.9250000000e+08                       8456797
     24      2         6.9300000000e+08                       8456798
     24      2         6.9350000000e+08                       8456802
     31      3         6.9400000000e+08                       8456807
     22      2         6.9450000000e+08                       8456808
     24      2         6.9500000000e+08                       8456814
     22      2         6.9550000000e+08                       8456816
     22      2         6.9600000000e+08                       8456818
     22      2         6.9700000000e+08                       8456820
     22      2         6.9750000000e+08                       8456822
     31      3         6.9800000000e+08                       8456825
     31      3         6.9850000000e+08                       8456827
     22      2         6.9900000000e+08                       8456836
     31      3         6.9950000000e+08                       8456837
     22      2         7.0000000000e+08                       8456840
     31      3         7.0050000000e+08                       8456843
     22      2         7.0100000000e+08                       8456846
     31      3         7.0150000000e+08                       8456847
     22      2         7.0200000000e+08                       8456850
     24      2         7.0250000000e+08                       8456854
     24      2         7.0300000000e+08                       8456858
     31      3         7.0450000000e+08                       8456867
     31      3         7.0500000000e+08                       8456869
     24      2         7.0550000000e+08                       8456872
     22      2         7.0600000000e+08                       8456874
     24      2         7.0700000000e+08                       8456878
     22      2         7.0800000000e+08                       8456880
     31      3         7.0850000000e+08                       8456887
     31      3         7.0900000000e+08                       8456889
     24      2         7.0950000000e+08                       8456892
     22      2         7.1000000000e+08                       8456898
     31      3         7.1050000000e+08                       8456901
     22      2         7.1100000000e+08                       8456904
     22      2         7.1150000000e+08                       8456906
     22      2         7.1200000000e+08                       8456910
     24      2         7.1250000000e+08                       8456914
     22      2         7.1300000000e+08                       8456918
     24      2         7.1350000000e+08                       8456922
     31      3         7.1400000000e+08                       8456925
     24      2         7.1450000000e+08                       8456928
     31      3         7.1500000000e+08                       8456933
     31      3         7.1550000000e+08                       8456937
     22      2         7.1600000000e+08                       8456938
     31      3         7.1650000000e+08                       8456941
     31      3         7.1700000000e+08                       8456945
     22      2         7.1750000000e+08                       8456948
     24      2         7.1850000000e+08                       8456950
     22      2         7.1900000000e+08                       8456954
     22      2         7.2000000000e+08                       8456956
     24      2         7.2100000000e+08                       8456958
     25      3         7.2200000000e+08                       8761523
