     16      1         0.0000000000e+00                             0
      7      0         5.0000000000e+05                             4
     14      1         1.0000000000e+06                             7
      7      0         1.5000000000e+06                            10
      7      0         2.5000000000e+06                            14
      7      0         3.5000000000e+06                            18
      7      0         4.5000000000e+06                            20
      7      0         5.0000000000e+06                            22
      7      0         5.5000000000e+06                            24
      7      0         7.0000000000e+06                            30
      7      0         7.5000000000e+06                            34
     16      1         8.5000000000e+06                            37
      7      0         9.0000000000e+06                            38
      7      0         9.5000000000e+06                            40
     16      1         1.0000000000e+07                            45
      7      0         1.0500000000e+07                            46
      7      0         1.1000000000e+07                            50
      7      0         1.1500000000e+07                            52
      7      0         1.2000000000e+07                            56
      7      0         1.3000000000e+07                            58
      7      0         1.3500000000e+07                            60
      7      0         1.4000000000e+07                            62
     16      1         1.5500000000e+07                            67
      7      0         1.6000000000e+07                            68
      7      0         1.6500000000e+07                            72
      7      0         1.7000000000e+07                            74
     14      1         1.8500000000e+07                            79
      7      0         1.9000000000e+07                            80
      7      0         1.9500000000e+07                            82
      7      0         2.0500000000e+07                            84
      7      0         2.1000000000e+07                            90
      7      0         2.1500000000e+07                            92
      7      0         2.2000000000e+07                            94
      7      0         2.2500000000e+07                            96
      7      0         2.4000000000e+07                            98
      7      0         2.4500000000e+07                           100
      3      0         2.5000000000e+07                       4850569
      8      0         1.9100000000e+08                       4850571
      6      0         1.9150000000e+08                       4850573
      6      0         1.9200000000e+08                       4850575
      6      0         1.9250000000e+08                       4850579
      8      0         1.9300000000e+08                       4850581
     23      2         1.9600000000e+08                       4850582
      8      0         1.9650000000e+08                       4850583
      8      0         1.9700000000e+08                       4850585
     23      2         1.9900000000e+08                       4850588
      6      0         1.9950000000e+08                       4850589
      8      0         2.0150000000e+08                       4850591
     23      2         2.0400000000e+08                       4850594
      2      0         2.0450000000e+08                       4998179
     14      1         2.1000000000e+08                       4998182
      7      0         2.1050000000e+08                       4998183
      7      0         2.1150000000e+08                       4998187
     16      1         2.1200000000e+08                       4998190
      7      0         2.1250000000e+08                       4998191
      9      1         2.1350000000e+08                       5034083
     32      3         2.1500000000e+08                       5034086
     30      3         2.1550000000e+08                       5034088
     32      3         2.1600000000e+08                       5034096
     32      3         2.1650000000e+08                       5034102
     30      3         2.1700000000e+08                       5034106
     30      3         2.1750000000e+08                       5034114
     30      3         2.1800000000e+08                       5034118
     30      3         2.1850000000e+08                       5034124
     32      3         2.1900000000e+08                       5034130
     30      3         2.1950000000e+08                       5034134
     32      3         2.2000000000e+08                       5034142
     32      3         2.2050000000e+08                       5034148
     30      3         2.2100000000e+08                       5034152
     30      3         2.2150000000e+08                       5034160
     30      3         2.2200000000e+08                       5034166
     30      3         2.2250000000e+08                       5034170
     32      3         2.2350000000e+08                       5034182
     30      3         2.2400000000e+08                       5034186
     32      3         2.2450000000e+08                       5034194
     32      3         2.2500000000e+08                       5034198
     32      3         2.2550000000e+08                       5034200
     15      1         2.2600000000e+08                       5034203
     30      3         2.2650000000e+08                       5034216
     32      3         2.2700000000e+08                       5034222
     32      3         2.2800000000e+08                       5034224
     32      3         2.2850000000e+08                       5034228
     30      3         2.2900000000e+08                       5034234
     32      3         2.2950000000e+08                       5034242
     30      3         2.3000000000e+08                       5034250
     30      3         2.3050000000e+08                       5034258
     30      3         2.3100000000e+08                       5034266
     30      3         2.3150000000e+08                       5034268
     30      3         2.3200000000e+08                       5034274
     32      3         2.3250000000e+08                       5034278
     32      3         2.3300000000e+08                       5034284
     30      3         2.3350000000e+08                       5034288
     30      3         2.3400000000e+08                       5034292
     32      3         2.3450000000e+08                       5034300
     30      3         2.3500000000e+08                       5034306
     32      3         2.3550000000e+08                       5034312
     30      3         2.3600000000e+08                       5034314
     30      3         2.3650000000e+08                       5034320
     32      3         2.3700000000e+08                       5034328
     30      3         2.3750000000e+08                       5034334
     30      3         2.3800000000e+08                       5034340
     15      1         2.3850000000e+08                       5034347
     32      3         2.3900000000e+08                       5034358
     32      3         2.4000000000e+08                       5034362
     32      3         2.4050000000e+08                       5034366
     32      3         2.4100000000e+08                       5034372
     32      3         2.4150000000e+08                       5034376
     32      3         2.4200000000e+08                       5034384
     30      3         2.4250000000e+08                       5034394
     32      3         2.4300000000e+08                       5034398
     32      3         2.4350000000e+08                       5034408
     11      1         2.4400000000e+08                       5162679
      7      0         2.4800000000e+08                       5162680
      7      0         2.4850000000e+08                       5162688
      7      0         2.4900000000e+08                       5162690
     14      1         2.5000000000e+08                       5162693
      7      0         2.5050000000e+08                       5162694
      7      0         2.5100000000e+08                       5162696
      7      0         2.5150000000e+08                       5162700
     14      1         2.5200000000e+08                       5162701
      7      0         2.5250000000e+08                       5162704
      7      0         2.5350000000e+08                       5162706
      7      0         2.5500000000e+08                       5162708
      7      0         2.5550000000e+08                       5162712
     16      1         2.5600000000e+08                       5162713
     14      1         2.5650000000e+08                       5162717
      7      0         2.5700000000e+08                       5162722
      7      0         2.5750000000e+08                       5162730
     14      1         2.5800000000e+08                       5162731
      7      0         2.5850000000e+08                       5162736
      7      0         2.5950000000e+08                       5162738
      7      0         2.6100000000e+08                       5162740
      7      0         2.6200000000e+08                       5162742
      7      0         2.6250000000e+08                       5162744
      7      0         2.6400000000e+08                       5162746
      7      0         2.6450000000e+08                       5162748
      7      0         2.6500000000e+08                       5162750
      7      0         2.6550000000e+08                       5162752
      7      0         2.6600000000e+08                       5162754
      7      0         2.6650000000e+08                       5162758
      7      0         2.6700000000e+08                       5162762
      7      0         2.6750000000e+08                       5162766
      7      0         2.6900000000e+08                       5162770
      1      0         2.6950000000e+08                       5537458
      8      0         2.8700000000e+08                       5537460
     23      2         2.8800000000e+08                       5537461
     23      2         2.8850000000e+08                       5537463
      8      0         2.8900000000e+08                       5537464
      6      0         2.8950000000e+08                       5537466
      2      0         2.9000000000e+08                       6708912
      7      0         3.3050000000e+08                       6708916
      7      0         3.3150000000e+08                       6708918
      7      0         3.3200000000e+08                       6708920
      7      0         3.3250000000e+08                       6708926
      7      0         3.3300000000e+08                       6708928
      7      0         3.3400000000e+08                       6708930
      7      0         3.3450000000e+08                       6708932
      7      0         3.3500000000e+08                       6708934
      3      0         3.3650000000e+08                       8160483
     23      2         3.8600000000e+08                       8160484
      6      0         3.8650000000e+08                       8160485
      6      0         3.8700000000e+08                       8160487
      8      0         3.9100000000e+08                       8160489
      6      0         3.9150000000e+08                       8160491
      6      0         3.9200000000e+08                       8160493
     23      2         3.9250000000e+08                       8160494
      6      0         3.9300000000e+08                       8160495
     23      2         3.9450000000e+08                       8160496
      6      0         3.9500000000e+08                       8160497
      8      0         3.9550000000e+08                       8160499
      6      0         3.9850000000e+08                       8160501
      6      0         3.9900000000e+08                       8160503
      8      0         4.0150000000e+08                       8160507
      6      0         4.0250000000e+08                       8160509
      6      0         4.0450000000e+08                       8160511
      6      0         4.0550000000e+08                       8160513
      8      0         4.0600000000e+08                       8160515
     23      2         4.0650000000e+08                       8160516
     23      2         4.0700000000e+08                       8160518
      8      0         4.0750000000e+08                       8160521
     23      2         4.0800000000e+08                       8160526
      8      0         4.0850000000e+08                       8160527
     23      2         4.0950000000e+08                       8160528
     23      2         4.1000000000e+08                       8160530
      8      0         4.1050000000e+08                       8160531
     23      2         4.1200000000e+08                       8160532
      6      0         4.1250000000e+08                       8160535
      6      0         4.1500000000e+08                       8160537
      6      0         4.1600000000e+08                       8160539
      6      0         4.1650000000e+08                       8160541
      6      0         4.1700000000e+08                       8160545
      8      0         4.1800000000e+08                       8160547
     23      2         4.2100000000e+08                       8160548
      8      0         4.2150000000e+08                       8160549
      8      0         4.2550000000e+08                       8160551
      8      0         4.2850000000e+08                       8160553
      8      0         4.2900000000e+08                       8160555
      6      0         4.3100000000e+08                       8160557
      6      0         4.3150000000e+08                       8160559
     23      2         4.3250000000e+08                       8160560
      3      0         4.3350000000e+08                      11206157
      6      0         5.3800000000e+08                      11206159
      6      0         5.3850000000e+08                      11206161
      8      0         5.4200000000e+08                      11206165
      8      0         5.4300000000e+08                      11206167
      8      0         5.4350000000e+08                      11206169
     23      2         5.4500000000e+08                      11206170
      6      0         5.4550000000e+08                      11206173
      8      0         5.4700000000e+08                      11206175
      6      0         5.4750000000e+08                      11206177
     23      2         5.4800000000e+08                      11206178
      6      0         5.4850000000e+08                      11206179
      8      0         5.5000000000e+08                      11206181
     23      2         5.5050000000e+08                      11206182
      4      0         5.5100000000e+08                      12280294
     23      2         5.9050000000e+08                      12280295
      6      0         5.9100000000e+08                      12280298
     23      2         5.9150000000e+08                      12280299
      8      0         5.9200000000e+08                      12280302
     23      2         5.9250000000e+08                      12280303
      6      0         5.9300000000e+08                      12280304
      8      0         5.9450000000e+08                      12280306
      8      0         5.9500000000e+08                      12280308
      8      0         5.9600000000e+08                      12280310
      8      0         5.9650000000e+08                      12280312
      8      0         5.9800000000e+08                      12280314
      6      0         5.9950000000e+08                      12280316
      6      0         6.0000000000e+08                      12280318
     23      2         6.0500000000e+08                      12280319
      6      0         6.0550000000e+08                      12280320
      8      0         6.0700000000e+08                      12280324
     23      2         6.0750000000e+08                      12280325
      8      0         6.0800000000e+08                      12280326
      6      0         6.0850000000e+08                      12280328
      6      0         6.0900000000e+08                      12280330
      8      0         6.1000000000e+08                      12280332
      6      0         6.1150000000e+08                      12280334
      6      0         6.1400000000e+08                      12280338
     23      2         6.1600000000e+08                      12280339
      6      0         6.1650000000e+08                      12280340
      5      0         6.1700000000e+08                      13305547
      6      0         6.5600000000e+08                      13305549
      6      0         6.5750000000e+08                      13305551
     23      2         6.5800000000e+08                      13305552
      6      0         6.5850000000e+08                      13305553
     23      2         6.6050000000e+08                      13305554
      2      0         6.6100000000e+08                      13795750
      8      0         6.7900000000e+08                      13795752
      8      0         6.8250000000e+08                      13795754
      6      0         6.8400000000e+08                      13795756
      6      0         6.8500000000e+08                      13795758
      8      0         6.8550000000e+08                      13795760
     23      2         6.8750000000e+08                      13795761
      6      0         6.8800000000e+08                      13795762
      8      0         6.8950000000e+08                      13795764
      2      0         6.9000000000e+08                      15811173
      6      0         7.5900000000e+08                      15811175
      6      0         7.6250000000e+08                      15811177
      6      0         7.6300000000e+08                      15811179
      8      0         7.6500000000e+08                      15811181
      6      0         7.6550000000e+08                      15811183
      6      0         7.6650000000e+08                      15811185
      6      0         7.6800000000e+08                      15811187
      8      0         7.7000000000e+08                      15811189
     23      2         7.7050000000e+08                      15811190
      6      0         7.7100000000e+08                      15811191
      8      0         7.7350000000e+08                      15811193
      6      0         7.7400000000e+08                      15811195
      8      0         7.7500000000e+08                      15811197
      8      0         7.7600000000e+08                      15811199
     23      2         7.7700000000e+08                      15811202
      6      0         7.7750000000e+08                      15811203
      8      0         7.7850000000e+08                      15811205
      8      0         7.8000000000e+08                      15811207
      8      0         7.8100000000e+08                      15811209
      6      0         7.8350000000e+08                      15811211
      6      0         7.8400000000e+08                      15811213
     23      2         7.8500000000e+08                      15811214
      8      0         7.8550000000e+08                      15811215
      6      0         7.8700000000e+08                      15811217
      8      0         7.8850000000e+08                      15811219
     23      2         7.8950000000e+08                      15811220
      8      0         7.9000000000e+08                      15811221
      8      0         7.9450000000e+08                      15811223
      5      0         7.9500000000e+08                      19058687
      7      0         9.0500000000e+08                      19058689
      7      0         9.0550000000e+08                      19058691
      7      0         9.0600000000e+08                      19058693
      4      0         9.0650000000e+08                      20343761
      8      0         9.5200000000e+08                      20343763
      8      0         9.5400000000e+08                      20343765
      6      0         9.5650000000e+08                      20343767
      8      0         9.5850000000e+08                      20343769
      8      0         9.5950000000e+08                      20343771
     23      2         9.6150000000e+08                      20343772
      6      0         9.6200000000e+08                      20343775
      6      0         9.6300000000e+08                      20343777
      6      0         9.6350000000e+08                      20343779
      8      0         9.6400000000e+08                      20343781
      6      0         9.6450000000e+08                      20343783
      8      0         9.6500000000e+08                      20343785
     23      2         9.6650000000e+08                      20343786
     23      2         9.6700000000e+08                      20343788
      6      0         9.6750000000e+08                      20343793
     23      2         9.7050000000e+08                      20343794
      6      0         9.7100000000e+08                      20343795
      6      0         9.7200000000e+08                      20343797
     23      2         9.7250000000e+08                      20343798
      6      0         9.7300000000e+08                      20343799
     23      2         9.7650000000e+08                      20343800
      6      0         9.7700000000e+08                      20343801
      6      0         9.7850000000e+08                      20343803
      6      0         9.7900000000e+08                      20343805
      6      0         9.8050000000e+08                      20343807
     23      2         9.8600000000e+08                      20343808
      8      0         9.8650000000e+08                      20343809
      8      0         9.8750000000e+08                      20343811
     23      2         9.9150000000e+08                      20343812
      8      0         9.9200000000e+08                      20343815
     23      2         9.9250000000e+08                      20343816
      8      0         9.9300000000e+08                      20343817
     23      2         9.9350000000e+08                      20343818
      8      0         9.9400000000e+08                      20343819
      6      0         9.9650000000e+08                      20343821
     23      2         9.9700000000e+08                      20343822
      6      0         9.9750000000e+08                      20343823
