     13      1         0.0000000000e+00                             0
     13      1         5.0000000000e+05                        408720
      7      0         1.4000000000e+07                        408721
      7      0         1.5500000000e+07                        408723
      7      0         1.7000000000e+07                        408727
      7      0         1.7500000000e+07                        408729
      7      0         1.8500000000e+07                        408731
      7      0         1.9000000000e+07                        408737
      7      0         1.9500000000e+07                        408739
      7      0         2.0500000000e+07                        408741
      7      0         2.1000000000e+07                        408743
      7      0         2.1500000000e+07                        408747
      7      0         2.2500000000e+07                        408749
      7      0         2.3500000000e+07                        408753
      7      0         2.4000000000e+07                        408755
      7      0         2.5000000000e+07                        408759
      7      0         2.5500000000e+07                        408761
      7      0         2.7000000000e+07                        408763
     14      1         2.7500000000e+07                        408764
      7      0         2.8000000000e+07                        408767
      7      0         2.8500000000e+07                        408769
      7      0         2.9500000000e+07                        408771
      7      0         3.0000000000e+07                        408773
     11      1         3.0500000000e+07                        557302
      7      0         3.6000000000e+07                        557303
      1      0         3.6500000000e+07                       3739816
      7      0         1.4450000000e+08                       3739818
      7      0         1.4500000000e+08                       3739822
      7      0         1.4550000000e+08                       3739824
      7      0         1.4600000000e+08                       3739826
      7      0         1.4850000000e+08                       3739828
      7      0         1.4900000000e+08                       3739830
     14      1         1.5050000000e+08                       3739833
      7      0         1.5100000000e+08                       3739836
      7      0         1.5150000000e+08                       3739840
      7      0         1.5250000000e+08                       3739842
      7      0         1.5300000000e+08                       3739844
      7      0         1.5350000000e+08                       3739848
      7      0         1.5400000000e+08                       3739852
      7      0         1.5450000000e+08                       3739856
      7      0         1.5550000000e+08                       3739858
      7      0         1.5650000000e+08                       3739860
      7      0         1.5750000000e+08                       3739864
      7      0         1.5900000000e+08                       3739866
      7      0         1.5950000000e+08                       3739870
      7      0         1.6050000000e+08                       3739872
      7      0         1.6100000000e+08                       3739874
      7      0         1.6200000000e+08                       3739882
      7      0         1.6300000000e+08                       3739884
      7      0         1.6350000000e+08                       3739886
      7      0         1.6450000000e+08                       3739890
      7      0         1.6500000000e+08                       3739892
      7      0         1.6550000000e+08                       3739896
      7      0         1.6600000000e+08                       3739900
      7      0         1.6650000000e+08                       3739904
      7      0         1.6700000000e+08                       3739906
      1      0         1.6750000000e+08                       3917632
      6      0         1.7500000000e+08                       3917634
      6      0         1.7550000000e+08                       3917636
      6      0         1.7600000000e+08                       3917638
     23      2         1.7700000000e+08                       3917639
      6      0         1.7750000000e+08                       3917640
      6      0         1.8000000000e+08                       3917642
      8      0         1.8050000000e+08                       3917644
     23      2         1.8300000000e+08                       3917645
      8      0         1.8350000000e+08                       3917646
      8      0         1.8500000000e+08                       3917648
      6      0         1.8550000000e+08                       3917650
     23      2         1.8650000000e+08                       3917651
      6      0         1.8700000000e+08                       3917652
      8      0         1.8850000000e+08                       3917654
      6      0         1.9000000000e+08                       3917656
      6      0         1.9100000000e+08                       3917658
     23      2         1.9300000000e+08                       3917659
      6      0         1.9350000000e+08                       3917660
      6      0         1.9400000000e+08                       3917662
      6      0         1.9450000000e+08                       3917664
      6      0         1.9550000000e+08                       3917666
     23      2         1.9600000000e+08                       3917669
      6      0         1.9650000000e+08                       3917670
      5      0         1.9800000000e+08                       5557659
      8      0         2.5400000000e+08                       5557661
     23      2         2.5450000000e+08                       5557662
      6      0         2.5500000000e+08                       5557663
      8      0         2.5800000000e+08                       5557665
      8      0         2.5850000000e+08                       5557667
     23      2         2.5900000000e+08                       5557668
      8      0         2.5950000000e+08                       5557669
      8      0         2.6000000000e+08                       5557671
      6      0         2.6050000000e+08                       5557673
      8      0         2.6100000000e+08                       5557675
      6      0         2.6200000000e+08                       5557677
      6      0         2.6250000000e+08                       5557679
      6      0         2.6350000000e+08                       5557683
     23      2         2.6500000000e+08                       5557686
      6      0         2.6550000000e+08                       5557687
      8      0         2.6600000000e+08                       5557689
     23      2         2.6650000000e+08                       5557694
      6      0         2.6700000000e+08                       5557695
     23      2         2.6950000000e+08                       5557696
      8      0         2.7000000000e+08                       5557697
     23      2         2.7100000000e+08                       5557698
      6      0         2.7150000000e+08                       5557699
      8      0         2.7200000000e+08                       5557701
     23      2         2.7250000000e+08                       5557702
      8      0         2.7350000000e+08                       5557703
      6      0         2.7400000000e+08                       5557705
      8      0         2.7550000000e+08                       5557707
      6      0         2.7800000000e+08                       5557709
     23      2         2.8050000000e+08                       5557712
     23      2         2.8100000000e+08                       5557714
      8      0         2.8150000000e+08                       5557715
      1      0         2.8200000000e+08                       8097074
      6      0         3.6800000000e+08                       8097076
     23      2         3.7000000000e+08                       8097077
      6      0         3.7050000000e+08                       8097080
      6      0         3.7150000000e+08                       8097082
     23      2         3.7200000000e+08                       8097085
      8      0         3.7250000000e+08                       8097086
     23      2         3.7300000000e+08                       8097087
      8      0         3.7350000000e+08                       8097088
      6      0         3.7450000000e+08                       8097090
      8      0         3.7500000000e+08                       8097092
     23      2         3.7600000000e+08                       8097093
      1      0         3.7650000000e+08                       8810222
     23      2         4.0300000000e+08                       8810223
      8      0         4.0350000000e+08                       8810226
     23      2         4.0400000000e+08                       8810227
      8      0         4.0450000000e+08                       8810230
      8      0         4.0550000000e+08                       8810232
     23      2         4.0650000000e+08                       8810235
      6      0         4.0700000000e+08                       8810236
      6      0         4.1000000000e+08                       8810238
      8      0         4.1050000000e+08                       8810240
      6      0         4.1200000000e+08                       8810242
      6      0         4.1300000000e+08                       8810244
      2      0         4.1350000000e+08                      11933081
      3      0         5.2000000000e+08                      14960078
      8      0         6.2450000000e+08                      14960080
      8      0         6.2550000000e+08                      14960082
     23      2         6.2650000000e+08                      14960083
      5      0         6.2700000000e+08                      16908154
     23      2         6.9350000000e+08                      16908155
      6      0         6.9400000000e+08                      16908158
      8      0         6.9450000000e+08                      16908160
     23      2         6.9650000000e+08                      16908161
      8      0         6.9700000000e+08                      16908162
      6      0         6.9750000000e+08                      16908164
      6      0         6.9850000000e+08                      16908166
      6      0         7.0000000000e+08                      16908170
      6      0         7.0050000000e+08                      16908172
      6      0         7.0100000000e+08                      16908174
      8      0         7.0150000000e+08                      16908176
      8      0         7.0300000000e+08                      16908178
      8      0         7.0550000000e+08                      16908180
     23      2         7.0600000000e+08                      16908183
      6      0         7.0650000000e+08                      16908184
      1      0         7.0700000000e+08                      19188754
      7      0         7.8600000000e+08                      19188756
      7      0         7.8650000000e+08                      19188758
      7      0         7.8700000000e+08                      19188760
      7      0         7.8750000000e+08                      19188764
      7      0         7.8800000000e+08                      19188766
      7      0         7.8850000000e+08                      19188768
      7      0         7.8950000000e+08                      19188772
      7      0         7.9100000000e+08                      19188776
      7      0         7.9200000000e+08                      19188780
      7      0         7.9250000000e+08                      19188782
      7      0         7.9350000000e+08                      19188784
      7      0         7.9400000000e+08                      19188786
      7      0         7.9700000000e+08                      19188788
      7      0         7.9750000000e+08                      19188790
      7      0         7.9850000000e+08                      19188792
      7      0         7.9950000000e+08                      19188794
      7      0         8.0050000000e+08                      19188796
      7      0         8.0350000000e+08                      19188798
      7      0         8.0400000000e+08                      19188806
      7      0         8.0550000000e+08                      19188808
      7      0         8.0600000000e+08                      19188810
      7      0         8.0650000000e+08                      19188812
      7      0         8.0750000000e+08                      19188814
      7      0         8.0850000000e+08                      19188818
      7      0         8.0900000000e+08                      19188822
      7      0         8.0950000000e+08                      19188826
      7      0         8.1150000000e+08                      19188828
     16      1         8.1200000000e+08                      19188831
      7      0         8.1250000000e+08                      19188834
      7      0         8.1300000000e+08                      19188836
      7      0         8.1350000000e+08                      19188838
      7      0         8.1400000000e+08                      19188842
      7      0         8.1450000000e+08                      19188848
      7      0         8.1500000000e+08                      19188850
      7      0         8.1550000000e+08                      19188852
      7      0         8.1600000000e+08                      19188856
      7      0         8.1650000000e+08                      19188858
      7      0         8.1700000000e+08                      19188860
      7      0         8.1800000000e+08                      19188864
      7      0         8.1850000000e+08                      19188866
      7      0         8.1900000000e+08                      19188868
      7      0         8.2000000000e+08                      19188874
      7      0         8.2050000000e+08                      19188878
     14      1         8.2150000000e+08                      19188881
      7      0         8.2200000000e+08                      19188884
      7      0         8.2300000000e+08                      19188886
      7      0         8.2350000000e+08                      19188888
      7      0         8.2400000000e+08                      19188890
     14      1         8.2450000000e+08                      19188891
      7      0         8.2500000000e+08                      19188892
     14      1         8.2550000000e+08                      19188897
      7      0         8.2600000000e+08                      19188898
      7      0         8.2700000000e+08                      19188902
      7      0         8.2750000000e+08                      19188908
      7      0         8.2900000000e+08                      19188910
     14      1         8.3000000000e+08                      19188913
      7      0         8.3050000000e+08                      19188916
      7      0         8.3100000000e+08                      19188918
      7      0         8.3150000000e+08                      19188920
      7      0         8.3350000000e+08                      19188922
      1      0         8.3500000000e+08                      23218535
      8      0         9.7300000000e+08                      23218537
     23      2         9.7500000000e+08                      23218538
      8      0         9.7550000000e+08                      23218539
      8      0         9.7600000000e+08                      23218541
     23      2         9.7800000000e+08                      23218542
      8      0         9.7850000000e+08                      23218543
      8      0         9.8100000000e+08                      23218545
      8      0         9.8200000000e+08                      23218547
      8      0         9.8300000000e+08                      23218549
      6      0         9.8400000000e+08                      23218551
      6      0         9.8450000000e+08                      23218553
      8      0         9.8500000000e+08                      23218555
      8      0         9.8600000000e+08                      23218559
      6      0         9.8700000000e+08                      23218561
      6      0         9.8750000000e+08                      23218563
      6      0         9.8800000000e+08                      23218565
     23      2         9.8950000000e+08                      23218566
     23      2         9.9000000000e+08                      23218568
      8      0         9.9050000000e+08                      23218569
     23      2         9.9100000000e+08                      23218570
      6      0         9.9150000000e+08                      23218575
      8      0         9.9200000000e+08                      23218577
      8      0         9.9300000000e+08                      23218579
      8      0         9.9400000000e+08                      23218581
      6      0         9.9500000000e+08                      23218583
     23      2         9.9650000000e+08                      23218584
      6      0         9.9700000000e+08                      23218585
