     16      1         0.0000000000e+00                             0
      7      0         5.0000000000e+05                             2
     12      1         1.0000000000e+06                        356839
      7      0         1.3000000000e+07                        356840
      7      0         1.3500000000e+07                        356842
      7      0         1.4500000000e+07                        356844
      7      0         1.5000000000e+07                        356846
      7      0         1.6000000000e+07                        356848
      7      0         1.6500000000e+07                        356850
      7      0         1.7500000000e+07                        356852
      7      0         1.8500000000e+07                        356854
      7      0         1.9000000000e+07                        356856
      7      0         2.0500000000e+07                        356858
      7      0         2.1000000000e+07                        356860
      7      0         2.1500000000e+07                        356862
      7      0         2.2000000000e+07                        356868
      7      0         2.2500000000e+07                        356870
      7      0         2.3000000000e+07                        356872
      7      0         2.4000000000e+07                        356878
      7      0         2.4500000000e+07                        356880
      4      0         2.5500000000e+07                       1182964
     23      2         5.3500000000e+07                       1182965
      1      0         5.4000000000e+07                       4477812
      1      0         1.6650000000e+08                       7228173
      6      0         2.5950000000e+08                       7228175
      6      0         2.6100000000e+08                       7228177
      6      0         2.6400000000e+08                       7228179
      1      0         2.6600000000e+08                      10596432
     23      2         3.7950000000e+08                      10596433
      4      0         3.8000000000e+08                      14058185
     10      1         5.0050000000e+08                      14427158
      4      0         5.1300000000e+08                      24303629
     14      1         8.4500000000e+08                      24303634
      7      0         8.4550000000e+08                      24303635
      7      0         8.4600000000e+08                      24303637
      7      0         8.4700000000e+08                      24303641
      7      0         8.4800000000e+08                      24303643
      7      0         8.4950000000e+08                      24303647
      7      0         8.5000000000e+08                      24303649
      7      0         8.5050000000e+08                      24303651
      7      0         8.5100000000e+08                      24303655
      7      0         8.5150000000e+08                      24303657
      7      0         8.5200000000e+08                      24303659
      7      0         8.5250000000e+08                      24303663
      7      0         8.5350000000e+08                      24303669
      7      0         8.5400000000e+08                      24303671
      7      0         8.5450000000e+08                      24303675
      7      0         8.5500000000e+08                      24303679
      7      0         8.5550000000e+08                      24303681
      7      0         8.5600000000e+08                      24303683
      7      0         8.5700000000e+08                      24303685
      7      0         8.5750000000e+08                      24303687
     14      1         8.5850000000e+08                      24303688
      7      0         8.5900000000e+08                      24303691
      7      0         8.6000000000e+08                      24303693
      7      0         8.6050000000e+08                      24303695
      7      0         8.6100000000e+08                      24303697
      7      0         8.6200000000e+08                      24303699
      7      0         8.6250000000e+08                      24303701
     16      1         8.6300000000e+08                      24303708
      7      0         8.6350000000e+08                      24303711
      7      0         8.6500000000e+08                      24303713
      7      0         8.6600000000e+08                      24303715
      7      0         8.6650000000e+08                      24303719
      9      1         8.6700000000e+08                      24515087
     30      3         8.7400000000e+08                      24515094
     30      3         8.7450000000e+08                      24515102
     30      3         8.7500000000e+08                      24515116
     30      3         8.7550000000e+08                      24515118
     32      3         8.7600000000e+08                      24515124
     32      3         8.7700000000e+08                      24515134
     30      3         8.7750000000e+08                      24515140
     30      3         8.7850000000e+08                      24515150
     32      3         8.7900000000e+08                      24515162
     30      3         8.8000000000e+08                      24515170
     30      3         8.8050000000e+08                      24515176
     30      3         8.8100000000e+08                      24515180
     15      1         8.8150000000e+08                      24515185
     32      3         8.8200000000e+08                      24515192
     32      3         8.8250000000e+08                      24515196
     32      3         8.8300000000e+08                      24515202
     30      3         8.8350000000e+08                      24515210
     32      3         8.8400000000e+08                      24515214
     32      3         8.8450000000e+08                      24515218
     32      3         8.8500000000e+08                      24515226
     30      3         8.8550000000e+08                      24515230
     32      3         8.8600000000e+08                      24515238
     30      3         8.8650000000e+08                      24515240
     32      3         8.8700000000e+08                      24515244
     30      3         8.8750000000e+08                      24515248
     32      3         8.8800000000e+08                      24515258
     32      3         8.8850000000e+08                      24515266
     30      3         8.8900000000e+08                      24515274
     32      3         8.8950000000e+08                      24515280
     32      3         8.9000000000e+08                      24515288
     30      3         8.9050000000e+08                      24515302
     30      3         8.9100000000e+08                      24515306
     32      3         8.9150000000e+08                      24515316
     32      3         8.9200000000e+08                      24515318
     30      3         8.9250000000e+08                      24515324
     30      3         8.9300000000e+08                      24515332
     30      3         8.9350000000e+08                      24515338
     30      3         8.9450000000e+08                      24515348
     30      3         8.9500000000e+08                      24515356
     30      3         8.9550000000e+08                      24515368
     32      3         8.9600000000e+08                      24515374
     30      3         8.9650000000e+08                      24515378
     30      3         8.9700000000e+08                      24515384
     32      3         8.9750000000e+08                      24515392
     32      3         8.9800000000e+08                      24515400
     30      3         8.9850000000e+08                      24515406
     30      3         8.9900000000e+08                      24515412
     32      3         8.9950000000e+08                      24515420
     30      3         9.0000000000e+08                      24515426
     30      3         9.0050000000e+08                      24515428
     32      3         9.0100000000e+08                      24515432
     15      1         9.0150000000e+08                      24515439
     32      3         9.0200000000e+08                      24515444
     11      1         9.0250000000e+08                      24651485
      7      0         9.0700000000e+08                      24651488
      7      0         9.0750000000e+08                      24651490
      7      0         9.0900000000e+08                      24651494
      7      0         9.1000000000e+08                      24651496
      5      0         9.1050000000e+08                      25339110
      8      0         9.3650000000e+08                      25339112
      6      0         9.3700000000e+08                      25339114
      8      0         9.3750000000e+08                      25339116
      2      0         9.4000000000e+08                      25587198
     16      1         9.4900000000e+08                      25587201
      7      0         9.4950000000e+08                      25587202
      7      0         9.5000000000e+08                      25587206
      7      0         9.5150000000e+08                      25587212
      7      0         9.5200000000e+08                      25587214
     14      1         9.5300000000e+08                      25587215
      7      0         9.5350000000e+08                      25587216
      7      0         9.5400000000e+08                      25587218
      7      0         9.5450000000e+08                      25587220
      7      0         9.5500000000e+08                      25587222
      7      0         9.5550000000e+08                      25587224
     16      1         9.5650000000e+08                      25587229
      7      0         9.5700000000e+08                      25587230
      7      0         9.5750000000e+08                      25587234
      7      0         9.5800000000e+08                      25587236
      7      0         9.5950000000e+08                      25587238
      7      0         9.6000000000e+08                      25587242
      7      0         9.6250000000e+08                      25587246
      7      0         9.6300000000e+08                      25587248
      5      0         9.6350000000e+08                      25610829
     23      2         9.6800000000e+08                      25610830
      8      0         9.6850000000e+08                      25610831
      8      0         9.6900000000e+08                      25610833
     23      2         9.7000000000e+08                      25610834
     23      2         9.7050000000e+08                      25610838
      8      0         9.7100000000e+08                      25610839
      6      0         9.7250000000e+08                      25610841
      1      0         9.7400000000e+08                      25836065
     23      2         9.8250000000e+08                      25836066
      8      0         9.8300000000e+08                      25836067
     23      2         9.8500000000e+08                      25836068
      6      0         9.8550000000e+08                      25836069
      6      0         9.8600000000e+08                      25836071
      6      0         9.8700000000e+08                      25836073
      8      0         9.8950000000e+08                      25836075
      6      0         9.9150000000e+08                      25836077
      8      0         9.9200000000e+08                      25836079
      8      0         9.9300000000e+08                      25836081
     23      2         9.9400000000e+08                      25836082
      8      0         9.9450000000e+08                      25836083
      8      0         9.9750000000e+08                      25836085
     23      2         9.9800000000e+08                      25836088
      2      0         9.9850000000e+08                      28677815
