      1      0         0.0000000000e+00                             0
      1      0         5.0000000000e+05                         18746
      8      0         2.0000000000e+06                         18748
      8      0         2.5000000000e+06                         18750
     23      2         3.5000000000e+06                         18751
      8      0         4.0000000000e+06                         18752
     23      2         4.5000000000e+06                         18753
     23      2         5.0000000000e+06                         18755
     23      2         5.5000000000e+06                         18757
      6      0         6.0000000000e+06                         18758
     23      2         6.5000000000e+06                         18759
      6      0         7.0000000000e+06                         18760
      8      0         9.0000000000e+06                         18762
      8      0         1.0500000000e+07                         18764
     23      2         1.1000000000e+07                         18765
      6      0         1.1500000000e+07                         18766
      6      0         1.2000000000e+07                         18768
      6      0         1.2500000000e+07                         18770
     23      2         1.4500000000e+07                         18771
      8      0         1.5000000000e+07                         18772
     23      2         1.5500000000e+07                         18773
      6      0         1.6000000000e+07                         18774
     23      2         1.6500000000e+07                         18775
      6      0         1.7000000000e+07                         18776
      6      0         1.7500000000e+07                         18778
      6      0         1.8500000000e+07                         18780
     23      2         1.9500000000e+07                         18781
      6      0         2.0000000000e+07                         18782
      6      0         2.1500000000e+07                         18784
      1      0         2.2500000000e+07                       1107882
     23      2         5.9500000000e+07                       1107883
      8      0         6.0000000000e+07                       1107884
      6      0         6.0500000000e+07                       1107886
     23      2         6.1500000000e+07                       1107889
      8      0         6.2000000000e+07                       1107890
     23      2         6.3000000000e+07                       1107891
      6      0         6.3500000000e+07                       1107894
      8      0         6.4000000000e+07                       1107896
      8      0         6.4500000000e+07                       1107898
     23      2         6.6000000000e+07                       1107899
     23      2         6.6500000000e+07                       1107901
      8      0         6.7000000000e+07                       1107902
     23      2         6.8000000000e+07                       1107903
      6      0         6.8500000000e+07                       1107904
     23      2         6.9500000000e+07                       1107905
      8      0         7.0000000000e+07                       1107906
      8      0         7.1000000000e+07                       1107908
      8      0         7.4500000000e+07                       1107910
      8      0         7.6500000000e+07                       1107912
     23      2         7.7000000000e+07                       1107913
      8      0         7.7500000000e+07                       1107914
     23      2         7.8000000000e+07                       1107915
      8      0         7.8500000000e+07                       1107916
      5      0         7.9500000000e+07                       1299252
      7      0         9.0000000000e+07                       1299256
      7      0         9.0500000000e+07                       1299260
      7      0         9.1500000000e+07                       1299264
      7      0         9.2500000000e+07                       1299266
      7      0         9.3000000000e+07                       1299268
      7      0         9.4000000000e+07                       1304357
      7      0         9.4500000000e+07                       1304359
      7      0         9.5000000000e+07                       1304363
      7      0         9.6000000000e+07                       1304365
      7      0         9.6500000000e+07                       1304369
      2      0         9.7000000000e+07                       5686222
     23      2         2.4650000000e+08                       5686223
      6      0         2.4700000000e+08                       5686226
     23      2         2.4750000000e+08                       5686227
      8      0         2.4800000000e+08                       5686228
      8      0         2.4850000000e+08                       5686230
      6      0         2.4950000000e+08                       5686232
      8      0         2.5350000000e+08                       5686234
      8      0         2.5650000000e+08                       5686236
      6      0         2.5700000000e+08                       5686242
      6      0         2.5750000000e+08                       5686244
     23      2         2.5900000000e+08                       5686245
      6      0         2.5950000000e+08                       5686246
     23      2         2.6050000000e+08                       5686249
      8      0         2.6100000000e+08                       5686250
     23      2         2.6350000000e+08                       5686253
      8      0         2.6400000000e+08                       5686254
     23      2         2.6500000000e+08                       5686255
      6      0         2.6550000000e+08                       5686256
      6      0         2.6650000000e+08                       5686258
     23      2         2.6850000000e+08                       5686259
      8      0         2.6900000000e+08                       5686260
     23      2         2.7000000000e+08                       5686261
      8      0         2.7050000000e+08                       5686262
     23      2         2.7200000000e+08                       5686263
      8      0         2.7250000000e+08                       5686264
      8      0         2.7300000000e+08                       5686266
      1      0         2.7400000000e+08                       8526240
      8      0         3.7150000000e+08                       8526244
      8      0         3.7250000000e+08                       8526246
      8      0         3.7350000000e+08                       8526248
      6      0         3.7400000000e+08                       8526250
      8      0         3.7450000000e+08                       8526252
      8      0         3.7600000000e+08                       8526254
      8      0         3.7950000000e+08                       8526256
     23      2         3.8200000000e+08                       8526257
      6      0         3.8250000000e+08                       8526258
      6      0         3.8450000000e+08                       8526262
     23      2         3.8700000000e+08                       8526263
      3      0         3.8750000000e+08                       8637343
      9      1         3.9350000000e+08                       9068828
     32      3         4.0800000000e+08                       9068833
     32      3         4.0850000000e+08                       9068837
     32      3         4.0900000000e+08                       9068839
     30      3         4.0950000000e+08                       9068845
     32      3         4.1000000000e+08                       9068859
     30      3         4.1050000000e+08                       9068867
     30      3         4.1100000000e+08                       9068869
     30      3         4.1150000000e+08                       9068873
     30      3         4.1200000000e+08                       9068881
     30      3         4.1250000000e+08                       9068885
     13      1         4.1300000000e+08                       9258420
      7      0         4.1950000000e+08                       9258421
      1      0         4.2200000000e+08                      10161130
     23      2         4.5350000000e+08                      10161131
      8      0         4.5400000000e+08                      10161132
     23      2         4.5700000000e+08                      10161133
      8      0         4.5750000000e+08                      10161134
      6      0         4.5800000000e+08                      10161136
      6      0         4.5850000000e+08                      10161138
     23      2         4.5900000000e+08                      10161139
      8      0         4.5950000000e+08                      10161140
     23      2         4.6100000000e+08                      10161141
      8      0         4.6150000000e+08                      10161142
      6      0         4.6250000000e+08                      10161144
      6      0         4.6400000000e+08                      10161146
      6      0         4.6450000000e+08                      10161148
     23      2         4.6550000000e+08                      10161149
      8      0         4.6600000000e+08                      10161150
      2      0         4.6750000000e+08                      11147756
     23      2         5.0250000000e+08                      11147757
      8      0         5.0300000000e+08                      11147760
     23      2         5.0350000000e+08                      11147763
      6      0         5.0400000000e+08                      11147764
      8      0         5.0650000000e+08                      11147766
     23      2         5.0700000000e+08                      11147767
      8      0         5.0750000000e+08                      11147768
     23      2         5.1050000000e+08                      11147771
      6      0         5.1100000000e+08                      11147772
      8      0         5.1200000000e+08                      11147774
      8      0         5.1250000000e+08                      11147776
      8      0         5.1650000000e+08                      11147778
      6      0         5.1700000000e+08                      11147780
     23      2         5.1750000000e+08                      11147781
      6      0         5.1800000000e+08                      11147782
      6      0         5.1850000000e+08                      11147784
     23      2         5.1950000000e+08                      11147785
      6      0         5.2000000000e+08                      11147786
      6      0         5.2150000000e+08                      11147788
      6      0         5.2250000000e+08                      11147790
      8      0         5.2300000000e+08                      11147792
      6      0         5.2400000000e+08                      11147794
     23      2         5.2750000000e+08                      11147795
     23      2         5.2800000000e+08                      11147797
      6      0         5.2850000000e+08                      11147798
      6      0         5.2900000000e+08                      11147800
      8      0         5.3050000000e+08                      11147802
      6      0         5.3100000000e+08                      11147804
      8      0         5.3300000000e+08                      11147806
      8      0         5.3350000000e+08                      11147808
      6      0         5.3450000000e+08                      11147810
      6      0         5.3500000000e+08                      11147812
      8      0         5.3800000000e+08                      11147814
     23      2         5.3900000000e+08                      11147815
      8      0         5.3950000000e+08                      11147816
      8      0         5.4050000000e+08                      11147818
      6      0         5.4100000000e+08                      11147820
     23      2         5.4350000000e+08                      11147821
      8      0         5.4400000000e+08                      11147822
      6      0         5.4450000000e+08                      11147824
      6      0         5.4550000000e+08                      11147826
     23      2         5.4700000000e+08                      11147827
      6      0         5.4750000000e+08                      11147830
      6      0         5.4850000000e+08                      11147832
      8      0         5.4950000000e+08                      11147836
      6      0         5.5050000000e+08                      11147838
      6      0         5.5100000000e+08                      11147842
      8      0         5.5200000000e+08                      11147844
      6      0         5.5250000000e+08                      11147846
      6      0         5.5650000000e+08                      11147852
      6      0         5.5850000000e+08                      11147854
     23      2         5.5900000000e+08                      11147855
     23      2         5.5950000000e+08                      11147857
      6      0         5.6000000000e+08                      11147858
      8      0         5.6250000000e+08                      11147860
      6      0         5.6300000000e+08                      11147862
      8      0         5.6350000000e+08                      11147864
      6      0         5.6400000000e+08                      11147868
     23      2         5.6450000000e+08                      11147869
     23      2         5.6500000000e+08                      11147871
      6      0         5.6550000000e+08                      11147874
      1      0         5.6750000000e+08                      13331285
      8      0         6.4350000000e+08                      13331287
      6      0         6.4500000000e+08                      13331289
      6      0         6.4700000000e+08                      13331291
      8      0         6.4800000000e+08                      13331293
      6      0         6.5300000000e+08                      13331295
      6      0         6.5500000000e+08                      13331297
     23      2         6.5550000000e+08                      13331298
     23      2         6.5650000000e+08                      13331300
      6      0         6.5700000000e+08                      13331301
      5      0         6.5900000000e+08                      15243714
      6      0         7.2450000000e+08                      15243716
     23      2         7.2550000000e+08                      15243717
     23      2         7.2600000000e+08                      15243719
      8      0         7.2650000000e+08                      15243720
      3      0         7.2800000000e+08                      15666887
      6      0         7.4450000000e+08                      15666889
     23      2         7.4500000000e+08                      15666890
      8      0         7.4550000000e+08                      15666891
      6      0         7.4650000000e+08                      15666893
      8      0         7.4700000000e+08                      15666895
     23      2         7.4900000000e+08                      15666896
      8      0         7.4950000000e+08                      15666897
      6      0         7.5100000000e+08                      15666899
      6      0         7.5150000000e+08                      15666901
      6      0         7.5300000000e+08                      15666903
      6      0         7.5350000000e+08                      15666905
     23      2         7.5400000000e+08                      15666906
      8      0         7.5450000000e+08                      15666907
      8      0         7.5550000000e+08                      15666909
      8      0         7.5650000000e+08                      15666911
      8      0         7.5900000000e+08                      15666913
     23      2         7.6150000000e+08                      15666914
      6      0         7.6200000000e+08                      15666915
      6      0         7.6300000000e+08                      15666917
      6      0         7.6350000000e+08                      15666919
     23      2         7.6400000000e+08                      15666920
      6      0         7.6450000000e+08                      15666923
     23      2         7.6500000000e+08                      15666924
      6      0         7.6550000000e+08                      15666925
      6      0         7.6600000000e+08                      15666927
      6      0         7.6650000000e+08                      15666929
      8      0         7.6800000000e+08                      15666931
      6      0         7.6900000000e+08                      15666933
     23      2         7.6950000000e+08                      15666934
      6      0         7.7000000000e+08                      15666935
      4      0         7.7050000000e+08                      17407609
      1      0         8.3050000000e+08                      18836847
      6      0         8.8200000000e+08                      18836849
      3      0         8.8300000000e+08                      19068097
     23      2         8.9250000000e+08                      19068100
     23      2         8.9300000000e+08                      19068102
      6      0         8.9350000000e+08                      19068103
      8      0         8.9400000000e+08                      19068105
      8      0         8.9450000000e+08                      19068109
      8      0         8.9650000000e+08                      19068111
     23      2         8.9800000000e+08                      19068114
     23      2         8.9850000000e+08                      19068116
      8      0         8.9900000000e+08                      19068117
     23      2         9.0050000000e+08                      19068118
      6      0         9.0100000000e+08                      19068119
      8      0         9.0150000000e+08                      19068121
     23      2         9.0350000000e+08                      19068124
      6      0         9.0400000000e+08                      19068127
      6      0         9.0600000000e+08                      19068129
      6      0         9.0800000000e+08                      19068131
     23      2         9.1050000000e+08                      19068132
      8      0         9.1100000000e+08                      19068133
      6      0         9.1450000000e+08                      19068137
      8      0         9.1550000000e+08                      19068139
      8      0         9.1600000000e+08                      19068141
      8      0         9.1750000000e+08                      19068143
      6      0         9.1800000000e+08                      19068145
     23      2         9.1900000000e+08                      19068146
      6      0         9.1950000000e+08                      19068147
     23      2         9.2300000000e+08                      19068148
      6      0         9.2350000000e+08                      19068149
     23      2         9.2400000000e+08                      19068150
      8      0         9.2450000000e+08                      19068153
      1      0         9.2550000000e+08                      19587476
      7      0         9.4350000000e+08                      19587478
      7      0         9.4400000000e+08                      19587484
      7      0         9.4450000000e+08                      19587486
      7      0         9.4500000000e+08                      19587488
      7      0         9.4550000000e+08                      19587490
      7      0         9.4600000000e+08                      19587494
      7      0         9.4650000000e+08                      19587500
      7      0         9.4700000000e+08                      19587502
     16      1         9.4750000000e+08                      19587505
      7      0         9.4800000000e+08                      19587506
      7      0         9.4850000000e+08                      19587510
      7      0         9.4900000000e+08                      19587512
      9      1         9.5000000000e+08                      19875389
      7      0         9.5950000000e+08                      19875390
      7      0         9.6050000000e+08                      19875392
      7      0         9.6150000000e+08                      19875394
      7      0         9.6200000000e+08                      19875398
      7      0         9.6250000000e+08                      19875402
      7      0         9.6300000000e+08                      19875406
     14      1         9.6400000000e+08                      19875409
      7      0         9.6450000000e+08                      19875416
     14      1         9.6550000000e+08                      19875419
      7      0         9.6600000000e+08                      19875422
      7      0         9.6650000000e+08                      19875424
      7      0         9.6750000000e+08                      19875426
      7      0         9.6850000000e+08                      19875430
     16      1         9.6950000000e+08                      19875431
      7      0         9.7000000000e+08                      19875432
      7      0         9.7100000000e+08                      19875434
      7      0         9.7150000000e+08                      19875436
      7      0         9.7200000000e+08                      19875438
      7      0         9.7250000000e+08                      19875440
      7      0         9.7350000000e+08                      19875442
      7      0         9.7400000000e+08                      19875444
      7      0         9.7450000000e+08                      19875452
     14      1         9.7500000000e+08                      19875455
      7      0         9.7550000000e+08                      19875458
      7      0         9.7600000000e+08                      19875462
      7      0         9.7750000000e+08                      19875466
      7      0         9.7800000000e+08                      19875468
     14      1         9.7900000000e+08                      19875469
      4      0         9.7950000000e+08                      19982824
      7      0         9.8350000000e+08                      19982826
      7      0         9.8400000000e+08                      19982828
      7      0         9.8500000000e+08                      19982834
      7      0         9.8550000000e+08                      19982840
      7      0         9.8600000000e+08                      19982842
      7      0         9.8700000000e+08                      19982844
      7      0         9.8750000000e+08                      19982846
      7      0         9.8800000000e+08                      19982852
      7      0         9.8850000000e+08                      19982856
      7      0         9.8900000000e+08                      19982860
      7      0         9.8950000000e+08                      19982862
      7      0         9.9000000000e+08                      19982864
      7      0         9.9050000000e+08                      19982868
      7      0         9.9150000000e+08                      19982870
      7      0         9.9250000000e+08                      19982872
      7      0         9.9350000000e+08                      19982874
      7      0         9.9500000000e+08                      19982876
      7      0         9.9550000000e+08                      19982882
     14      1         9.9650000000e+08                      19982883
      7      0         9.9700000000e+08                      19982884
      7      0         9.9750000000e+08                      19982886
      7      0         9.9800000000e+08                      19982888
      7      0         9.9850000000e+08                      19982892
      7      0         9.9900000000e+08                      19982894
