     21      2         0.0000000000e+00                             0
     21      2         5.0000000000e+05                        116114
     31      3         1.3900000000e+08                        116119
     22      2         1.3950000000e+08                        116126
     31      3         1.4000000000e+08                        116129
     31      3         1.4050000000e+08                        116137
     24      2         1.4100000000e+08                        116140
     24      2         1.4150000000e+08                        116144
     24      2         1.4200000000e+08                        116148
     31      3         1.4250000000e+08                        116151
     22      2         1.4300000000e+08                        116152
     24      2         1.4350000000e+08                        116156
     24      2         1.4400000000e+08                        116160
     24      2         1.4450000000e+08                        116162
     24      2         1.4500000000e+08                        116166
     22      2         1.4550000000e+08                        116168
     24      2         1.4600000000e+08                        116170
     24      2         1.4700000000e+08                        116174
     22      2         1.4750000000e+08                        116176
     22      2         1.4800000000e+08                        116182
     24      2         1.4900000000e+08                        116186
     24      2         1.4950000000e+08                        116190
     24      2         1.5050000000e+08                        116192
     31      3         1.5100000000e+08                        116193
     22      2         1.5150000000e+08                        116198
     22      2         1.5200000000e+08                        116200
     24      2         1.5250000000e+08                        116202
     31      3         1.5300000000e+08                        116205
     22      2         1.5350000000e+08                        116208
     22      2         1.5400000000e+08                        116210
     24      2         1.5450000000e+08                        116212
     22      2         1.5500000000e+08                        116216
     22      2         1.5550000000e+08                        116220
     24      2         1.5600000000e+08                        116222
     24      2         1.5650000000e+08                        116224
     24      2         1.5700000000e+08                        116228
     24      2         1.5750000000e+08                        116230
     22      2         1.5800000000e+08                        116234
     22      2         1.5900000000e+08                        116236
     24      2         1.5950000000e+08                        116240
     22      2         1.6000000000e+08                        116242
     24      2         1.6050000000e+08                        116244
     31      3         1.6100000000e+08                        116249
     24      2         1.6150000000e+08                        116250
     24      2         1.6200000000e+08                        116254
     31      3         1.6350000000e+08                        116255
     22      2         1.6400000000e+08                        116256
     22      2         1.6450000000e+08                        116260
     22      2         1.6500000000e+08                        116262
     31      3         1.6550000000e+08                        116265
     22      2         1.6600000000e+08                        116270
     24      2         1.6650000000e+08                        116274
     24      2         1.6700000000e+08                        116276
     31      3         1.6750000000e+08                        116277
     24      2         1.6800000000e+08                        116278
     31      3         1.6850000000e+08                        116281
     31      3         1.6900000000e+08                        116287
     24      2         1.6950000000e+08                        116288
     24      2         1.7000000000e+08                        116292
     31      3         1.7050000000e+08                        116297
     24      2         1.7100000000e+08                        116298
     31      3         1.7150000000e+08                        116299
     31      3         1.7200000000e+08                        116301
     24      2         1.7250000000e+08                        116304
     31      3         1.7300000000e+08                        116307
     31      3         1.7350000000e+08                        116309
     22      2         1.7400000000e+08                        116314
     24      2         1.7500000000e+08                        116318
     24      2         1.7600000000e+08                        116320
     24      2         1.7650000000e+08                        116322
     31      3         1.7700000000e+08                        116323
     24      2         1.7750000000e+08                        116330
     29      3         1.7800000000e+08                        369437
     32      3         4.1600000000e+08                        369443
     32      3         4.1650000000e+08                        369447
     32      3         4.1700000000e+08                        369453
     32      3         4.1750000000e+08                        369461
     32      3         4.1800000000e+08                        369475
     30      3         4.1850000000e+08                        369479
     30      3         4.1900000000e+08                        369493
     32      3         4.1950000000e+08                        369495
     30      3         4.2000000000e+08                        369503
     15      1         4.2050000000e+08                        369514
     30      3         4.2100000000e+08                        369521
     30      3         4.2150000000e+08                        369525
     15      1         4.2200000000e+08                        369534
      9      1         4.2250000000e+08                        784020
     32      3         4.3650000000e+08                        784021
     32      3         4.3700000000e+08                        784023
     32      3         4.3750000000e+08                        784029
     30      3         4.3800000000e+08                        784035
     30      3         4.3850000000e+08                        784041
     30      3         4.3900000000e+08                        784053
     30      3         4.3950000000e+08                        784057
     30      3         4.4000000000e+08                        784061
     30      3         4.4050000000e+08                        784065
     32      3         4.4100000000e+08                        784071
     32      3         4.4150000000e+08                        784073
     32      3         4.4200000000e+08                        784081
     30      3         4.4250000000e+08                        784085
     30      3         4.4300000000e+08                        784089
     30      3         4.4350000000e+08                        784101
     30      3         4.4400000000e+08                        784109
     10      1         4.4450000000e+08                        880650
      7      0         4.4750000000e+08                        880651
      7      0         4.4800000000e+08                        880655
      7      0         4.4950000000e+08                        880659
      7      0         4.5000000000e+08                        880665
      7      0         4.5050000000e+08                        880667
      7      0         4.5150000000e+08                        880669
      7      0         4.5200000000e+08                        880671
      7      0         4.5300000000e+08                        880673
      7      0         4.5350000000e+08                        880675
      7      0         4.5450000000e+08                        880679
      7      0         4.5500000000e+08                        880681
      7      0         4.5600000000e+08                        880685
      7      0         4.5650000000e+08                        880687
      3      0         4.5750000000e+08                       1607515
     23      2         4.8350000000e+08                       1607518
     23      2         4.8400000000e+08                       1607520
      6      0         4.8450000000e+08                       1607521
      8      0         4.8600000000e+08                       1607523
      6      0         4.8650000000e+08                       1607525
      6      0         4.8700000000e+08                       1607527
      8      0         4.8800000000e+08                       1607529
      8      0         4.8850000000e+08                       1607531
     23      2         4.8950000000e+08                       1607532
      6      0         4.9000000000e+08                       1607533
      8      0         4.9050000000e+08                       1607535
      8      0         4.9200000000e+08                       1607537
      6      0         4.9450000000e+08                       1607541
     23      2         4.9600000000e+08                       1607542
      8      0         4.9650000000e+08                       1607543
      8      0         4.9700000000e+08                       1607545
      6      0         4.9750000000e+08                       1607549
      6      0         4.9900000000e+08                       1607551
      8      0         5.0150000000e+08                       1607553
      8      0         5.0250000000e+08                       1607559
      6      0         5.0300000000e+08                       1607561
     23      2         5.0350000000e+08                       1607564
      6      0         5.0400000000e+08                       1607565
     23      2         5.0450000000e+08                       1607566
      8      0         5.0500000000e+08                       1607569
      6      0         5.0550000000e+08                       1607571
     23      2         5.0650000000e+08                       1607572
      6      0         5.0700000000e+08                       1607573
     23      2         5.0750000000e+08                       1607576
      6      0         5.0800000000e+08                       1607579
      6      0         5.0900000000e+08                       1607581
      6      0         5.1050000000e+08                       1607583
      8      0         5.1150000000e+08                       1607585
     23      2         5.1700000000e+08                       1607586
      6      0         5.1750000000e+08                       1607587
      8      0         5.1800000000e+08                       1607591
      8      0         5.1850000000e+08                       1607593
     23      2         5.2100000000e+08                       1607594
      6      0         5.2200000000e+08                       1607595
      6      0         5.2250000000e+08                       1607597
     23      2         5.2300000000e+08                       1607598
      6      0         5.2350000000e+08                       1607599
      5      0         5.2650000000e+08                       2535791
      6      0         5.5800000000e+08                       2535795
      6      0         5.5900000000e+08                       2535797
     23      2         5.6000000000e+08                       2535798
      8      0         5.6050000000e+08                       2535799
      6      0         5.6100000000e+08                       2535801
     23      2         5.6150000000e+08                       2535804
      8      0         5.6200000000e+08                       2535805
     23      2         5.6250000000e+08                       2535806
      5      0         5.6300000000e+08                       3543715
      7      0         5.9800000000e+08                       3543717
      7      0         5.9850000000e+08                       3543719
      7      0         5.9900000000e+08                       3543723
      7      0         5.9950000000e+08                       3543725
      7      0         6.0000000000e+08                       3543727
      1      0         6.0050000000e+08                       3996859
     23      2         6.1600000000e+08                       3996862
      6      0         6.1650000000e+08                       3996863
     23      2         6.1700000000e+08                       3996864
      8      0         6.1750000000e+08                       3996865
      6      0         6.1800000000e+08                       3996867
      6      0         6.1950000000e+08                       3996869
      6      0         6.2000000000e+08                       3996871
      6      0         6.2150000000e+08                       3996873
      8      0         6.2250000000e+08                       3996875
      6      0         6.2300000000e+08                       3996877
      6      0         6.2400000000e+08                       3996881
      8      0         6.2450000000e+08                       3996883
      4      0         6.2550000000e+08                       4882076
      7      0         6.5650000000e+08                       4882078
      7      0         6.5700000000e+08                       4882080
     10      1         6.5800000000e+08                       4890211
      7      0         6.5850000000e+08                       4890216
      7      0         6.5900000000e+08                       4890222
      7      0         6.6000000000e+08                       4890224
      7      0         6.6100000000e+08                       4890226
      7      0         6.6250000000e+08                       4890228
     16      1         6.6300000000e+08                       4890231
      7      0         6.6350000000e+08                       4890234
      5      0         6.6400000000e+08                       7122830
      7      0         7.4050000000e+08                       7122832
      7      0         7.4100000000e+08                       7122834
      2      0         7.4200000000e+08                       9611504
     23      2         8.2650000000e+08                       9611505
      8      0         8.2700000000e+08                       9611508
      6      0         8.2750000000e+08                       9611510
     23      2         8.2800000000e+08                       9611513
      8      0         8.2850000000e+08                       9611514
      8      0         8.3000000000e+08                       9611516
     23      2         8.3150000000e+08                       9611517
      8      0         8.3200000000e+08                       9611520
      6      0         8.3400000000e+08                       9611524
     23      2         8.3450000000e+08                       9611525
      8      0         8.3500000000e+08                       9611526
      6      0         8.3600000000e+08                       9611528
      8      0         8.3700000000e+08                       9611530
      6      0         8.3900000000e+08                       9611532
     23      2         8.4050000000e+08                       9611533
     23      2         8.4100000000e+08                       9611535
      6      0         8.4150000000e+08                       9611536
      8      0         8.4300000000e+08                       9611540
      6      0         8.4750000000e+08                       9611542
     23      2         8.4800000000e+08                       9611545
      6      0         8.4850000000e+08                       9611546
      8      0         8.4950000000e+08                       9611548
      6      0         8.5050000000e+08                       9611550
      6      0         8.5200000000e+08                       9611552
      4      0         8.5250000000e+08                      10088617
      6      0         8.7050000000e+08                      10088619
      8      0         8.7250000000e+08                      10088621
      8      0         8.7400000000e+08                      10088623
      6      0         8.7700000000e+08                      10088625
      6      0         8.7750000000e+08                      10088627
      8      0         8.7950000000e+08                      10088629
      6      0         8.8000000000e+08                      10088631
      6      0         8.8100000000e+08                      10088633
      6      0         8.8150000000e+08                      10088635
      8      0         8.8250000000e+08                      10088637
      6      0         8.8350000000e+08                      10088641
      8      0         8.8400000000e+08                      10088643
      6      0         8.8450000000e+08                      10088645
     23      2         8.8500000000e+08                      10088646
      8      0         8.8550000000e+08                      10088647
     23      2         8.9050000000e+08                      10088648
      6      0         8.9100000000e+08                      10088651
     23      2         8.9150000000e+08                      10088652
      8      0         8.9200000000e+08                      10088653
      4      0         8.9250000000e+08                      10325664
      8      0         9.0450000000e+08                      10325666
     23      2         9.0500000000e+08                      10325669
      8      0         9.0550000000e+08                      10325670
     23      2         9.0750000000e+08                      10325671
     23      2         9.0800000000e+08                      10325673
      6      0         9.0850000000e+08                      10325674
      1      0         9.0900000000e+08                      10642537
      8      0         9.2150000000e+08                      10642539
      1      0         9.2250000000e+08                      12147631
     14      1         9.7450000000e+08                      12147632
      7      0         9.7500000000e+08                      12147635
      7      0         9.7550000000e+08                      12147639
      7      0         9.7600000000e+08                      12147643
      7      0         9.7700000000e+08                      12147647
      7      0         9.7850000000e+08                      12147649
      1      0         9.7950000000e+08                      12686141
      8      0         9.9800000000e+08                      12686143
     23      2         9.9850000000e+08                      12686144
      4      0         9.9900000000e+08                      12847807
