     29      3         0.0000000000e+00                             0
     29      3         5.0000000000e+05                         53789
     24      2         5.1000000000e+07                         53792
     22      2         5.1500000000e+07                         53794
     24      2         5.2000000000e+07                         53796
     31      3         5.2500000000e+07                         53801
     24      2         5.3000000000e+07                         53802
     24      2         5.3500000000e+07                         53804
     22      2         5.4000000000e+07                         53806
     31      3         5.4500000000e+07                         53811
     22      2         5.5000000000e+07                         53812
     22      2         5.5500000000e+07                         53818
     22      2         5.6000000000e+07                         53820
     22      2         5.6500000000e+07                         53826
     22      2         5.7500000000e+07                         53828
     22      2         5.8000000000e+07                         53832
     24      2         5.8500000000e+07                         53838
     22      2         5.9000000000e+07                         53840
     24      2         5.9500000000e+07                         53842
     22      2         6.0500000000e+07                         53844
     31      3         6.1000000000e+07                         53847
     24      2         6.1500000000e+07                         53852
     24      2         6.2000000000e+07                         53858
     24      2         6.2500000000e+07                         53862
     24      2         6.3000000000e+07                         53864
     24      2         6.3500000000e+07                         53868
     24      2         6.4000000000e+07                         53870
     24      2         6.5000000000e+07                         53874
     24      2         6.6000000000e+07                         53878
     22      2         6.7000000000e+07                         53882
     31      3         6.7500000000e+07                         53885
     31      3         6.8000000000e+07                         53889
     31      3         6.8500000000e+07                         53893
     24      2         6.9000000000e+07                         53898
     24      2         6.9500000000e+07                         53904
     24      2         7.0500000000e+07                         53906
     24      2         7.1000000000e+07                         53912
     22      2         7.1500000000e+07                         53914
     22      2         7.2000000000e+07                         53920
     24      2         7.2500000000e+07                         53922
     31      3         7.3000000000e+07                         53927
     31      3         7.3500000000e+07                         53929
     31      3         7.4000000000e+07                         53933
     24      2         7.4500000000e+07                         53934
     31      3         7.5000000000e+07                         53937
     22      2         7.5500000000e+07                         53940
     24      2         7.7000000000e+07                         53946
     24      2         7.7500000000e+07                         53948
     22      2         7.8000000000e+07                         53950
     22      2         7.8500000000e+07                         53956
     22      2         7.9000000000e+07                         53958
     31      3         7.9500000000e+07                         53959
     22      2         8.0000000000e+07                         53964
     24      2         8.0500000000e+07                         53968
     22      2         8.1000000000e+07                         53972
     24      2         8.1500000000e+07                         53976
     22      2         8.2000000000e+07                         53980
     31      3         8.2500000000e+07                         53983
     31      3         8.3000000000e+07                         53991
     22      2         8.3500000000e+07                         53996
     24      2         8.4500000000e+07                         54000
     22      2         8.5000000000e+07                         54004
     31      3         8.5500000000e+07                         54005
     24      2         8.6000000000e+07                         54008
     22      2         8.6500000000e+07                         54012
     24      2         8.7000000000e+07                         54016
     24      2         8.7500000000e+07                         54018
     24      2         8.8000000000e+07                         54020
     22      2         8.8500000000e+07                         54024
     22      2         8.9000000000e+07                         54026
     31      3         8.9500000000e+07                         54029
     24      2         9.0000000000e+07                         54032
     22      2         9.1000000000e+07                         54034
     22      2         9.1500000000e+07                         54040
     31      3         9.2000000000e+07                         54041
     17      2         9.2500000000e+07                         77320
      8      0         1.2050000000e+08                         77321
      1      0         1.2100000000e+08                       2452929
      8      0         2.0250000000e+08                       2452931
      6      0         2.0300000000e+08                       2452935
      6      0         2.0550000000e+08                       2452937
     23      2         2.0600000000e+08                       2452938
      8      0         2.0650000000e+08                       2452941
      8      0         2.0900000000e+08                       2452943
      8      0         2.1000000000e+08                       2452947
     23      2         2.1050000000e+08                       2452948
      8      0         2.1100000000e+08                       2452949
     23      2         2.1150000000e+08                       2452950
      8      0         2.1200000000e+08                       2452951
      5      0         2.1350000000e+08                       4009477
      7      0         2.6600000000e+08                       4009479
      7      0         2.6650000000e+08                       4009481
      7      0         2.6700000000e+08                       4009485
      7      0         2.6750000000e+08                       4009487
      7      0         2.6950000000e+08                       4009489
     13      1         2.7000000000e+08                       4514252
      7      0         2.8700000000e+08                       4514253
      7      0         2.8750000000e+08                       4514257
     14      1         2.8800000000e+08                       4514258
      7      0         2.8850000000e+08                       4514261
      7      0         2.8900000000e+08                       4514265
      7      0         2.8950000000e+08                       4514269
      7      0         2.9150000000e+08                       4514271
     14      1         2.9200000000e+08                       4514272
      7      0         2.9250000000e+08                       4514275
      7      0         2.9300000000e+08                       4514279
     16      1         2.9350000000e+08                       4514280
      7      0         2.9400000000e+08                       4514283
      7      0         2.9500000000e+08                       4514287
      7      0         2.9650000000e+08                       4514291
      7      0         2.9700000000e+08                       4514295
      7      0         2.9750000000e+08                       4514299
      7      0         2.9850000000e+08                       4514301
      7      0         2.9950000000e+08                       4514303
      7      0         3.0050000000e+08                       4514307
      7      0         3.0150000000e+08                       4514313
      7      0         3.0200000000e+08                       4514315
     16      1         3.0250000000e+08                       4514316
      1      0         3.0300000000e+08                       7673602
      8      0         4.1450000000e+08                       7673604
      6      0         4.1650000000e+08                       7673608
      8      0         4.1850000000e+08                       7673610
      8      0         4.2250000000e+08                       7673612
      6      0         4.2350000000e+08                       7673614
     23      2         4.2500000000e+08                       7673617
      8      0         4.2550000000e+08                       7673618
      6      0         4.2600000000e+08                       7673620
      8      0         4.2700000000e+08                       7673622
     23      2         4.2850000000e+08                       7673623
      6      0         4.2900000000e+08                       7673626
     23      2         4.3050000000e+08                       7673629
      6      0         4.3100000000e+08                       7673630
      8      0         4.3250000000e+08                       7673632
      8      0         4.3350000000e+08                       7673634
      8      0         4.3500000000e+08                       7673636
     23      2         4.3900000000e+08                       7673637
      8      0         4.3950000000e+08                       7673638
      8      0         4.4150000000e+08                       7673640
      6      0         4.4200000000e+08                       7673642
      4      0         4.4300000000e+08                       8396140
      6      0         4.7200000000e+08                       8396142
     23      2         4.7300000000e+08                       8396143
      1      0         4.7350000000e+08                       8427824
      6      0         4.7650000000e+08                       8427826
      6      0         4.7700000000e+08                       8427828
      6      0         4.7850000000e+08                       8427830
      8      0         4.7900000000e+08                       8427832
      8      0         4.8100000000e+08                       8427836
     23      2         4.8150000000e+08                       8427837
      6      0         4.8200000000e+08                       8427838
      8      0         4.8250000000e+08                       8427840
      6      0         4.8350000000e+08                       8427842
      8      0         4.8400000000e+08                       8427844
      6      0         4.8450000000e+08                       8427846
      6      0         4.8550000000e+08                       8427848
      4      0         4.8600000000e+08                      12191281
      6      0         6.1300000000e+08                      12191283
      8      0         6.1350000000e+08                      12191285
      8      0         6.1400000000e+08                      12191287
      8      0         6.1550000000e+08                      12191289
      8      0         6.1600000000e+08                      12191291
     23      2         6.1700000000e+08                      12191292
      3      0         6.1750000000e+08                      14959937
      7      0         7.1150000000e+08                      14959941
      7      0         7.1200000000e+08                      14959943
      7      0         7.1250000000e+08                      14959947
      5      0         7.1300000000e+08                      15509743
     23      2         7.3200000000e+08                      15509744
      8      0         7.3250000000e+08                      15509745
      8      0         7.3300000000e+08                      15509747
      8      0         7.3600000000e+08                      15509749
     23      2         7.4250000000e+08                      15509750
      8      0         7.4300000000e+08                      15509751
     23      2         7.4350000000e+08                      15509752
      6      0         7.4400000000e+08                      15509753
      8      0         7.4500000000e+08                      15509755
     23      2         7.4550000000e+08                      15509758
      6      0         7.4600000000e+08                      15509759
      6      0         7.5000000000e+08                      15509761
     23      2         7.5050000000e+08                      15509762
      8      0         7.5100000000e+08                      15509763
     23      2         7.5250000000e+08                      15509766
      8      0         7.5300000000e+08                      15509767
      6      0         7.5600000000e+08                      15509769
     23      2         7.5650000000e+08                      15509770
      8      0         7.5700000000e+08                      15509771
     23      2         7.5950000000e+08                      15509772
      8      0         7.6000000000e+08                      15509775
      6      0         7.6100000000e+08                      15509777
      6      0         7.6150000000e+08                      15509779
     23      2         7.6200000000e+08                      15509780
      6      0         7.6250000000e+08                      15509781
      6      0         7.6450000000e+08                      15509783
      2      0         7.6550000000e+08                      19324263
      8      0         8.9400000000e+08                      19324265
      8      0         8.9550000000e+08                      19324267
     23      2         8.9650000000e+08                      19324270
      6      0         8.9700000000e+08                      19324273
      8      0         8.9750000000e+08                      19324275
     23      2         8.9900000000e+08                      19324278
      5      0         8.9950000000e+08                      19464229
      8      0         9.0550000000e+08                      19464231
      6      0         9.0600000000e+08                      19464233
      6      0         9.0800000000e+08                      19464235
      6      0         9.0850000000e+08                      19464237
     23      2         9.1000000000e+08                      19464240
     23      2         9.1050000000e+08                      19464242
      6      0         9.1100000000e+08                      19464243
     23      2         9.1250000000e+08                      19464244
      8      0         9.1300000000e+08                      19464245
     23      2         9.1350000000e+08                      19464246
      6      0         9.1400000000e+08                      19464247
      4      0         9.1550000000e+08                      22651151
