      9      1         0.0000000000e+00                             0
      9      1         5.0000000000e+05                         30902
      7      0         1.5000000000e+06                         30903
      7      0         2.0000000000e+06                         30907
      7      0         2.5000000000e+06                         30909
      7      0         3.5000000000e+06                         30911
      7      0         4.5000000000e+06                         30913
      7      0         5.0000000000e+06                         30917
      7      0         5.5000000000e+06                         30919
      9      1         6.0000000000e+06                        112902
     32      3         9.0000000000e+06                        112907
     15      1         9.5000000000e+06                        112912
     30      3         1.0000000000e+07                        112915
     30      3         1.0500000000e+07                        112919
     30      3         1.1000000000e+07                        112925
     30      3         1.1500000000e+07                        112935
     30      3         1.2000000000e+07                        112939
     30      3         1.2500000000e+07                        112955
     30      3         1.3000000000e+07                        112959
     32      3         1.3500000000e+07                        112965
     30      3         1.4000000000e+07                        112973
     32      3         1.4500000000e+07                        112979
     30      3         1.5000000000e+07                        112985
     32      3         1.5500000000e+07                        112991
     30      3         1.6000000000e+07                        112997
     32      3         1.6500000000e+07                        113005
     32      3         1.7000000000e+07                        113007
     30      3         1.7500000000e+07                        113015
     32      3         1.8000000000e+07                        113017
     15      1         1.8500000000e+07                        113018
     32      3         1.9000000000e+07                        113025
     32      3         1.9500000000e+07                        113029
     32      3         2.0000000000e+07                        113035
     30      3         2.0500000000e+07                        113041
     32      3         2.1000000000e+07                        113049
     15      1         2.1500000000e+07                        113056
     32      3         2.2000000000e+07                        113063
     30      3         2.2500000000e+07                        113077
     15      1         2.3000000000e+07                        113088
     15      1         2.3500000000e+07                        113094
     30      3         2.4000000000e+07                        113101
     30      3         2.4500000000e+07                        113107
     32      3         2.5000000000e+07                        113113
     30      3         2.5500000000e+07                        113119
     32      3         2.6000000000e+07                        113125
     32      3         2.6500000000e+07                        113139
     30      3         2.7000000000e+07                        113147
     32      3         2.7500000000e+07                        113153
     10      1         2.8000000000e+07                        276611
      7      0         3.4000000000e+07                        276616
      7      0         3.4500000000e+07                        276618
      7      0         3.5000000000e+07                        276620
      7      0         3.5500000000e+07                        276626
      7      0         3.6000000000e+07                        276628
      7      0         3.6500000000e+07                        276630
      7      0         3.7000000000e+07                        276632
      7      0         3.8000000000e+07                        276634
      7      0         3.8500000000e+07                        276636
      7      0         3.9000000000e+07                        276638
     14      1         4.0000000000e+07                        276639
      7      0         4.0500000000e+07                        276640
      7      0         4.1500000000e+07                        276642
      7      0         4.2000000000e+07                        276644
      7      0         4.2500000000e+07                        276646
      7      0         4.3500000000e+07                        276648
      7      0         4.4500000000e+07                        276650
      7      0         4.5000000000e+07                        276652
      1      0         4.5500000000e+07                        957817
      8      0         6.9500000000e+07                        957819
     23      2         7.1500000000e+07                        957820
      8      0         7.2000000000e+07                        957821
     23      2         7.2500000000e+07                        957824
      6      0         7.3000000000e+07                        957827
      8      0         7.4000000000e+07                        957829
     23      2         7.5000000000e+07                        957830
      8      0         7.5500000000e+07                        957831
      6      0         7.8500000000e+07                        957833
      6      0         7.9000000000e+07                        957835
      6      0         8.2500000000e+07                        957837
     23      2         8.3000000000e+07                        957838
      6      0         8.3500000000e+07                        957839
      8      0         8.4500000000e+07                        957841
      8      0         8.5000000000e+07                        957843
     23      2         8.8000000000e+07                        957844
      1      0         8.8500000000e+07                       4403967
      6      0         2.0500000000e+08                       4403969
     23      2         2.0550000000e+08                       4403972
     23      2         2.0600000000e+08                       4403974
      8      0         2.0650000000e+08                       4403975
      8      0         2.0750000000e+08                       4403977
     23      2         2.0950000000e+08                       4403978
      8      0         2.1000000000e+08                       4403981
      1      0         2.1050000000e+08                       4416969
      7      0         2.1100000000e+08                       4416975
      7      0         2.1150000000e+08                       4416977
      7      0         2.1200000000e+08                       4416979
      5      0         2.1250000000e+08                       5379856
      7      0         2.4600000000e+08                       5379858
      7      0         2.4700000000e+08                       5379860
      7      0         2.5000000000e+08                       5379864
      7      0         2.5050000000e+08                       5379866
      7      0         2.5100000000e+08                       5379870
      7      0         2.5200000000e+08                       5379874
      7      0         2.5300000000e+08                       5379876
      7      0         2.5350000000e+08                       5379878
      7      0         2.5450000000e+08                       5379880
      7      0         2.5500000000e+08                       5379884
      7      0         2.5650000000e+08                       5379888
      1      0         2.5750000000e+08                       6169510
     23      2         2.8550000000e+08                       6169515
      6      0         2.8650000000e+08                       6169518
     23      2         2.8850000000e+08                       6169519
      6      0         2.8900000000e+08                       6169520
     23      2         2.9000000000e+08                       6169521
      6      0         2.9050000000e+08                       6169522
      6      0         2.9100000000e+08                       6169526
      6      0         2.9250000000e+08                       6169528
      6      0         2.9350000000e+08                       6169530
      8      0         2.9500000000e+08                       6169532
      8      0         2.9550000000e+08                       6169534
      8      0         2.9650000000e+08                       6169536
      8      0         2.9800000000e+08                       6169538
      8      0         2.9950000000e+08                       6169540
     23      2         3.0000000000e+08                       6169541
      4      0         3.0050000000e+08                       7047724
      8      0         3.3250000000e+08                       7047726
      5      0         3.3350000000e+08                       7315095
      6      0         3.4550000000e+08                       7315097
      6      0         3.4600000000e+08                       7315099
     23      2         3.4650000000e+08                       7315100
      8      0         3.4700000000e+08                       7315101
      6      0         3.4800000000e+08                       7315103
     23      2         3.4900000000e+08                       7315104
      3      0         3.4950000000e+08                      11437260
      8      0         4.9000000000e+08                      11437262
     23      2         4.9100000000e+08                      11437265
      6      0         4.9150000000e+08                      11437266
      6      0         4.9200000000e+08                      11437268
      6      0         4.9250000000e+08                      11437270
      6      0         4.9400000000e+08                      11437272
     23      2         4.9450000000e+08                      11437273
      8      0         4.9500000000e+08                      11437274
      6      0         4.9600000000e+08                      11437276
      6      0         4.9650000000e+08                      11437280
      6      0         4.9700000000e+08                      11437282
      8      0         4.9800000000e+08                      11437284
      8      0         4.9900000000e+08                      11437286
     23      2         5.0050000000e+08                      11437287
      8      0         5.0100000000e+08                      11437288
      6      0         5.0150000000e+08                      11437290
      6      0         5.0250000000e+08                      11437294
      8      0         5.0350000000e+08                      11437296
      8      0         5.0400000000e+08                      11437300
      6      0         5.0450000000e+08                      11437302
      8      0         5.0500000000e+08                      11437304
     23      2         5.0650000000e+08                      11437305
      8      0         5.0700000000e+08                      11437306
      6      0         5.0750000000e+08                      11437308
      8      0         5.0900000000e+08                      11437312
      8      0         5.0950000000e+08                      11437316
      8      0         5.1050000000e+08                      11437318
      8      0         5.1200000000e+08                      11437320
      6      0         5.1250000000e+08                      11437324
      6      0         5.1300000000e+08                      11437326
     23      2         5.1350000000e+08                      11437329
      5      0         5.1400000000e+08                      14490675
     23      2         6.1850000000e+08                      14490676
      6      0         6.1900000000e+08                      14490677
      6      0         6.1950000000e+08                      14490679
     23      2         6.2050000000e+08                      14490680
      6      0         6.2100000000e+08                      14490681
      8      0         6.2350000000e+08                      14490683
      8      0         6.2450000000e+08                      14490687
      8      0         6.2500000000e+08                      14490689
      8      0         6.2550000000e+08                      14490691
     23      2         6.2600000000e+08                      14490692
      6      0         6.2650000000e+08                      14490697
      6      0         6.2700000000e+08                      14490699
      6      0         6.2850000000e+08                      14490701
      8      0         6.3050000000e+08                      14490703
      6      0         6.3100000000e+08                      14490705
     23      2         6.3250000000e+08                      14490708
      8      0         6.3300000000e+08                      14490709
      8      0         6.3450000000e+08                      14490713
     23      2         6.3500000000e+08                      14490716
      8      0         6.3600000000e+08                      14490717
     23      2         6.3950000000e+08                      14490718
      8      0         6.4000000000e+08                      14490719
     23      2         6.4050000000e+08                      14490720
      6      0         6.4100000000e+08                      14490721
      6      0         6.4150000000e+08                      14490723
      6      0         6.4250000000e+08                      14490725
     23      2         6.4300000000e+08                      14490726
      8      0         6.4350000000e+08                      14490727
     23      2         6.4450000000e+08                      14490730
      8      0         6.4500000000e+08                      14490731
     23      2         6.4600000000e+08                      14490732
     23      2         6.4650000000e+08                      14490734
      8      0         6.4700000000e+08                      14490735
      6      0         6.5400000000e+08                      14490737
     23      2         6.5450000000e+08                      14490738
     23      2         6.5500000000e+08                      14490740
      8      0         6.5550000000e+08                      14490741
      6      0         6.5650000000e+08                      14490743
      8      0         6.5750000000e+08                      14490747
     23      2         6.5800000000e+08                      14490748
      6      0         6.5900000000e+08                      14490749
      8      0         6.6000000000e+08                      14490753
     23      2         6.6250000000e+08                      14490754
      8      0         6.6300000000e+08                      14490755
     23      2         6.6450000000e+08                      14490756
      1      0         6.6500000000e+08                      17009301
      6      0         7.5050000000e+08                      17009303
     23      2         7.5200000000e+08                      17009304
      6      0         7.5250000000e+08                      17009305
      8      0         7.5500000000e+08                      17009307
      8      0         7.5550000000e+08                      17009309
      6      0         7.5600000000e+08                      17009311
      8      0         7.5750000000e+08                      17009313
      6      0         7.5900000000e+08                      17009317
      8      0         7.5950000000e+08                      17009319
     23      2         7.6000000000e+08                      17009322
      6      0         7.6050000000e+08                      17009323
      8      0         7.6100000000e+08                      17009327
      8      0         7.6150000000e+08                      17009329
      6      0         7.6700000000e+08                      17009331
      8      0         7.6750000000e+08                      17009333
     23      2         7.6800000000e+08                      17009334
      6      0         7.6850000000e+08                      17009335
      8      0         7.7050000000e+08                      17009337
      4      0         7.7100000000e+08                      20165508
     23      2         8.7800000000e+08                      20165509
      8      0         8.7850000000e+08                      20165512
      8      0         8.7900000000e+08                      20165514
      8      0         8.8050000000e+08                      20165516
     23      2         8.8100000000e+08                      20165517
      5      0         8.8150000000e+08                      22874502
     23      2         9.7400000000e+08                      22874503
      8      0         9.7450000000e+08                      22874504
     23      2         9.7500000000e+08                      22874505
      6      0         9.7550000000e+08                      22874506
      8      0         9.7700000000e+08                      22874508
      6      0         9.7850000000e+08                      22874512
      8      0         9.7900000000e+08                      22874514
      6      0         9.8250000000e+08                      22874516
      8      0         9.8550000000e+08                      22874518
      6      0         9.8650000000e+08                      22874520
      6      0         9.8700000000e+08                      22874522
      6      0         9.8750000000e+08                      22874524
     23      2         9.8800000000e+08                      22874525
      8      0         9.8850000000e+08                      22874528
      8      0         9.9050000000e+08                      22874530
      3      0         9.9150000000e+08                      26280342
