     10      1         0.0000000000e+00                             0
     10      1         5.0000000000e+05                        197429
      7      0         7.0000000000e+06                        197432
      7      0         7.5000000000e+06                        197434
      7      0         8.5000000000e+06                        197436
      7      0         9.0000000000e+06                        197440
      7      0         1.1000000000e+07                        197444
      7      0         1.1500000000e+07                        197446
      7      0         1.2000000000e+07                        197450
     14      1         1.2500000000e+07                        197451
      7      0         1.3000000000e+07                        197452
      7      0         1.4500000000e+07                        197458
      7      0         1.6000000000e+07                        197460
      7      0         1.6500000000e+07                        197462
      7      0         1.7000000000e+07                        197466
     14      1         1.8000000000e+07                        197471
     16      1         1.8500000000e+07                        197477
      7      0         1.9000000000e+07                        197480
      7      0         1.9500000000e+07                        197484
      7      0         2.0000000000e+07                        197488
      7      0         2.0500000000e+07                        197490
      7      0         2.2000000000e+07                        197494
      7      0         2.2500000000e+07                        197496
     14      1         2.3000000000e+07                        197499
      7      0         2.3500000000e+07                        197502
      7      0         2.4000000000e+07                        197504
      7      0         2.6000000000e+07                        197510
      1      0         2.6500000000e+07                       1091045
      8      0         5.8000000000e+07                       1091047
      8      0         5.8500000000e+07                       1091049
     23      2         5.9500000000e+07                       1091050
     23      2         6.0000000000e+07                       1091052
      6      0         6.0500000000e+07                       1091053
      6      0         6.1000000000e+07                       1091055
     23      2         6.1500000000e+07                       1091056
      8      0         6.2000000000e+07                       1091059
     23      2         6.2500000000e+07                       1091060
      6      0         6.3000000000e+07                       1091061
      6      0         6.3500000000e+07                       1091063
      8      0         6.4000000000e+07                       1091065
      8      0         6.5500000000e+07                       1091067
     23      2         6.7000000000e+07                       1091068
      6      0         6.7500000000e+07                       1091069
      2      0         6.8000000000e+07                       2918653
      6      0         1.3100000000e+08                       2918655
      8      0         1.3150000000e+08                       2918657
     23      2         1.3200000000e+08                       2918658
      8      0         1.3250000000e+08                       2918659
      8      0         1.3300000000e+08                       2918661
      8      0         1.3350000000e+08                       2918663
     23      2         1.3500000000e+08                       2918666
      2      0         1.3550000000e+08                       3832255
      7      0         1.6650000000e+08                       3832259
      7      0         1.6700000000e+08                       3832261
      7      0         1.6750000000e+08                       3832263
      7      0         1.6800000000e+08                       3832265
      7      0         1.6900000000e+08                       3832267
      7      0         1.6950000000e+08                       3832269
      7      0         1.7100000000e+08                       3832271
      7      0         1.7150000000e+08                       3832275
      7      0         1.7200000000e+08                       3832277
      7      0         1.7250000000e+08                       3832281
      7      0         1.7350000000e+08                       3832283
     16      1         1.7400000000e+08                       3832288
      7      0         1.7450000000e+08                       3832291
      7      0         1.7500000000e+08                       3832295
      7      0         1.7600000000e+08                       3832297
      7      0         1.7800000000e+08                       3832299
      7      0         1.7850000000e+08                       3832301
      7      0         1.7900000000e+08                       3832305
      7      0         1.8200000000e+08                       3832307
      7      0         1.8250000000e+08                       3832311
      7      0         1.8400000000e+08                       3832313
      7      0         1.8600000000e+08                       3832315
      7      0         1.8650000000e+08                       3832317
      7      0         1.8750000000e+08                       3832319
      7      0         1.8800000000e+08                       3832321
      7      0         1.8850000000e+08                       3832323
      7      0         1.8900000000e+08                       3832325
     16      1         1.8950000000e+08                       3832326
      5      0         1.9000000000e+08                       4425571
      6      0         2.1350000000e+08                       4425573
      6      0         2.1400000000e+08                       4425575
      6      0         2.1450000000e+08                       4425577
      8      0         2.1500000000e+08                       4425579
      8      0         2.1850000000e+08                       4425581
      6      0         2.1900000000e+08                       4425583
      4      0         2.1950000000e+08                       4579450
     23      2         2.2500000000e+08                       4579451
      1      0         2.2550000000e+08                       5029054
     23      2         2.4100000000e+08                       5029055
      6      0         2.4150000000e+08                       5029056
      6      0         2.4250000000e+08                       5029058
      8      0         2.4300000000e+08                       5029060
      8      0         2.4500000000e+08                       5029062
      8      0         2.4550000000e+08                       5029064
      6      0         2.4600000000e+08                       5029066
     23      2         2.4650000000e+08                       5029069
      8      0         2.4700000000e+08                       5029070
      8      0         2.4900000000e+08                       5029072
     23      2         2.4950000000e+08                       5029075
      8      0         2.5000000000e+08                       5029076
     23      2         2.5050000000e+08                       5029079
      8      0         2.5100000000e+08                       5029080
      8      0         2.5250000000e+08                       5029082
      8      0         2.5300000000e+08                       5029086
      2      0         2.5600000000e+08                       7504999
     23      2         3.4300000000e+08                       7505000
      6      0         3.4350000000e+08                       7505001
     23      2         3.4450000000e+08                       7505002
      8      0         3.4500000000e+08                       7505003
      6      0         3.4550000000e+08                       7505005
      8      0         3.4600000000e+08                       7505007
     23      2         3.4700000000e+08                       7505010
      8      0         3.4750000000e+08                       7505011
     23      2         3.4800000000e+08                       7505012
      8      0         3.4850000000e+08                       7505013
      2      0         3.4900000000e+08                      11855681
      7      0         4.9700000000e+08                      11855683
      7      0         4.9750000000e+08                      11855687
      7      0         4.9800000000e+08                      11855689
      7      0         4.9850000000e+08                      11855691
      7      0         4.9900000000e+08                      11855693
      7      0         4.9950000000e+08                      11855695
     14      1         5.0000000000e+08                      11855696
      7      0         5.0050000000e+08                      11855699
      7      0         5.0100000000e+08                      11855703
      7      0         5.0300000000e+08                      11855705
      7      0         5.0350000000e+08                      11855707
     14      1         5.0600000000e+08                      11855708
      7      0         5.0650000000e+08                      11855711
      7      0         5.0700000000e+08                      11855713
      7      0         5.0800000000e+08                      11855715
      7      0         5.0850000000e+08                      11855717
      7      0         5.0900000000e+08                      11855719
      7      0         5.1050000000e+08                      11855721
      7      0         5.1100000000e+08                      11855723
     16      1         5.1150000000e+08                      11855730
      7      0         5.1200000000e+08                      11855733
      7      0         5.1250000000e+08                      11855735
      7      0         5.1350000000e+08                      11855737
     10      1         5.1400000000e+08                      11938301
     15      1         5.1700000000e+08                      11938307
     30      3         5.1750000000e+08                      11938316
     30      3         5.1800000000e+08                      11938320
     32      3         5.1850000000e+08                      11938328
     30      3         5.1900000000e+08                      11938332
     30      3         5.1950000000e+08                      11938340
     32      3         5.2000000000e+08                      11938350
     32      3         5.2050000000e+08                      11938358
     30      3         5.2100000000e+08                      11938364
     32      3         5.2150000000e+08                      11938366
     30      3         5.2200000000e+08                      11938370
     32      3         5.2250000000e+08                      11938378
     32      3         5.2300000000e+08                      11938382
     15      1         5.2350000000e+08                      11938385
     30      3         5.2400000000e+08                      11938398
     32      3         5.2450000000e+08                      11938408
     32      3         5.2500000000e+08                      11938410
     30      3         5.2550000000e+08                      11938414
     30      3         5.2600000000e+08                      11938420
     32      3         5.2650000000e+08                      11938428
     32      3         5.2700000000e+08                      11938438
     15      1         5.2750000000e+08                      11938445
     32      3         5.2800000000e+08                      11938452
     30      3         5.2850000000e+08                      11938460
     32      3         5.2900000000e+08                      11938470
     30      3         5.2950000000e+08                      11938476
     32      3         5.3000000000e+08                      11938478
     15      1         5.3050000000e+08                      11938481
     12      1         5.3100000000e+08                      12069959
      7      0         5.3550000000e+08                      12069962
      7      0         5.3600000000e+08                      12069964
      7      0         5.3650000000e+08                      12069968
      7      0         5.3700000000e+08                      12069974
     16      1         5.3750000000e+08                      12069977
      7      0         5.3800000000e+08                      12069982
      7      0         5.3950000000e+08                      12069984
      7      0         5.4000000000e+08                      12069986
      7      0         5.4050000000e+08                      12069988
      7      0         5.4100000000e+08                      12069990
      7      0         5.4200000000e+08                      12069992
      7      0         5.4250000000e+08                      12069996
      7      0         5.4350000000e+08                      12069998
      7      0         5.4550000000e+08                      12070002
      7      0         5.4600000000e+08                      12070004
      7      0         5.4700000000e+08                      12070008
     14      1         5.4800000000e+08                      12070011
      7      0         5.4850000000e+08                      12070016
      7      0         5.4900000000e+08                      12070018
      7      0         5.5000000000e+08                      12070022
      7      0         5.5050000000e+08                      12070028
      7      0         5.5100000000e+08                      12070030
      7      0         5.5200000000e+08                      12070036
      7      0         5.5250000000e+08                      12070040
      7      0         5.5300000000e+08                      12070042
      7      0         5.5350000000e+08                      12070044
      7      0         5.5400000000e+08                      12070046
      7      0         5.5450000000e+08                      12070048
      7      0         5.5500000000e+08                      12070050
      7      0         5.5650000000e+08                      12070054
      7      0         5.5700000000e+08                      12070056
      7      0         5.5750000000e+08                      12070058
      7      0         5.5900000000e+08                      12070064
      7      0         5.5950000000e+08                      12070068
      9      1         5.6000000000e+08                      12928894
      7      0         5.8900000000e+08                      12928895
      7      0         5.8950000000e+08                      12928897
      7      0         5.9000000000e+08                      12928901
      7      0         5.9100000000e+08                      12928905
      7      0         5.9250000000e+08                      12928907
      1      0         5.9300000000e+08                      13270505
      7      0         6.0500000000e+08                      13270507
      7      0         6.0550000000e+08                      13270509
      7      0         6.0600000000e+08                      13270513
      7      0         6.0700000000e+08                      13270515
      7      0         6.0750000000e+08                      13270519
      7      0         6.0800000000e+08                      13270521
      7      0         6.1000000000e+08                      13270523
      7      0         6.1150000000e+08                      13270525
      7      0         6.1200000000e+08                      13270529
      7      0         6.1300000000e+08                      13270533
      7      0         6.1350000000e+08                      13270535
      2      0         6.1400000000e+08                      13703280
      7      0         6.3100000000e+08                      13703282
      7      0         6.3150000000e+08                      13703284
     16      1         6.3200000000e+08                      13703285
      7      0         6.3250000000e+08                      13703286
      7      0         6.3300000000e+08                      13703288
      7      0         6.3400000000e+08                      13703290
      7      0         6.3500000000e+08                      13703292
      7      0         6.3550000000e+08                      13703294
      7      0         6.3700000000e+08                      13703296
      7      0         6.3750000000e+08                      13703298
      7      0         6.3800000000e+08                      13703302
      7      0         6.3950000000e+08                      13703308
      7      0         6.4100000000e+08                      13703310
      7      0         6.4150000000e+08                      13703312
      7      0         6.4200000000e+08                      13703314
      7      0         6.4250000000e+08                      13703318
      7      0         6.4350000000e+08                      13703320
      7      0         6.4400000000e+08                      13703322
      7      0         6.4450000000e+08                      13703324
      7      0         6.4550000000e+08                      13703326
      7      0         6.4600000000e+08                      13703328
      7      0         6.4650000000e+08                      13703330
      7      0         6.4700000000e+08                      13703334
      9      1         6.4750000000e+08                      14165761
      7      0         6.6300000000e+08                      14165764
      7      0         6.6350000000e+08                      14165766
      7      0         6.6400000000e+08                      14165770
      7      0         6.6600000000e+08                      14165772
     16      1         6.6750000000e+08                      14165775
      7      0         6.6800000000e+08                      14165778
      7      0         6.6850000000e+08                      14165780
      7      0         6.6900000000e+08                      14165784
      7      0         6.6950000000e+08                      14165786
      7      0         6.7000000000e+08                      14165788
     16      1         6.7050000000e+08                      14165789
      7      0         6.7100000000e+08                      14165790
      7      0         6.7200000000e+08                      14165796
      7      0         6.7300000000e+08                      14165798
      7      0         6.7350000000e+08                      14165800
     16      1         6.7500000000e+08                      14165801
      3      0         6.7550000000e+08                      14326472
      7      0         6.8150000000e+08                      14326474
      7      0         6.8200000000e+08                      14326478
      7      0         6.8350000000e+08                      14326486
      7      0         6.8500000000e+08                      14326488
      7      0         6.8550000000e+08                      14326494
      7      0         6.8600000000e+08                      14326496
      7      0         6.8650000000e+08                      14326498
      7      0         6.8750000000e+08                      14326500
      7      0         6.8800000000e+08                      14326504
      7      0         6.8850000000e+08                      14326506
      7      0         6.8900000000e+08                      14326508
      7      0         6.8950000000e+08                      14326510
      7      0         6.9000000000e+08                      14326512
      7      0         6.9100000000e+08                      14326514
      7      0         6.9200000000e+08                      14326516
     14      1         6.9250000000e+08                      14326517
      7      0         6.9300000000e+08                      14326518
      7      0         6.9400000000e+08                      14326522
      7      0         6.9450000000e+08                      14326524
      7      0         6.9500000000e+08                      14326526
      2      0         6.9600000000e+08                      16250673
      6      0         7.6400000000e+08                      16250675
     23      2         7.6500000000e+08                      16250676
      6      0         7.6550000000e+08                      16250677
      8      0         7.6900000000e+08                      16250679
     23      2         7.7250000000e+08                      16250680
      6      0         7.7300000000e+08                      16250683
      8      0         7.7400000000e+08                      16250685
      8      0         7.7550000000e+08                      16250689
      8      0         7.7650000000e+08                      16250691
      6      0         7.7700000000e+08                      16250693
      6      0         7.7750000000e+08                      16250695
      8      0         7.7850000000e+08                      16250697
      8      0         7.7900000000e+08                      16250699
     23      2         7.8050000000e+08                      16250702
      6      0         7.8100000000e+08                      16250703
      6      0         7.8150000000e+08                      16250705
     23      2         7.8300000000e+08                      16250706
      6      0         7.8350000000e+08                      16250707
      8      0         7.8450000000e+08                      16250709
      4      0         7.8550000000e+08                      18870776
      6      0         8.7450000000e+08                      18870778
     23      2         8.7500000000e+08                      18870781
      8      0         8.7550000000e+08                      18870782
      6      0         8.7650000000e+08                      18870784
     23      2         8.7700000000e+08                      18870785
      8      0         8.7750000000e+08                      18870786
     23      2         8.7800000000e+08                      18870787
      6      0         8.7850000000e+08                      18870788
      6      0         8.8000000000e+08                      18870790
      8      0         8.8100000000e+08                      18870792
      8      0         8.8200000000e+08                      18870794
     23      2         8.8350000000e+08                      18870797
     23      2         8.8400000000e+08                      18870799
      6      0         8.8450000000e+08                      18870802
      8      0         8.8600000000e+08                      18870804
      8      0         8.8750000000e+08                      18870806
      8      0         8.8850000000e+08                      18870808
     23      2         8.9100000000e+08                      18870809
      8      0         8.9150000000e+08                      18870810
      6      0         8.9200000000e+08                      18870812
      8      0         8.9300000000e+08                      18870816
      8      0         8.9350000000e+08                      18870818
      5      0         8.9400000000e+08                      19379370
      8      0         9.1200000000e+08                      19379372
      8      0         9.1500000000e+08                      19379374
      6      0         9.1750000000e+08                      19379376
     23      2         9.2050000000e+08                      19379377
      1      0         9.2100000000e+08                      20161947
      7      0         9.4850000000e+08                      20161949
      7      0         9.4900000000e+08                      20161955
      7      0         9.4950000000e+08                      20161957
      7      0         9.5050000000e+08                      20161959
      7      0         9.5100000000e+08                      20161961
      7      0         9.5150000000e+08                      20161963
      7      0         9.5200000000e+08                      20161965
      7      0         9.5300000000e+08                      20161967
      7      0         9.5350000000e+08                      20161969
      7      0         9.5400000000e+08                      20161973
      7      0         9.5500000000e+08                      20161975
      7      0         9.5550000000e+08                      20161977
      7      0         9.5600000000e+08                      20161979
      7      0         9.5650000000e+08                      20161981
      7      0         9.5750000000e+08                      20161983
      7      0         9.5950000000e+08                      20161985
      7      0         9.6050000000e+08                      20161987
      7      0         9.6100000000e+08                      20161989
      7      0         9.6200000000e+08                      20161991
      7      0         9.6250000000e+08                      20161993
      7      0         9.6300000000e+08                      20161995
      7      0         9.6350000000e+08                      20161997
     12      1         9.6400000000e+08                      20211627
      7      0         9.6550000000e+08                      20211628
      7      0         9.6600000000e+08                      20211630
      7      0         9.6650000000e+08                      20211632
      7      0         9.6700000000e+08                      20211634
      7      0         9.6800000000e+08                      20211636
      7      0         9.6950000000e+08                      20211640
      7      0         9.7000000000e+08                      20211642
      7      0         9.7050000000e+08                      20211648
     16      1         9.7100000000e+08                      20211649
      7      0         9.7150000000e+08                      20211652
      7      0         9.7200000000e+08                      20211654
      7      0         9.7250000000e+08                      20211658
      7      0         9.7400000000e+08                      20211664
      7      0         9.7500000000e+08                      20211666
      7      0         9.7600000000e+08                      20211670
      7      0         9.7650000000e+08                      20211672
      7      0         9.7700000000e+08                      20211674
      4      0         9.7750000000e+08                      22771497
