      5      0         0.0000000000e+00                             0
      5      0         5.0000000000e+05                       1446259
      7      0         4.9500000000e+07                       1446261
      7      0         5.0500000000e+07                       1446265
      7      0         5.1000000000e+07                       1446267
      7      0         5.1500000000e+07                       1446271
      7      0         5.2000000000e+07                       1446273
      4      0         5.3500000000e+07                       1616800
     23      2         6.0500000000e+07                       1616803
      6      0         6.1000000000e+07                       1616804
      8      0         6.1500000000e+07                       1616806
      6      0         6.3000000000e+07                       1616808
      8      0         6.3500000000e+07                       1616810
     23      2         6.5500000000e+07                       1616811
     23      2         6.6000000000e+07                       1616813
      6      0         6.6500000000e+07                       1616814
      6      0         6.8000000000e+07                       1616816
      8      0         6.9000000000e+07                       1616818
      8      0         7.0000000000e+07                       1616820
      6      0         7.1500000000e+07                       1616822
      1      0         7.3000000000e+07                       2088009
      7      0         8.9500000000e+07                       2088013
      4      0         9.0000000000e+07                       2911146
     23      2         1.1900000000e+08                       2911147
      8      0         1.2000000000e+08                       2911148
      5      0         1.2050000000e+08                       4477904
      7      0         1.7500000000e+08                       4477906
      7      0         1.7600000000e+08                       4477910
      7      0         1.7700000000e+08                       4477914
      7      0         1.7800000000e+08                       4477916
      7      0         1.7950000000e+08                       4477920
      7      0         1.8050000000e+08                       4477926
     16      1         1.8150000000e+08                       4477927
      7      0         1.8200000000e+08                       4477930
      7      0         1.8400000000e+08                       4477934
      7      0         1.8450000000e+08                       4477936
     14      1         1.8600000000e+08                       4477939
      7      0         1.8650000000e+08                       4477942
      7      0         1.8700000000e+08                       4477944
     16      1         1.8850000000e+08                       4477947
      7      0         1.8900000000e+08                       4477950
      7      0         1.8950000000e+08                       4477952
      7      0         1.9000000000e+08                       4477954
      7      0         1.9050000000e+08                       4477956
      7      0         1.9200000000e+08                       4477958
      7      0         1.9250000000e+08                       4477960
      7      0         1.9300000000e+08                       4477962
      7      0         1.9650000000e+08                       4477964
      7      0         1.9750000000e+08                       4477966
     14      1         1.9800000000e+08                       4477969
      7      0         1.9850000000e+08                       4477970
      7      0         1.9950000000e+08                       4477972
      7      0         2.0000000000e+08                       4477974
      7      0         2.0050000000e+08                       4477976
      7      0         2.0100000000e+08                       4477986
      7      0         2.0150000000e+08                       4477988
      7      0         2.0200000000e+08                       4477990
      7      0         2.0300000000e+08                       4477992
      7      0         2.0350000000e+08                       4477996
      7      0         2.0500000000e+08                       4478000
      7      0         2.0600000000e+08                       4478002
      7      0         2.0650000000e+08                       4478004
      7      0         2.0850000000e+08                       4478006
      7      0         2.0950000000e+08                       4478008
      7      0         2.1050000000e+08                       4478010
      7      0         2.1100000000e+08                       4478012
      7      0         2.1150000000e+08                       4478016
      7      0         2.1200000000e+08                       4478018
     16      1         2.1350000000e+08                       4478019
      7      0         2.1400000000e+08                       4478020
      7      0         2.1500000000e+08                       4478030
      7      0         2.1550000000e+08                       4478032
      7      0         2.1600000000e+08                       4478034
     14      1         2.1750000000e+08                       4478037
      7      0         2.1800000000e+08                       4478038
     16      1         2.1850000000e+08                       4478045
      7      0         2.1900000000e+08                       4478046
      7      0         2.1950000000e+08                       4478048
      7      0         2.2000000000e+08                       4478050
     12      1         2.2050000000e+08                       4575365
      7      0         2.2400000000e+08                       4575368
      7      0         2.2450000000e+08                       4575372
      7      0         2.2500000000e+08                       4575374
      7      0         2.2550000000e+08                       4575378
      7      0         2.2600000000e+08                       4575380
      7      0         2.2700000000e+08                       4575382
      7      0         2.2750000000e+08                       4575384
      7      0         2.2800000000e+08                       4575386
      7      0         2.2900000000e+08                       4575388
      7      0         2.2950000000e+08                       4575390
      7      0         2.3000000000e+08                       4575392
      7      0         2.3050000000e+08                       4575394
      7      0         2.3100000000e+08                       4575396
      7      0         2.3200000000e+08                       4575398
      7      0         2.3300000000e+08                       4575400
      7      0         2.3400000000e+08                       4575402
      7      0         2.3450000000e+08                       4575404
      7      0         2.3550000000e+08                       4575406
      7      0         2.3650000000e+08                       4575412
      1      0         2.3800000000e+08                       7622642
      6      0         3.4250000000e+08                       7622644
      6      0         3.4350000000e+08                       7622646
     23      2         3.4650000000e+08                       7622647
      6      0         3.4700000000e+08                       7622650
      6      0         3.4750000000e+08                       7622652
      8      0         3.4800000000e+08                       7622654
      6      0         3.5350000000e+08                       7622656
      6      0         3.5450000000e+08                       7622658
      8      0         3.5650000000e+08                       7622660
     23      2         3.5800000000e+08                       7622661
      3      0         3.5850000000e+08                       8556759
      1      0         3.9200000000e+08                       9890456
     23      2         4.3900000000e+08                       9890457
      6      0         4.3950000000e+08                       9890458
     23      2         4.4050000000e+08                       9890459
      6      0         4.4100000000e+08                       9890460
      8      0         4.4250000000e+08                       9890462
      6      0         4.4300000000e+08                       9890464
      6      0         4.4400000000e+08                       9890466
      6      0         4.4550000000e+08                       9890468
      6      0         4.4600000000e+08                       9890470
     23      2         4.4650000000e+08                       9890471
      8      0         4.4700000000e+08                       9890472
      6      0         4.4800000000e+08                       9890474
      1      0         4.4850000000e+08                      14700512
      3      0         6.1200000000e+08                      15320448
      6      0         6.3400000000e+08                      15320450
     23      2         6.3450000000e+08                      15320453
      1      0         6.3500000000e+08                      15488558
      7      0         6.4200000000e+08                      15488562
      7      0         6.4250000000e+08                      15488566
      7      0         6.4300000000e+08                      15488568
     14      1         6.4350000000e+08                      15488571
      7      0         6.4400000000e+08                      15488574
      7      0         6.4450000000e+08                      15488576
      7      0         6.4500000000e+08                      15488582
     16      1         6.4600000000e+08                      15488587
      7      0         6.4650000000e+08                      15488590
      7      0         6.4750000000e+08                      15488592
     16      1         6.4850000000e+08                      15488593
      7      0         6.4900000000e+08                      15488594
      7      0         6.4950000000e+08                      15488596
     14      1         6.5050000000e+08                      15488597
      7      0         6.5100000000e+08                      15488600
      7      0         6.5150000000e+08                      15488602
      7      0         6.5200000000e+08                      15488604
     14      1         6.5250000000e+08                      15488609
     14      1         6.5300000000e+08                      15488613
      7      0         6.5350000000e+08                      15488614
      7      0         6.5400000000e+08                      15488616
      7      0         6.5450000000e+08                      15488618
      7      0         6.5500000000e+08                      15488620
      7      0         6.5600000000e+08                      15488622
      7      0         6.5650000000e+08                      15488624
      1      0         6.5750000000e+08                      18052779
      7      0         7.4400000000e+08                      18052787
      7      0         7.4500000000e+08                      18052789
      7      0         7.4550000000e+08                      18052791
      7      0         7.4700000000e+08                      18052793
      7      0         7.4800000000e+08                      18052795
      7      0         7.4850000000e+08                      18052801
      7      0         7.4900000000e+08                      18052803
      7      0         7.4950000000e+08                      18052805
      7      0         7.5000000000e+08                      18052807
      7      0         7.5050000000e+08                      18052809
      7      0         7.5100000000e+08                      18052813
      7      0         7.5250000000e+08                      18052815
      7      0         7.5300000000e+08                      18052817
      7      0         7.5400000000e+08                      18052821
      7      0         7.5500000000e+08                      18052823
     16      1         7.5600000000e+08                      18052824
      7      0         7.5650000000e+08                      18052827
     14      1         7.5750000000e+08                      18052828
      7      0         7.5800000000e+08                      18052829
      7      0         7.5900000000e+08                      18052833
      7      0         7.5950000000e+08                      18052835
      7      0         7.6050000000e+08                      18052837
      7      0         7.6150000000e+08                      18052839
      7      0         7.6250000000e+08                      18052841
      7      0         7.6300000000e+08                      18052843
      7      0         7.6350000000e+08                      18052845
      7      0         7.6400000000e+08                      18052847
      4      0         7.6450000000e+08                      18103080
      2      0         7.6650000000e+08                      18385711
      8      0         7.7900000000e+08                      18385713
      4      0         7.8100000000e+08                      19520551
      6      0         8.2200000000e+08                      19520553
      8      0         8.2300000000e+08                      19520555
      8      0         8.2400000000e+08                      19520557
      6      0         8.2450000000e+08                      19520559
      6      0         8.2550000000e+08                      19520561
      8      0         8.2650000000e+08                      19520563
      8      0         8.2800000000e+08                      19520565
      8      0         8.2950000000e+08                      19520569
      6      0         8.3050000000e+08                      19520571
     23      2         8.3300000000e+08                      19520572
      6      0         8.3350000000e+08                      19520573
     23      2         8.3400000000e+08                      19520576
      6      0         8.3450000000e+08                      19520579
      4      0         8.3950000000e+08                      21065299
      6      0         8.9650000000e+08                      21065301
     23      2         8.9800000000e+08                      21065304
      6      0         8.9850000000e+08                      21065305
      6      0         9.0000000000e+08                      21065307
     23      2         9.0050000000e+08                      21065308
      6      0         9.0100000000e+08                      21065309
      8      0         9.0150000000e+08                      21065311
      8      0         9.0300000000e+08                      21065313
      8      0         9.0650000000e+08                      21065315
      8      0         9.0750000000e+08                      21065317
      6      0         9.0850000000e+08                      21065319
      6      0         9.1150000000e+08                      21065321
      6      0         9.1200000000e+08                      21065323
      6      0         9.1350000000e+08                      21065325
     23      2         9.1650000000e+08                      21065330
      6      0         9.1700000000e+08                      21065331
      8      0         9.1800000000e+08                      21065333
      6      0         9.1950000000e+08                      21065335
      6      0         9.2050000000e+08                      21065337
      6      0         9.2150000000e+08                      21065339
      6      0         9.2300000000e+08                      21065341
      8      0         9.2350000000e+08                      21065343
     23      2         9.2400000000e+08                      21065346
     23      2         9.2450000000e+08                      21065350
     23      2         9.2500000000e+08                      21065352
      6      0         9.2550000000e+08                      21065353
      8      0         9.2700000000e+08                      21065355
      8      0         9.2900000000e+08                      21065357
     23      2         9.2950000000e+08                      21065358
      8      0         9.3000000000e+08                      21065361
     23      2         9.3050000000e+08                      21065362
     23      2         9.3100000000e+08                      21065364
      8      0         9.3150000000e+08                      21065365
      6      0         9.3200000000e+08                      21065367
      8      0         9.3450000000e+08                      21065369
     23      2         9.3550000000e+08                      21065372
      8      0         9.3600000000e+08                      21065373
     23      2         9.3700000000e+08                      21065374
      6      0         9.3750000000e+08                      21065375
      6      0         9.3800000000e+08                      21065377
     23      2         9.3900000000e+08                      21065380
      8      0         9.3950000000e+08                      21065383
      8      0         9.4050000000e+08                      21065385
      6      0         9.4150000000e+08                      21065389
      1      0         9.4200000000e+08                      21083933
      8      0         9.4300000000e+08                      21083935
      6      0         9.4400000000e+08                      21083937
      8      0         9.4600000000e+08                      21083939
     23      2         9.4700000000e+08                      21083944
      3      0         9.4750000000e+08                      21112270
      8      0         9.5000000000e+08                      21112272
      6      0         9.5100000000e+08                      21112274
      6      0         9.5150000000e+08                      21112276
      2      0         9.5200000000e+08                      21199746
      6      0         9.5550000000e+08                      21199750
      6      0         9.5600000000e+08                      21199752
     23      2         9.5700000000e+08                      21199753
      6      0         9.5750000000e+08                      21199754
     23      2         9.5850000000e+08                      21199755
      6      0         9.5900000000e+08                      21199756
     23      2         9.6050000000e+08                      21199757
      8      0         9.6100000000e+08                      21199758
     23      2         9.6150000000e+08                      21199761
      6      0         9.6200000000e+08                      21199762
      6      0         9.6450000000e+08                      21199766
      6      0         9.6500000000e+08                      21199768
      6      0         9.6600000000e+08                      21199770
      6      0         9.6650000000e+08                      21199772
      6      0         9.7150000000e+08                      21199774
     23      2         9.7250000000e+08                      21199775
      8      0         9.7300000000e+08                      21199778
      8      0         9.7400000000e+08                      21199780
      8      0         9.7550000000e+08                      21199782
     23      2         9.7600000000e+08                      21199783
      8      0         9.7650000000e+08                      21199784
      8      0         9.7700000000e+08                      21199786
      8      0         9.7750000000e+08                      21199788
     23      2         9.7900000000e+08                      21199791
      6      0         9.7950000000e+08                      21199792
      6      0         9.8100000000e+08                      21199794
      6      0         9.8300000000e+08                      21199796
      8      0         9.8350000000e+08                      21199800
      8      0         9.8400000000e+08                      21199802
      6      0         9.8450000000e+08                      21199804
     23      2         9.8500000000e+08                      21199805
      8      0         9.8550000000e+08                      21199806
      6      0         9.8800000000e+08                      21199808
      8      0         9.8850000000e+08                      21199810
      8      0         9.8900000000e+08                      21199812
      6      0         9.9050000000e+08                      21199814
      8      0         9.9150000000e+08                      21199816
     23      2         9.9200000000e+08                      21199817
      8      0         9.9250000000e+08                      21199818
      6      0         9.9350000000e+08                      21199820
      8      0         9.9500000000e+08                      21199822
      8      0         9.9600000000e+08                      21199824
      6      0         9.9650000000e+08                      21199826
      8      0         9.9750000000e+08                      21199828
     23      2         9.9850000000e+08                      21199829
      6      0         9.9900000000e+08                      21199832
     20      2         9.9950000000e+08                      21200252
