      7      0         0.0000000000e+00                             0
      7      0         5.0000000000e+05                             3
      5      0         1.0000000000e+06                        508778
     23      2         2.2000000000e+07                        508779
      6      0         2.2500000000e+07                        508780
     23      2         2.3500000000e+07                        508783
      8      0         2.4000000000e+07                        508784
      8      0         2.5000000000e+07                        508786
      8      0         2.5500000000e+07                        508788
      4      0         2.6500000000e+07                       1704406
      7      0         6.7500000000e+07                       1704408
      7      0         6.8500000000e+07                       1704410
      7      0         6.9000000000e+07                       1704412
      7      0         7.0500000000e+07                       1704414
     14      1         7.1000000000e+07                       1704415
      7      0         7.1500000000e+07                       1704416
     12      1         7.2000000000e+07                       2333268
     30      3         9.3000000000e+07                       2333269
     32      3         9.4000000000e+07                       2333273
     30      3         9.4500000000e+07                       2333277
     32      3         9.5000000000e+07                       2333283
     32      3         9.5500000000e+07                       2333293
     27      3         9.6000000000e+07                       2411448
     30      3         1.6950000000e+08                       2411452
     15      1         1.7000000000e+08                       2411463
     30      3         1.7050000000e+08                       2411472
     32      3         1.7100000000e+08                       2411478
     30      3         1.7150000000e+08                       2411488
     30      3         1.7200000000e+08                       2411494
     32      3         1.7250000000e+08                       2411496
     32      3         1.7300000000e+08                       2411500
     32      3         1.7350000000e+08                       2411506
     32      3         1.7400000000e+08                       2411514
     30      3         1.7450000000e+08                       2411522
     30      3         1.7500000000e+08                       2411530
     32      3         1.7550000000e+08                       2411536
     32      3         1.7600000000e+08                       2411544
     32      3         1.7650000000e+08                       2411548
     30      3         1.7700000000e+08                       2411554
     32      3         1.7750000000e+08                       2411560
     30      3         1.7800000000e+08                       2411564
     15      1         1.7850000000e+08                       2411573
     32      3         1.7900000000e+08                       2411580
     32      3         1.7950000000e+08                       2411590
     30      3         1.8000000000e+08                       2411600
     32      3         1.8050000000e+08                       2411606
     32      3         1.8100000000e+08                       2411608
     32      3         1.8150000000e+08                       2411624
      9      1         1.8200000000e+08                       2891232
      7      0         1.9800000000e+08                       2891233
      7      0         1.9850000000e+08                       2891235
      7      0         1.9900000000e+08                       2891239
      7      0         2.0000000000e+08                       2891241
      7      0         2.0050000000e+08                       2891243
      7      0         2.0100000000e+08                       2891249
      7      0         2.0150000000e+08                       2891251
      7      0         2.0250000000e+08                       2891259
      7      0         2.0350000000e+08                       2891261
      7      0         2.0400000000e+08                       2891263
      7      0         2.0450000000e+08                       2891267
      7      0         2.0500000000e+08                       2891269
      7      0         2.0600000000e+08                       2891275
      7      0         2.0700000000e+08                       2891279
      1      0         2.0800000000e+08                       3386178
      7      0         2.2550000000e+08                       3386182
      7      0         2.2750000000e+08                       3386186
      7      0         2.2800000000e+08                       3386188
      7      0         2.2900000000e+08                       3386192
      7      0         2.3000000000e+08                       3386194
     14      1         2.3150000000e+08                       3386195
      7      0         2.3200000000e+08                       3386198
     16      1         2.3250000000e+08                       3386201
      7      0         2.3300000000e+08                       3386204
      7      0         2.3350000000e+08                       3386206
      7      0         2.3500000000e+08                       3386208
      7      0         2.3650000000e+08                       3386210
      7      0         2.3700000000e+08                       3386216
      7      0         2.3800000000e+08                       3386218
      7      0         2.3850000000e+08                       3386222
      5      0         2.3950000000e+08                       4192074
      6      0         2.6850000000e+08                       4192078
      6      0         2.7000000000e+08                       4192080
      8      0         2.7100000000e+08                       4192084
      6      0         2.7200000000e+08                       4192086
      8      0         2.7300000000e+08                       4192088
      6      0         2.7500000000e+08                       4192090
      6      0         2.7550000000e+08                       4192092
      6      0         2.7600000000e+08                       4192094
      6      0         2.7700000000e+08                       4192096
      6      0         2.7750000000e+08                       4192098
      6      0         2.8000000000e+08                       4192102
     23      2         2.8050000000e+08                       4192103
      6      0         2.8100000000e+08                       4192104
      8      0         2.8150000000e+08                       4192106
      6      0         2.8300000000e+08                       4192108
      8      0         2.8350000000e+08                       4192110
     23      2         2.8500000000e+08                       4192113
      6      0         2.8550000000e+08                       4192114
     23      2         2.8750000000e+08                       4192117
      8      0         2.8800000000e+08                       4192118
     23      2         2.8900000000e+08                       4192119
      8      0         2.8950000000e+08                       4192122
      5      0         2.9000000000e+08                       5394634
      7      0         3.3550000000e+08                       5394640
      7      0         3.3600000000e+08                       5394642
      7      0         3.3650000000e+08                       5394644
      7      0         3.3700000000e+08                       5394646
      7      0         3.3800000000e+08                       5394648
      7      0         3.3850000000e+08                       5394654
      3      0         3.3900000000e+08                       8269565
      8      0         4.3650000000e+08                       8269567
      8      0         4.3700000000e+08                       8269569
     23      2         4.3900000000e+08                       8269570
      8      0         4.3950000000e+08                       8269571
      8      0         4.4050000000e+08                       8269573
     23      2         4.4200000000e+08                       8269574
      6      0         4.4250000000e+08                       8269575
      5      0         4.4450000000e+08                      10611418
     23      2         5.2450000000e+08                      10611421
      6      0         5.2500000000e+08                      10611422
      6      0         5.2600000000e+08                      10611424
      8      0         5.2650000000e+08                      10611428
     23      2         5.2700000000e+08                      10611429
      8      0         5.2750000000e+08                      10611430
      8      0         5.3000000000e+08                      10611434
      6      0         5.3200000000e+08                      10611436
      6      0         5.3250000000e+08                      10611438
      8      0         5.3550000000e+08                      10611440
      8      0         5.3700000000e+08                      10611444
      6      0         5.3750000000e+08                      10611446
     23      2         5.3800000000e+08                      10611447
      3      0         5.3850000000e+08                      11356458
     16      1         5.6400000000e+08                      11356459
      7      0         5.6450000000e+08                      11356460
      7      0         5.6500000000e+08                      11356462
      7      0         5.6550000000e+08                      11356464
      7      0         5.6600000000e+08                      11356466
      7      0         5.6650000000e+08                      11356470
     14      1         5.6700000000e+08                      11356471
      7      0         5.6750000000e+08                      11356474
      7      0         5.6800000000e+08                      11356476
      7      0         5.6850000000e+08                      11356478
      7      0         5.6900000000e+08                      11356480
      7      0         5.6950000000e+08                      11356482
      7      0         5.7000000000e+08                      11356484
      7      0         5.7100000000e+08                      11356486
      7      0         5.7150000000e+08                      11356488
      7      0         5.7250000000e+08                      11356490
     16      1         5.7300000000e+08                      11356493
      7      0         5.7350000000e+08                      11356494
      7      0         5.7400000000e+08                      11356496
      7      0         5.7450000000e+08                      11356498
      7      0         5.7500000000e+08                      11356500
      7      0         5.7550000000e+08                      11356502
      7      0         5.7600000000e+08                      11356504
      7      0         5.7650000000e+08                      11356506
      7      0         5.7700000000e+08                      11356510
      7      0         5.7750000000e+08                      11356512
      7      0         5.7850000000e+08                      11356516
      7      0         5.7900000000e+08                      11356522
      7      0         5.7950000000e+08                      11356526
     14      1         5.8000000000e+08                      11356527
      7      0         5.8050000000e+08                      11356528
      7      0         5.8100000000e+08                      11356530
      7      0         5.8550000000e+08                      11356534
      7      0         5.8650000000e+08                      11356536
      7      0         5.8750000000e+08                      11356540
      7      0         5.8800000000e+08                      11356542
      7      0         5.8900000000e+08                      11356546
      7      0         5.8950000000e+08                      11356552
      7      0         5.9050000000e+08                      11356554
     16      1         5.9150000000e+08                      11356559
     14      1         5.9200000000e+08                      11356561
      7      0         5.9250000000e+08                      11356562
      7      0         5.9300000000e+08                      11356564
      7      0         5.9350000000e+08                      11356568
      7      0         5.9400000000e+08                      11356570
     16      1         5.9450000000e+08                      11356571
      4      0         5.9500000000e+08                      11362969
      7      0         5.9550000000e+08                      11362971
      7      0         5.9600000000e+08                      11362975
      7      0         5.9650000000e+08                      11362977
      7      0         5.9700000000e+08                      11362979
      7      0         5.9750000000e+08                      11362981
      7      0         5.9800000000e+08                      11362983
      7      0         5.9850000000e+08                      11362985
      7      0         5.9900000000e+08                      11362989
      7      0         5.9950000000e+08                      11362991
     10      1         6.0000000000e+08                      11372127
      7      0         6.0050000000e+08                      11372128
      7      0         6.0100000000e+08                      11372132
      7      0         6.0150000000e+08                      11372134
      7      0         6.0200000000e+08                      11372138
     14      1         6.0250000000e+08                      11372143
      7      0         6.0300000000e+08                      11372146
      7      0         6.0450000000e+08                      11372148
      7      0         6.0600000000e+08                      11372152
      7      0         6.0700000000e+08                      11372154
      7      0         6.0750000000e+08                      11372156
      7      0         6.0800000000e+08                      11372158
      7      0         6.0850000000e+08                      11372160
      7      0         6.0950000000e+08                      11372162
      7      0         6.1000000000e+08                      11372168
      7      0         6.1050000000e+08                      11372172
     12      1         6.1100000000e+08                      11603806
     30      3         6.1850000000e+08                      11603809
     30      3         6.1900000000e+08                      11603819
     15      1         6.1950000000e+08                      11603826
     32      3         6.2000000000e+08                      11603837
     32      3         6.2050000000e+08                      11603843
     15      1         6.2100000000e+08                      11603854
     32      3         6.2150000000e+08                      11603861
     30      3         6.2200000000e+08                      11603867
     12      1         6.2250000000e+08                      11704892
      7      0         6.2600000000e+08                      11704893
      7      0         6.2650000000e+08                      11704895
     16      1         6.2700000000e+08                      11704896
      7      0         6.2750000000e+08                      11704901
      7      0         6.2850000000e+08                      11704905
      7      0         6.2900000000e+08                      11704907
      7      0         6.2950000000e+08                      11704911
     16      1         6.3000000000e+08                      11704914
      1      0         6.3050000000e+08                      11999124
      6      0         6.4250000000e+08                      11999126
     23      2         6.4300000000e+08                      11999127
      8      0         6.4350000000e+08                      11999130
      6      0         6.4400000000e+08                      11999132
     23      2         6.4550000000e+08                      11999133
      6      0         6.4600000000e+08                      11999134
      6      0         6.4900000000e+08                      11999136
     23      2         6.5100000000e+08                      11999137
      6      0         6.5150000000e+08                      11999138
      6      0         6.5600000000e+08                      11999140
     23      2         6.5750000000e+08                      11999141
      8      0         6.5800000000e+08                      11999144
      3      0         6.5850000000e+08                      19319745
      6      0         9.0700000000e+08                      19319747
      8      0         9.0750000000e+08                      19319749
     23      2         9.0800000000e+08                      19319750
      6      0         9.0850000000e+08                      19319751
      6      0         9.0900000000e+08                      19319753
      6      0         9.1100000000e+08                      19319757
      6      0         9.1200000000e+08                      19319759
      2      0         9.1650000000e+08                      20041698
      7      0         9.4150000000e+08                      20041702
      7      0         9.4250000000e+08                      20041704
     16      1         9.4300000000e+08                      20041705
      7      0         9.4350000000e+08                      20041708
      7      0         9.4400000000e+08                      20041710
     14      1         9.4550000000e+08                      20041715
      7      0         9.4600000000e+08                      20041716
      7      0         9.4650000000e+08                      20041718
      7      0         9.4700000000e+08                      20041720
      7      0         9.4800000000e+08                      20041722
      7      0         9.4850000000e+08                      20041728
      7      0         9.4900000000e+08                      20041730
      7      0         9.4950000000e+08                      20041732
      7      0         9.5000000000e+08                      20041734
      7      0         9.5050000000e+08                      20041736
      7      0         9.5100000000e+08                      20041740
     16      1         9.5150000000e+08                      20041743
      3      0         9.5200000000e+08                      20197934
      7      0         9.5900000000e+08                      20197936
     16      1         9.5950000000e+08                      20197939
     16      1         9.6000000000e+08                      20197945
      7      0         9.6050000000e+08                      20197948
      7      0         9.6150000000e+08                      20197952
      7      0         9.6250000000e+08                      20197956
      7      0         9.6350000000e+08                      20197962
      7      0         9.6400000000e+08                      20197964
      7      0         9.6450000000e+08                      20197966
      7      0         9.6500000000e+08                      20197968
      7      0         9.6550000000e+08                      20197970
      7      0         9.6650000000e+08                      20197974
      3      0         9.6700000000e+08                      22366533
