      2      0         0.0000000000e+00                             0
      2      0         5.0000000000e+05                       3812326
     23      2         1.2850000000e+08                       3812327
      8      0         1.2900000000e+08                       3812741
      6      0         1.3000000000e+08                       3812743
      8      0         1.3050000000e+08                       3812745
     23      2         1.3100000000e+08                       3812746
      4      0         1.3150000000e+08                       4510640
      7      0         1.5700000000e+08                       4510642
      7      0         1.5750000000e+08                       4510644
      7      0         1.5800000000e+08                       4510646
      7      0         1.5850000000e+08                       4510648
      7      0         1.5900000000e+08                       4510650
      7      0         1.5950000000e+08                       4510652
      7      0         1.6000000000e+08                       4510654
     12      1         1.6100000000e+08                       4607957
      7      0         1.6400000000e+08                       4607958
     16      1         1.6450000000e+08                       4607959
      7      0         1.6500000000e+08                       4607962
      7      0         1.6600000000e+08                       4607964
      7      0         1.6650000000e+08                       4607966
      7      0         1.6700000000e+08                       4607970
      7      0         1.6800000000e+08                       4607972
      7      0         1.6850000000e+08                       4607974
      7      0         1.6900000000e+08                       4607976
     10      1         1.6950000000e+08                       4767100
     15      1         1.7500000000e+08                       4767102
     32      3         1.7550000000e+08                       4767109
     15      1         1.7600000000e+08                       4767116
     32      3         1.7650000000e+08                       4767123
     32      3         1.7700000000e+08                       4767129
     13      1         1.7750000000e+08                       4847839
      7      0         1.8050000000e+08                       4847842
      7      0         1.8150000000e+08                       4847844
      7      0         1.8200000000e+08                       4847850
      7      0         1.8250000000e+08                       4847852
      7      0         1.8300000000e+08                       4847858
      7      0         1.8350000000e+08                       4847860
      1      0         1.8450000000e+08                       6801327
     23      2         2.5250000000e+08                       6801328
      6      0         2.5300000000e+08                       6801329
     23      2         2.5350000000e+08                       6801332
      8      0         2.5400000000e+08                       6801333
     23      2         2.5450000000e+08                       6801334
      6      0         2.5500000000e+08                       6801337
     23      2         2.5700000000e+08                       6801338
      6      0         2.5750000000e+08                       6801339
     23      2         2.5950000000e+08                       6801340
     23      2         2.6000000000e+08                       6801342
      6      0         2.6050000000e+08                       6801343
     23      2         2.6200000000e+08                       6801344
     23      2         2.6250000000e+08                       6801348
      6      0         2.6300000000e+08                       6801349
      6      0         2.6400000000e+08                       6801351
      8      0         2.6550000000e+08                       6801353
      6      0         2.6750000000e+08                       6801355
      6      0         2.6850000000e+08                       6801357
      1      0         2.7000000000e+08                      10513815
     23      2         3.9750000000e+08                      10513816
     23      2         3.9800000000e+08                      10513818
      8      0         3.9850000000e+08                      10513819
      6      0         4.0050000000e+08                      10513821
     23      2         4.0100000000e+08                      10513822
      8      0         4.0150000000e+08                      10513823
      8      0         4.0300000000e+08                      10513825
     23      2         4.0350000000e+08                      10513826
      8      0         4.0400000000e+08                      10513827
      8      0         4.0450000000e+08                      10513829
      6      0         4.0500000000e+08                      10513831
     23      2         4.0550000000e+08                      10513832
      8      0         4.0600000000e+08                      10513833
     23      2         4.0650000000e+08                      10513834
     23      2         4.0700000000e+08                      10513836
      6      0         4.0750000000e+08                      10513837
      8      0         4.0950000000e+08                      10513839
      8      0         4.1050000000e+08                      10513841
      8      0         4.1100000000e+08                      10513843
      8      0         4.1200000000e+08                      10513845
     23      2         4.1300000000e+08                      10513848
      8      0         4.1350000000e+08                      10513849
     23      2         4.1400000000e+08                      10513850
      8      0         4.1450000000e+08                      10513853
     23      2         4.1600000000e+08                      10513854
      6      0         4.1650000000e+08                      10513857
      6      0         4.1700000000e+08                      10513861
      8      0         4.1750000000e+08                      10513863
     23      2         4.1850000000e+08                      10513864
      6      0         4.1900000000e+08                      10513867
     23      2         4.1950000000e+08                      10513868
      6      0         4.2000000000e+08                      10513869
      6      0         4.2450000000e+08                      10513871
     23      2         4.2500000000e+08                      10513872
      8      0         4.2550000000e+08                      10513875
     23      2         4.2600000000e+08                      10513876
      6      0         4.2650000000e+08                      10513877
      6      0         4.2750000000e+08                      10513879
      6      0         4.2900000000e+08                      10513881
      8      0         4.3000000000e+08                      10513883
     23      2         4.3100000000e+08                      10513884
      6      0         4.3150000000e+08                      10513885
     23      2         4.3250000000e+08                      10513886
      8      0         4.3300000000e+08                      10513887
      6      0         4.3500000000e+08                      10513889
     23      2         4.3650000000e+08                      10513890
     23      2         4.3700000000e+08                      10513892
      8      0         4.3750000000e+08                      10513893
      6      0         4.3900000000e+08                      10513895
      8      0         4.4100000000e+08                      10513897
      8      0         4.4200000000e+08                      10513899
     23      2         4.4250000000e+08                      10513902
      8      0         4.4300000000e+08                      10513903
     23      2         4.4400000000e+08                      10513908
      6      0         4.4450000000e+08                      10513909
      6      0         4.4650000000e+08                      10513911
      8      0         4.4700000000e+08                      10513913
     23      2         4.4850000000e+08                      10513916
      6      0         4.4900000000e+08                      10513919
      6      0         4.5000000000e+08                      10513921
      8      0         4.5050000000e+08                      10513923
      4      0         4.5150000000e+08                      10693962
      7      0         4.5900000000e+08                      10693964
      7      0         4.5950000000e+08                      10693966
     14      1         4.6100000000e+08                      10693967
      7      0         4.6150000000e+08                      10693970
      7      0         4.6200000000e+08                      10693974
     16      1         4.6250000000e+08                      10693977
      7      0         4.6300000000e+08                      10693978
      7      0         4.6350000000e+08                      10693980
     16      1         4.6450000000e+08                      10693983
      7      0         4.6500000000e+08                      10693984
      7      0         4.6550000000e+08                      10693986
      7      0         4.6600000000e+08                      10693990
      7      0         4.6650000000e+08                      10693992
      7      0         4.6800000000e+08                      10693994
      7      0         4.6850000000e+08                      10693998
      7      0         4.6950000000e+08                      10694000
      7      0         4.7000000000e+08                      10694006
      7      0         4.7050000000e+08                      10694010
      7      0         4.7100000000e+08                      10694012
      7      0         4.7150000000e+08                      10694014
      7      0         4.7200000000e+08                      10694018
      7      0         4.7300000000e+08                      10694022
      7      0         4.7350000000e+08                      10694024
      7      0         4.7450000000e+08                      10694026
      7      0         4.7500000000e+08                      10694028
      7      0         4.7600000000e+08                      10694034
      7      0         4.7750000000e+08                      10694036
      7      0         4.7800000000e+08                      10694038
      7      0         4.7850000000e+08                      10694040
      7      0         4.7900000000e+08                      10694042
      7      0         4.7950000000e+08                      10694044
     14      1         4.8000000000e+08                      10694049
      7      0         4.8050000000e+08                      10694050
      7      0         4.8150000000e+08                      10694054
      7      0         4.8200000000e+08                      10694056
      7      0         4.8250000000e+08                      10694058
      3      0         4.8350000000e+08                      11853694
      8      0         5.2400000000e+08                      11853696
      6      0         5.2550000000e+08                      11853698
      8      0         5.2600000000e+08                      11853700
      8      0         5.2650000000e+08                      11853702
      6      0         5.2850000000e+08                      11853706
     23      2         5.3000000000e+08                      11853707
      6      0         5.3050000000e+08                      11853708
      1      0         5.3100000000e+08                      14827796
      8      0         6.3550000000e+08                      14827798
      6      0         6.3750000000e+08                      14827802
      8      0         6.3800000000e+08                      14827804
      6      0         6.4100000000e+08                      14827806
      8      0         6.4150000000e+08                      14827808
     23      2         6.4200000000e+08                      14827809
      6      0         6.4250000000e+08                      14827810
      6      0         6.4450000000e+08                      14827812
      4      0         6.4500000000e+08                      17098554
      7      0         7.2350000000e+08                      17098556
      7      0         7.2500000000e+08                      17098560
      7      0         7.2650000000e+08                      17098562
      7      0         7.2800000000e+08                      17098566
      7      0         7.2850000000e+08                      17098568
      7      0         7.2950000000e+08                      17098570
      7      0         7.3000000000e+08                      17098574
      7      0         7.3050000000e+08                      17098576
      7      0         7.3200000000e+08                      17098578
      7      0         7.3350000000e+08                      17098580
      7      0         7.3400000000e+08                      17098582
     16      1         7.3450000000e+08                      17098585
      7      0         7.3500000000e+08                      17098588
      7      0         7.3550000000e+08                      17098592
      7      0         7.3650000000e+08                      17098594
      2      0         7.3700000000e+08                      18045407
     23      2         7.6900000000e+08                      18045410
      8      0         7.6950000000e+08                      18045413
     23      2         7.7000000000e+08                      18045414
      8      0         7.7050000000e+08                      18045415
      6      0         7.7100000000e+08                      18045419
      8      0         7.7300000000e+08                      18045421
      6      0         7.7400000000e+08                      18045423
     23      2         7.7450000000e+08                      18045424
      6      0         7.7500000000e+08                      18045427
      8      0         7.7600000000e+08                      18045429
      6      0         7.7800000000e+08                      18045431
     23      2         7.7850000000e+08                      18045432
      6      0         7.7900000000e+08                      18045433
      8      0         7.8000000000e+08                      18045435
      6      0         7.8400000000e+08                      18045437
      6      0         7.8450000000e+08                      18045439
      8      0         7.8850000000e+08                      18045441
      8      0         7.9100000000e+08                      18045443
      6      0         7.9300000000e+08                      18045445
      8      0         7.9450000000e+08                      18045447
      8      0         7.9550000000e+08                      18045449
      8      0         7.9600000000e+08                      18045451
     23      2         7.9750000000e+08                      18045452
      6      0         7.9800000000e+08                      18045453
      6      0         7.9850000000e+08                      18045455
      6      0         7.9950000000e+08                      18045457
      6      0         8.0300000000e+08                      18045459
      8      0         8.0450000000e+08                      18045461
      6      0         8.0550000000e+08                      18045463
     23      2         8.0800000000e+08                      18045464
     23      2         8.0850000000e+08                      18045466
     23      2         8.0900000000e+08                      18045468
      6      0         8.0950000000e+08                      18045469
     23      2         8.1000000000e+08                      18045470
      8      0         8.1050000000e+08                      18045471
      6      0         8.1100000000e+08                      18045473
     23      2         8.1200000000e+08                      18045474
      6      0         8.1250000000e+08                      18045475
      8      0         8.1350000000e+08                      18045477
      8      0         8.1450000000e+08                      18045479
      8      0         8.1650000000e+08                      18045481
      8      0         8.1700000000e+08                      18045483
      6      0         8.1750000000e+08                      18045485
     23      2         8.1850000000e+08                      18045486
      6      0         8.1900000000e+08                      18045487
     23      2         8.1950000000e+08                      18045488
      6      0         8.2000000000e+08                      18045489
      4      0         8.2050000000e+08                      22698675
     23      2         9.7750000000e+08                      22698676
      8      0         9.7800000000e+08                      22698679
     23      2         9.7850000000e+08                      22698680
      8      0         9.7900000000e+08                      22698681
     23      2         9.8000000000e+08                      22698682
      8      0         9.8050000000e+08                      22698683
     23      2         9.8150000000e+08                      22698684
      8      0         9.8200000000e+08                      22698685
     23      2         9.8250000000e+08                      22698686
      6      0         9.8300000000e+08                      22698689
      6      0         9.8350000000e+08                      22698691
      6      0         9.8400000000e+08                      22698693
      6      0         9.8500000000e+08                      22698695
      8      0         9.8750000000e+08                      22698697
      8      0         9.8850000000e+08                      22698699
      6      0         9.8900000000e+08                      22698703
      8      0         9.9100000000e+08                      22698707
     23      2         9.9150000000e+08                      22698708
      6      0         9.9200000000e+08                      22698709
      6      0         9.9250000000e+08                      22698711
      6      0         9.9300000000e+08                      22698715
      6      0         9.9400000000e+08                      22698719
      6      0         9.9500000000e+08                      22698721
      6      0         9.9550000000e+08                      22698723
      8      0         9.9600000000e+08                      22698725
      6      0         9.9650000000e+08                      22698727
     23      2         9.9700000000e+08                      22698728
      6      0         9.9750000000e+08                      22698729
     23      2         9.9800000000e+08                      22698730
      8      0         9.9850000000e+08                      22698731
      8      0         1.0000000000e+09                      22698733
