      1      0         0.0000000000e+00                             0
      1      0         5.0000000000e+05                       1694830
      7      0         5.7000000000e+07                       1694832
      7      0         5.8000000000e+07                       1694834
      7      0         5.8500000000e+07                       1694836
      7      0         5.9000000000e+07                       1694838
      7      0         5.9500000000e+07                       1694844
      7      0         6.0000000000e+07                       1694846
      7      0         6.1000000000e+07                       1694850
      7      0         6.1500000000e+07                       1694852
      7      0         6.2500000000e+07                       1694854
      7      0         6.3000000000e+07                       1694856
      7      0         6.3500000000e+07                       1694858
      7      0         6.4000000000e+07                       1694860
      7      0         6.5000000000e+07                       1694862
      7      0         6.7000000000e+07                       1694868
      7      0         6.7500000000e+07                       1694870
      7      0         6.8000000000e+07                       1694872
      7      0         6.9000000000e+07                       1694876
      7      0         7.0000000000e+07                       1694878
      7      0         7.1000000000e+07                       1694882
      7      0         7.1500000000e+07                       1694886
      4      0         7.2500000000e+07                       2426932
      6      0         1.0200000000e+08                       2426934
     23      2         1.0300000000e+08                       2426935
      6      0         1.0350000000e+08                       2426936
     23      2         1.0800000000e+08                       2426937
      6      0         1.0850000000e+08                       2426938
      6      0         1.0900000000e+08                       2426940
      8      0         1.0950000000e+08                       2426942
      6      0         1.1000000000e+08                       2426944
      6      0         1.1100000000e+08                       2426946
      8      0         1.1150000000e+08                       2426948
     23      2         1.1200000000e+08                       2426949
      8      0         1.1250000000e+08                       2426952
      6      0         1.1350000000e+08                       2426954
      6      0         1.1400000000e+08                       2426956
      6      0         1.1600000000e+08                       2426958
      8      0         1.1750000000e+08                       2426960
      6      0         1.1900000000e+08                       2426962
     23      2         1.2100000000e+08                       2426963
      8      0         1.2150000000e+08                       2426964
      8      0         1.2250000000e+08                       2426966
     23      2         1.2400000000e+08                       2426967
     23      2         1.2450000000e+08                       2426969
      8      0         1.2500000000e+08                       2426970
     23      2         1.2950000000e+08                       2426971
      6      0         1.3000000000e+08                       2426972
      6      0         1.3050000000e+08                       2426974
     23      2         1.3300000000e+08                       2426975
      8      0         1.3350000000e+08                       2426976
      6      0         1.3450000000e+08                       2426978
      8      0         1.3550000000e+08                       2426980
      6      0         1.3600000000e+08                       2426982
      6      0         1.3750000000e+08                       2426984
     23      2         1.3950000000e+08                       2426985
      8      0         1.4000000000e+08                       2426986
      8      0         1.4100000000e+08                       2426988
      8      0         1.4300000000e+08                       2426990
      8      0         1.4400000000e+08                       2426994
      6      0         1.4450000000e+08                       2426996
     23      2         1.4500000000e+08                       2426999
      6      0         1.4550000000e+08                       2427000
      6      0         1.4600000000e+08                       2427002
      6      0         1.4900000000e+08                       2427004
     23      2         1.5000000000e+08                       2427005
      8      0         1.5050000000e+08                       2427008
     23      2         1.5250000000e+08                       2427009
      6      0         1.5300000000e+08                       2427012
      6      0         1.5400000000e+08                       2427014
      6      0         1.5550000000e+08                       2427016
      8      0         1.5650000000e+08                       2427018
      6      0         1.5800000000e+08                       2427020
     23      2         1.5950000000e+08                       2427021
      6      0         1.6000000000e+08                       2427022
     23      2         1.6050000000e+08                       2427023
      6      0         1.6100000000e+08                       2427026
      8      0         1.6200000000e+08                       2427028
     23      2         1.6300000000e+08                       2427031
      8      0         1.6350000000e+08                       2427032
      6      0         1.6400000000e+08                       2427034
      1      0         1.6550000000e+08                       3038604
     14      1         1.8750000000e+08                       3038605
      7      0         1.8800000000e+08                       3038608
      7      0         1.8850000000e+08                       3038610
      7      0         1.8900000000e+08                       3038612
      7      0         1.8950000000e+08                       3038614
      7      0         1.9100000000e+08                       3038620
      7      0         1.9150000000e+08                       3038622
      7      0         1.9200000000e+08                       3038624
      7      0         1.9250000000e+08                       3038626
      7      0         1.9300000000e+08                       3038630
      7      0         1.9400000000e+08                       3038632
      7      0         1.9450000000e+08                       3038636
      3      0         1.9500000000e+08                       3805225
      7      0         2.2100000000e+08                       3805229
      7      0         2.2150000000e+08                       3805233
      7      0         2.2200000000e+08                       3805235
      7      0         2.2250000000e+08                       3805241
      7      0         2.2300000000e+08                       3805243
      7      0         2.2350000000e+08                       3805245
      7      0         2.2500000000e+08                       3805249
      7      0         2.2550000000e+08                       3805253
      7      0         2.2600000000e+08                       3805255
      7      0         2.2700000000e+08                       3805257
      7      0         2.2750000000e+08                       3805261
      7      0         2.2800000000e+08                       3805267
      7      0         2.2950000000e+08                       3805275
      7      0         2.3050000000e+08                       3805277
      7      0         2.3100000000e+08                       3805281
      7      0         2.3200000000e+08                       3805283
      7      0         2.3250000000e+08                       3805285
      7      0         2.3400000000e+08                       3805289
      7      0         2.3450000000e+08                       3805291
      7      0         2.3500000000e+08                       3805293
      7      0         2.3700000000e+08                       3805299
      7      0         2.3850000000e+08                       3805301
      7      0         2.3950000000e+08                       3805305
      7      0         2.4150000000e+08                       3805307
      7      0         2.4200000000e+08                       3805309
      7      0         2.4250000000e+08                       3805311
     14      1         2.4300000000e+08                       3805312
      7      0         2.4350000000e+08                       3805313
      7      0         2.4400000000e+08                       3805315
      7      0         2.4450000000e+08                       3805319
      7      0         2.4500000000e+08                       3805323
      7      0         2.4550000000e+08                       3805327
      7      0         2.4750000000e+08                       3805329
      7      0         2.4800000000e+08                       3805333
      7      0         2.4850000000e+08                       3805337
      2      0         2.4900000000e+08                       8056861
      7      0         3.9250000000e+08                       8056863
      7      0         3.9350000000e+08                       8056865
      1      0         3.9400000000e+08                      12075507
      8      0         5.3150000000e+08                      12075509
      6      0         5.3300000000e+08                      12075511
      6      0         5.3350000000e+08                      12075513
      6      0         5.3550000000e+08                      12075515
      8      0         5.3850000000e+08                      12075517
      6      0         5.3950000000e+08                      12075519
      8      0         5.4250000000e+08                      12075521
      6      0         5.4400000000e+08                      12075523
      6      0         5.4450000000e+08                      12075525
      6      0         5.4500000000e+08                      12075527
     23      2         5.4650000000e+08                      12075528
      6      0         5.4700000000e+08                      12075531
      2      0         5.4850000000e+08                      14640879
      7      0         6.3550000000e+08                      14640881
      7      0         6.3600000000e+08                      14640883
      7      0         6.3650000000e+08                      14640885
      7      0         6.3800000000e+08                      14640887
      7      0         6.3850000000e+08                      14640889
      7      0         6.3900000000e+08                      14640891
      7      0         6.4100000000e+08                      14640895
      7      0         6.4150000000e+08                      14640897
      7      0         6.4250000000e+08                      14640899
      7      0         6.4350000000e+08                      14640901
      7      0         6.4450000000e+08                      14640903
      7      0         6.4500000000e+08                      14640905
      7      0         6.4600000000e+08                      14640907
      7      0         6.4650000000e+08                      14640909
      7      0         6.4750000000e+08                      14640911
      7      0         6.4850000000e+08                      14640913
     14      1         6.4950000000e+08                      14640916
      7      0         6.5000000000e+08                      14640917
      7      0         6.5100000000e+08                      14640919
     16      1         6.5200000000e+08                      14640920
      7      0         6.5250000000e+08                      14640923
      7      0         6.5300000000e+08                      14640927
     10      1         6.5450000000e+08                      15250629
      7      0         6.7500000000e+08                      15250630
      7      0         6.7550000000e+08                      15250632
      7      0         6.7600000000e+08                      15250634
      7      0         6.7650000000e+08                      15250636
      1      0         6.7700000000e+08                      18233980
     23      2         7.8000000000e+08                      18233981
      8      0         7.8050000000e+08                      18233984
      8      0         7.8200000000e+08                      18233986
      8      0         7.8250000000e+08                      18233988
      8      0         7.8300000000e+08                      18233990
      6      0         7.8650000000e+08                      18233992
     23      2         7.8700000000e+08                      18233995
     23      2         7.8750000000e+08                      18233997
     23      2         7.8800000000e+08                      18233999
      8      0         7.8850000000e+08                      18234002
      8      0         7.9000000000e+08                      18234004
      6      0         7.9050000000e+08                      18234006
      6      0         7.9250000000e+08                      18234008
      8      0         7.9600000000e+08                      18234012
     23      2         7.9800000000e+08                      18234013
      6      0         7.9850000000e+08                      18234018
      6      0         7.9950000000e+08                      18234020
     23      2         8.0050000000e+08                      18234021
      8      0         8.0100000000e+08                      18234022
      6      0         8.0200000000e+08                      18234024
      1      0         8.0350000000e+08                      20807288
      8      0         8.9400000000e+08                      20807290
      8      0         8.9450000000e+08                      20807294
      8      0         8.9650000000e+08                      20807296
      6      0         8.9750000000e+08                      20807298
     23      2         8.9800000000e+08                      20807299
      6      0         8.9850000000e+08                      20807300
     23      2         8.9900000000e+08                      20807301
      6      0         8.9950000000e+08                      20807304
      6      0         9.0000000000e+08                      20807306
     23      2         9.0050000000e+08                      20807307
      6      0         9.0100000000e+08                      20807308
      8      0         9.0150000000e+08                      20807310
     23      2         9.0550000000e+08                      20807313
      8      0         9.0600000000e+08                      20807314
      8      0         9.0650000000e+08                      20807316
      6      0         9.0850000000e+08                      20807318
      5      0         9.1200000000e+08                      23794618
