     25      3         0.0000000000e+00                             0
     25      3         5.0000000000e+05                         64459
     24      2         6.1000000000e+07                         64460
     24      2         6.1500000000e+07                         64466
     24      2         6.2000000000e+07                         64470
     31      3         6.2500000000e+07                         64473
     24      2         6.3000000000e+07                         64476
     22      2         6.3500000000e+07                         64480
     31      3         6.4000000000e+07                         64483
     24      2         6.4500000000e+07                         64484
     24      2         6.5000000000e+07                         64486
     24      2         6.5500000000e+07                         64490
     22      2         6.6000000000e+07                         64492
     31      3         6.6500000000e+07                         64495
     24      2         6.7000000000e+07                         64500
     24      2         6.7500000000e+07                         64504
     24      2         6.8500000000e+07                         64506
     24      2         6.9000000000e+07                         64510
     24      2         7.0000000000e+07                         64514
     22      2         7.0500000000e+07                         64520
     24      2         7.1500000000e+07                         64522
     24      2         7.2000000000e+07                         64526
     24      2         7.2500000000e+07                         64528
     22      2         7.3500000000e+07                         64532
     24      2         7.4500000000e+07                         64536
     24      2         7.5000000000e+07                         64540
     24      2         7.5500000000e+07                         64542
     31      3         7.6000000000e+07                         64545
     22      2         7.6500000000e+07                         64548
     24      2         7.8000000000e+07                         64554
     22      2         7.9000000000e+07                         64556
     22      2         7.9500000000e+07                         64558
     22      2         8.0000000000e+07                         64560
     31      3         8.0500000000e+07                         64563
     22      2         8.1000000000e+07                         64566
     24      2         8.1500000000e+07                         64570
     24      2         8.2000000000e+07                         64572
     24      2         8.3000000000e+07                         64574
     22      2         8.3500000000e+07                         64578
     22      2         8.4000000000e+07                         64580
     31      3         8.4500000000e+07                         64583
     24      2         8.5000000000e+07                         64584
     22      2         8.5500000000e+07                         64586
     31      3         8.6000000000e+07                         64589
     24      2         8.6500000000e+07                         64592
     22      2         8.7000000000e+07                         64594
     24      2         8.8000000000e+07                         64598
     31      3         8.8500000000e+07                         64603
     22      2         8.9000000000e+07                         64604
     24      2         8.9500000000e+07                         64608
     22      2         9.0000000000e+07                         64610
     22      2         9.1000000000e+07                         64612
     24      2         9.1500000000e+07                         64618
     31      3         9.2000000000e+07                         64623
     24      2         9.2500000000e+07                         64632
     31      3         9.3000000000e+07                         64635
     22      2         9.3500000000e+07                         64636
     22      2         9.4000000000e+07                         64638
     31      3         9.4500000000e+07                         64641
     24      2         9.5000000000e+07                         64644
     31      3         9.5500000000e+07                         64647
     22      2         9.6000000000e+07                         64654
     31      3         9.6500000000e+07                         64657
     24      2         9.7000000000e+07                         64658
     31      3         9.7500000000e+07                         64667
     24      2         9.8000000000e+07                         64670
     24      2         9.9000000000e+07                         64674
     22      2         9.9500000000e+07                         64680
     22      2         1.0000000000e+08                         64684
     22      2         1.0050000000e+08                         64686
     22      2         1.0100000000e+08                         64690
     21      2         1.0150000000e+08                        583092
     22      2         7.2300000000e+08                        583098
     31      3         7.2350000000e+08                        583101
     24      2         7.2400000000e+08                        583108
     22      2         7.2450000000e+08                        583110
     24      2         7.2500000000e+08                        583112
     24      2         7.2550000000e+08                        583114
     22      2         7.2600000000e+08                        583116
     31      3         7.2650000000e+08                        583117
     22      2         7.2700000000e+08                        583118
     31      3         7.2800000000e+08                        583123
     31      3         7.2850000000e+08                        583129
     31      3         7.2900000000e+08                        583133
     31      3         7.2950000000e+08                        583135
     24      2         7.3000000000e+08                        583136
     24      2         7.3050000000e+08                        583138
     24      2         7.3100000000e+08                        583140
     22      2         7.3150000000e+08                        583144
     24      2         7.3200000000e+08                        583148
     24      2         7.3250000000e+08                        583154
     22      2         7.3300000000e+08                        583158
     31      3         7.3350000000e+08                        583159
     31      3         7.3400000000e+08                        583161
     24      2         7.3450000000e+08                        583164
     24      2         7.3550000000e+08                        583168
     31      3         7.3600000000e+08                        583173
     22      2         7.3650000000e+08                        583176
     22      2         7.3750000000e+08                        583180
     24      2         7.3800000000e+08                        583188
     22      2         7.3850000000e+08                        583190
     24      2         7.3900000000e+08                        583192
     22      2         7.3950000000e+08                        583196
     31      3         7.4000000000e+08                        583201
     24      2         7.4050000000e+08                        583202
     24      2         7.4100000000e+08                        583204
     24      2         7.4150000000e+08                        583206
     22      2         7.4200000000e+08                        583208
     22      2         7.4250000000e+08                        583212
     24      2         7.4350000000e+08                        583214
     22      2         7.4400000000e+08                        583216
     22      2         7.4450000000e+08                        583218
     31      3         7.4500000000e+08                        583221
     31      3         7.4550000000e+08                        583225
     22      2         7.4600000000e+08                        583232
     24      2         7.4650000000e+08                        583238
     24      2         7.4700000000e+08                        583240
     22      2         7.4750000000e+08                        583244
     22      2         7.4800000000e+08                        583248
     31      3         7.4850000000e+08                        583249
     22      2         7.4900000000e+08                        583252
     31      3         7.5000000000e+08                        583255
     24      2         7.5050000000e+08                        583256
     31      3         7.5100000000e+08                        583259
     22      2         7.5150000000e+08                        583262
     22      2         7.5200000000e+08                        583270
     22      2         7.5250000000e+08                        583272
     24      2         7.5300000000e+08                        583276
     22      2         7.5350000000e+08                        583278
     24      2         7.5400000000e+08                        583280
     31      3         7.5500000000e+08                        583281
     24      2         7.5550000000e+08                        583282
     24      2         7.5600000000e+08                        583286
     22      2         7.5650000000e+08                        583290
     24      2         7.5700000000e+08                        583292
     24      2         7.5750000000e+08                        583294
     22      2         7.5800000000e+08                        583298
     22      2         7.5850000000e+08                        583304
     22      2         7.5900000000e+08                        583308
     22      2         7.5950000000e+08                        583310
     31      3         7.6000000000e+08                        583313
     22      2         7.6050000000e+08                        583316
     22      2         7.6100000000e+08                        583318
     24      2         7.6150000000e+08                        583324
     24      2         7.6200000000e+08                        583328
     31      3         7.6300000000e+08                        583329
     24      2         7.6350000000e+08                        583330
     24      2         7.6400000000e+08                        583332
     22      2         7.6450000000e+08                        583334
     22      2         7.6500000000e+08                        583340
     24      2         7.6550000000e+08                        583342
     24      2         7.6600000000e+08                        583344
     22      2         7.6650000000e+08                        583346
     31      3         7.6700000000e+08                        583347
     24      2         7.6750000000e+08                        583348
     24      2         7.6800000000e+08                        583352
     24      2         7.6850000000e+08                        583356
     24      2         7.6950000000e+08                        583358
     24      2         7.7000000000e+08                        583360
     24      2         7.7050000000e+08                        583368
     31      3         7.7100000000e+08                        583371
     24      2         7.7150000000e+08                        583372
     31      3         7.7200000000e+08                        583373
     22      2         7.7250000000e+08                        583378
     22      2         7.7400000000e+08                        583382
     24      2         7.7450000000e+08                        583384
     24      2         7.7550000000e+08                        583386
     31      3         7.7600000000e+08                        583391
     31      3         7.7650000000e+08                        583397
     24      2         7.7700000000e+08                        583402
     22      2         7.7750000000e+08                        583406
     24      2         7.7800000000e+08                        583408
     22      2         7.7850000000e+08                        583410
     24      2         7.7900000000e+08                        583414
     22      2         7.7950000000e+08                        583416
     22      2         7.8000000000e+08                        583418
     31      3         7.8100000000e+08                        583421
     22      2         7.8150000000e+08                        583428
     31      3         7.8200000000e+08                        583435
     31      3         7.8250000000e+08                        583437
     24      2         7.8300000000e+08                        583440
     22      2         7.8350000000e+08                        583444
     24      2         7.8400000000e+08                        583450
     22      2         7.8500000000e+08                        583452
     31      3         7.8550000000e+08                        583459
     24      2         7.8600000000e+08                        583462
     22      2         7.8700000000e+08                        583464
     24      2         7.8750000000e+08                        583466
     22      2         7.8800000000e+08                        583470
     24      2         7.8850000000e+08                        583472
     22      2         7.8900000000e+08                        583474
     24      2         7.8950000000e+08                        583478
     22      2         7.9000000000e+08                        583480
     22      2         7.9050000000e+08                        583484
     24      2         7.9150000000e+08                        583486
     22      2         7.9200000000e+08                        583488
     24      2         7.9250000000e+08                        583490
     31      3         7.9300000000e+08                        583493
     24      2         7.9350000000e+08                        583498
     24      2         7.9400000000e+08                        583502
     24      2         7.9450000000e+08                        583504
     31      3         7.9500000000e+08                        583505
     24      2         7.9550000000e+08                        583508
     22      2         7.9600000000e+08                        583514
     24      2         7.9650000000e+08                        583516
     24      2         7.9700000000e+08                        583520
     31      3         7.9750000000e+08                        583525
     22      2         7.9800000000e+08                        583528
     22      2         7.9850000000e+08                        583532
     24      2         7.9900000000e+08                        583534
     24      2         7.9950000000e+08                        583538
     24      2         8.0000000000e+08                        583544
     24      2         8.0050000000e+08                        583546
     22      2         8.0150000000e+08                        583548
     22      2         8.0200000000e+08                        583552
     31      3         8.0250000000e+08                        583555
     31      3         8.0300000000e+08                        583561
     24      2         8.0350000000e+08                        583562
     24      2         8.0400000000e+08                        583568
     24      2         8.0450000000e+08                        583572
     24      2         8.0500000000e+08                        583574
     24      2         8.0550000000e+08                        583578
     22      2         8.0600000000e+08                        583580
     24      2         8.0650000000e+08                        583586
     24      2         8.0750000000e+08                        583592
     31      3         8.0800000000e+08                        583595
     24      2         8.0850000000e+08                        583596
     24      2         8.0900000000e+08                        583598
     31      3         8.1000000000e+08                        583605
     24      2         8.1050000000e+08                        583608
     22      2         8.1100000000e+08                        583614
     22      2         8.1150000000e+08                        583618
     31      3         8.1200000000e+08                        583625
     24      2         8.1250000000e+08                        583630
     22      2         8.1300000000e+08                        583632
     24      2         8.1400000000e+08                        583634
     31      3         8.1450000000e+08                        583635
     24      2         8.1500000000e+08                        583636
     22      2         8.1550000000e+08                        583638
     22      2         8.1600000000e+08                        583640
     22      2         8.1700000000e+08                        583644
     31      3         8.1800000000e+08                        583645
     31      3         8.1850000000e+08                        583651
     22      2         8.1900000000e+08                        583656
     31      3         8.1950000000e+08                        583657
     24      2         8.2000000000e+08                        583662
     31      3         8.2050000000e+08                        583665
     24      2         8.2100000000e+08                        583674
     24      2         8.2150000000e+08                        583676
     22      2         8.2250000000e+08                        583680
     24      2         8.2300000000e+08                        583684
     24      2         8.2350000000e+08                        583688
     24      2         8.2400000000e+08                        583690
     24      2         8.2500000000e+08                        583692
     24      2         8.2550000000e+08                        583696
     31      3         8.2600000000e+08                        583699
     31      3         8.2650000000e+08                        583701
     31      3         8.2700000000e+08                        583705
     22      2         8.2750000000e+08                        583706
     31      3         8.2800000000e+08                        583707
     22      2         8.2850000000e+08                        583712
     22      2         8.2900000000e+08                        583716
     24      2         8.2950000000e+08                        583718
     24      2         8.3000000000e+08                        583722
     24      2         8.3050000000e+08                        583726
     22      2         8.3100000000e+08                        583730
     22      2         8.3150000000e+08                        583736
     24      2         8.3200000000e+08                        583742
     24      2         8.3250000000e+08                        583746
     24      2         8.3300000000e+08                        583748
     22      2         8.3350000000e+08                        583754
     31      3         8.3400000000e+08                        583757
     24      2         8.3450000000e+08                        583760
     22      2         8.3650000000e+08                        583762
     24      2         8.3700000000e+08                        583766
     22      2         8.3750000000e+08                        583770
     31      3         8.3800000000e+08                        583773
     24      2         8.3850000000e+08                        583778
     24      2         8.3950000000e+08                        583782
     24      2         8.4000000000e+08                        583786
     31      3         8.4050000000e+08                        583793
     31      3         8.4100000000e+08                        583795
     24      2         8.4150000000e+08                        583798
     24      2         8.4200000000e+08                        583802
     22      2         8.4250000000e+08                        583804
     24      2         8.4300000000e+08                        583806
     24      2         8.4600000000e+08                        583808
     24      2         8.4650000000e+08                        583810
     24      2         8.4750000000e+08                        583812
     24      2         8.4800000000e+08                        583818
     22      2         8.4850000000e+08                        583822
     24      2         8.4900000000e+08                        583824
     22      2         8.4950000000e+08                        583826
     22      2         8.5000000000e+08                        583828
     18      2         8.5050000000e+08                        684173
     31      3         9.7150000000e+08                        684178
     24      2         9.7200000000e+08                        684183
     24      2         9.7300000000e+08                        684185
     22      2         9.7350000000e+08                        684187
     22      2         9.7400000000e+08                        684191
     24      2         9.7450000000e+08                        684195
     31      3         9.7500000000e+08                        684202
     24      2         9.7550000000e+08                        684205
     22      2         9.7600000000e+08                        684207
     24      2         9.7650000000e+08                        684211
     22      2         9.7700000000e+08                        684213
     22      2         9.7750000000e+08                        684219
     22      2         9.7800000000e+08                        684221
     24      2         9.7850000000e+08                        684225
     22      2         9.7900000000e+08                        684227
     31      3         9.7950000000e+08                        684232
     22      2         9.8000000000e+08                        684237
     24      2         9.8050000000e+08                        684239
     22      2         9.8100000000e+08                        684241
     22      2         9.8150000000e+08                        684245
     31      3         9.8200000000e+08                        684248
     31      3         9.8250000000e+08                        684250
     24      2         9.8300000000e+08                        684253
     22      2         9.8350000000e+08                        684255
     24      2         9.8400000000e+08                        684257
     24      2         9.8450000000e+08                        684261
     24      2         9.8500000000e+08                        684265
     31      3         9.8550000000e+08                        684268
     24      2         9.8600000000e+08                        684271
     31      3         9.8650000000e+08                        684272
     24      2         9.8700000000e+08                        684275
     24      2         9.8750000000e+08                        684281
     24      2         9.8800000000e+08                        684285
     24      2         9.8850000000e+08                        684291
     31      3         9.8900000000e+08                        684292
     22      2         9.8950000000e+08                        684295
     24      2         9.9050000000e+08                        684297
     24      2         9.9100000000e+08                        684301
     24      2         9.9150000000e+08                        684305
     24      2         9.9200000000e+08                        684311
     22      2         9.9250000000e+08                        684315
     24      2         9.9300000000e+08                        684319
     22      2         9.9350000000e+08                        684321
     31      3         9.9400000000e+08                        684324
     31      3         9.9450000000e+08                        684326
     24      2         9.9500000000e+08                        684327
     24      2         9.9550000000e+08                        684331
     24      2         9.9600000000e+08                        684333
     22      2         9.9650000000e+08                        684339
     22      2         9.9700000000e+08                        684341
     24      2         9.9850000000e+08                        684347
     24      2         9.9900000000e+08                        684351
     22      2         9.9950000000e+08                        684355
     22      2         1.0000000000e+09                        684359
