     25      3         0.0000000000e+00                             0
     25      3         5.0000000000e+05                         82953
     30      3         7.8500000000e+07                         82957
     30      3         7.9000000000e+07                         82967
     32      3         7.9500000000e+07                         82977
     32      3         8.0000000000e+07                         82983
     30      3         8.0500000000e+07                         82987
     30      3         8.1000000000e+07                         82997
     12      1         8.1500000000e+07                        154959
     30      3         8.4000000000e+07                        154964
     32      3         8.4500000000e+07                        154966
     32      3         8.5000000000e+07                        154974
     30      3         8.5500000000e+07                        154978
     32      3         8.6000000000e+07                        154982
     30      3         8.6500000000e+07                        154988
     32      3         8.7000000000e+07                        154994
     32      3         8.7500000000e+07                        155000
     30      3         8.8000000000e+07                        155002
     30      3         8.8500000000e+07                        155008
     32      3         8.9000000000e+07                        155010
     32      3         8.9500000000e+07                        155014
     30      3         9.0000000000e+07                        155018
     30      3         9.0500000000e+07                        155022
     32      3         9.1000000000e+07                        155030
     32      3         9.1500000000e+07                        155042
     32      3         9.2000000000e+07                        155048
     32      3         9.2500000000e+07                        155058
     32      3         9.3000000000e+07                        155060
     32      3         9.3500000000e+07                        155066
     32      3         9.4000000000e+07                        155070
     32      3         9.4500000000e+07                        155074
     32      3         9.5000000000e+07                        155082
     32      3         9.5500000000e+07                        155088
     15      1         9.6000000000e+07                        155091
     30      3         9.6500000000e+07                        155092
     32      3         9.7000000000e+07                        155102
     32      3         9.7500000000e+07                        155106
     30      3         9.8000000000e+07                        155110
     15      1         9.8500000000e+07                        155117
     32      3         9.9000000000e+07                        155132
     15      1         1.0000000000e+08                        155137
     32      3         1.0050000000e+08                        155140
     32      3         1.0100000000e+08                        155142
     32      3         1.0150000000e+08                        155148
     30      3         1.0200000000e+08                        155156
     15      1         1.0250000000e+08                        155169
     30      3         1.0300000000e+08                        155176
     30      3         1.0350000000e+08                        155182
     30      3         1.0400000000e+08                        155186
     32      3         1.0450000000e+08                        155190
     15      1         1.0500000000e+08                        155197
     32      3         1.0550000000e+08                        155200
     30      3         1.0600000000e+08                        155202
     32      3         1.0650000000e+08                        155212
     15      1         1.0700000000e+08                        155219
     32      3         1.0750000000e+08                        155226
     30      3         1.0800000000e+08                        155232
     32      3         1.0850000000e+08                        155240
     32      3         1.0900000000e+08                        155248
     30      3         1.0950000000e+08                        155256
     15      1         1.1000000000e+08                        155259
     30      3         1.1050000000e+08                        155268
     30      3         1.1100000000e+08                        155272
     32      3         1.1150000000e+08                        155276
     32      3         1.1200000000e+08                        155286
     30      3         1.1250000000e+08                        155296
     30      3         1.1300000000e+08                        155302
     32      3         1.1350000000e+08                        155304
     27      3         1.1450000000e+08                        237556
     24      2         1.9250000000e+08                        237559
     24      2         1.9300000000e+08                        237561
     22      2         1.9350000000e+08                        237563
     31      3         1.9400000000e+08                        237564
     24      2         1.9450000000e+08                        237567
     22      2         1.9500000000e+08                        237571
     22      2         1.9550000000e+08                        237573
     31      3         1.9600000000e+08                        237576
     31      3         1.9650000000e+08                        237580
     31      3         1.9700000000e+08                        237586
     31      3         1.9750000000e+08                        237590
     22      2         1.9800000000e+08                        237597
     31      3         1.9850000000e+08                        237600
     22      2         1.9900000000e+08                        237603
     24      2         1.9950000000e+08                        237607
     22      2         2.0000000000e+08                        237609
     22      2         2.0050000000e+08                        237611
     22      2         2.0100000000e+08                        237615
     24      2         2.0150000000e+08                        237617
     22      2         2.0200000000e+08                        237619
     24      2         2.0250000000e+08                        237623
     24      2         2.0300000000e+08                        237625
     22      2         2.0350000000e+08                        237629
     31      3         2.0450000000e+08                        237634
     24      2         2.0500000000e+08                        237639
     24      2         2.0550000000e+08                        237641
     31      3         2.0600000000e+08                        237644
     31      3         2.0650000000e+08                        237646
     24      2         2.0700000000e+08                        237651
     31      3         2.0800000000e+08                        237652
     24      2         2.0850000000e+08                        237657
     31      3         2.0950000000e+08                        237658
     31      3         2.1000000000e+08                        237660
     24      2         2.1050000000e+08                        237665
     22      2         2.1200000000e+08                        237667
     22      2         2.1250000000e+08                        237671
     24      2         2.1300000000e+08                        237675
     22      2         2.1350000000e+08                        237679
     24      2         2.1400000000e+08                        237681
     31      3         2.1450000000e+08                        237686
     31      3         2.1500000000e+08                        237692
     22      2         2.1550000000e+08                        237695
     24      2         2.1600000000e+08                        237699
     22      2         2.1650000000e+08                        237701
     24      2         2.1700000000e+08                        237703
     24      2         2.1750000000e+08                        237705
     31      3         2.1800000000e+08                        237714
     24      2         2.1850000000e+08                        237717
     31      3         2.1900000000e+08                        237718
     22      2         2.1950000000e+08                        237719
     22      2         2.2000000000e+08                        237721
     31      3         2.2050000000e+08                        237724
     22      2         2.2100000000e+08                        237729
     22      2         2.2150000000e+08                        237731
     31      3         2.2200000000e+08                        237732
     24      2         2.2250000000e+08                        237735
     24      2         2.2300000000e+08                        237739
     31      3         2.2350000000e+08                        237742
     24      2         2.2400000000e+08                        237745
     24      2         2.2450000000e+08                        237749
     31      3         2.2500000000e+08                        237754
     24      2         2.2550000000e+08                        237759
     24      2         2.2600000000e+08                        237761
     22      2         2.2650000000e+08                        237763
     31      3         2.2700000000e+08                        237768
     24      2         2.2750000000e+08                        237771
     24      2         2.2800000000e+08                        237773
     24      2         2.2850000000e+08                        237777
     24      2         2.2900000000e+08                        237781
     24      2         2.2950000000e+08                        237785
     22      2         2.3100000000e+08                        237787
     22      2         2.3150000000e+08                        237789
     24      2         2.3300000000e+08                        237791
     24      2         2.3350000000e+08                        237795
     24      2         2.3400000000e+08                        237799
     22      2         2.3450000000e+08                        237801
     22      2         2.3500000000e+08                        237803
     24      2         2.3550000000e+08                        237809
     31      3         2.3600000000e+08                        237814
     24      2         2.3650000000e+08                        237819
     22      2         2.3700000000e+08                        237821
     22      2         2.3750000000e+08                        237823
     31      3         2.3950000000e+08                        237824
     22      2         2.4000000000e+08                        237827
     31      3         2.4050000000e+08                        237832
     24      2         2.4100000000e+08                        237839
     22      2         2.4150000000e+08                        237845
     24      2         2.4200000000e+08                        237847
     24      2         2.4250000000e+08                        237849
     22      2         2.4300000000e+08                        237851
     22      2         2.4350000000e+08                        237853
     31      3         2.4400000000e+08                        237856
     24      2         2.4450000000e+08                        237859
     22      2         2.4500000000e+08                        237861
     31      3         2.4550000000e+08                        237866
     31      3         2.4600000000e+08                        237868
     31      3         2.4650000000e+08                        237872
     24      2         2.4700000000e+08                        237875
     22      2         2.4750000000e+08                        237877
     31      3         2.4800000000e+08                        237880
     24      2         2.4850000000e+08                        237883
     24      2         2.5000000000e+08                        237887
     24      2         2.5050000000e+08                        237891
     24      2         2.5150000000e+08                        237897
     24      2         2.5200000000e+08                        237901
     31      3         2.5300000000e+08                        237904
     22      2         2.5350000000e+08                        237905
     24      2         2.5400000000e+08                        237907
     22      2         2.5450000000e+08                        237911
     22      2         2.5500000000e+08                        237919
     24      2         2.5550000000e+08                        237921
     24      2         2.5600000000e+08                        237923
     22      2         2.5650000000e+08                        237927
     22      2         2.5750000000e+08                        237929
     31      3         2.5800000000e+08                        237932
     31      3         2.5850000000e+08                        237934
     22      2         2.5900000000e+08                        237937
     22      2         2.5950000000e+08                        237939
     31      3         2.6000000000e+08                        237942
     31      3         2.6050000000e+08                        237944
     22      2         2.6100000000e+08                        237947
     22      2         2.6150000000e+08                        237949
     22      2         2.6200000000e+08                        237953
     22      2         2.6250000000e+08                        237955
     24      2         2.6300000000e+08                        237959
     24      2         2.6350000000e+08                        237961
     24      2         2.6450000000e+08                        237963
     24      2         2.6550000000e+08                        237965
     31      3         2.6600000000e+08                        237968
     24      2         2.6650000000e+08                        237971
     22      2         2.6700000000e+08                        237975
     22      2         2.6750000000e+08                        237981
     24      2         2.6800000000e+08                        237983
     31      3         2.6850000000e+08                        237986
     22      2         2.6900000000e+08                        237989
     22      2         2.6950000000e+08                        237993
     22      2         2.7000000000e+08                        237997
     31      3         2.7050000000e+08                        238002
     22      2         2.7100000000e+08                        238005
     31      3         2.7150000000e+08                        238010
     31      3         2.7200000000e+08                        238012
     22      2         2.7250000000e+08                        238015
     24      2         2.7300000000e+08                        238019
     24      2         2.7350000000e+08                        238021
     31      3         2.7450000000e+08                        238026
     24      2         2.7500000000e+08                        238031
     22      2         2.7550000000e+08                        238033
     24      2         2.7600000000e+08                        238039
     31      3         2.7650000000e+08                        238040
     24      2         2.7700000000e+08                        238043
     24      2         2.7750000000e+08                        238045
     22      2         2.7800000000e+08                        238047
     24      2         2.7850000000e+08                        238049
     31      3         2.7900000000e+08                        238052
     24      2         2.7950000000e+08                        238055
     31      3         2.8000000000e+08                        238056
     22      2         2.8050000000e+08                        238059
     24      2         2.8100000000e+08                        238061
     22      2         2.8200000000e+08                        238065
     22      2         2.8250000000e+08                        238069
     31      3         2.8300000000e+08                        238072
     22      2         2.8350000000e+08                        238077
     24      2         2.8400000000e+08                        238081
     24      2         2.8450000000e+08                        238085
     22      2         2.8500000000e+08                        238091
     31      3         2.8550000000e+08                        238092
     22      2         2.8600000000e+08                        238093
     22      2         2.8700000000e+08                        238095
     22      2         2.8750000000e+08                        238097
     24      2         2.8800000000e+08                        238101
     24      2         2.8850000000e+08                        238103
     31      3         2.8900000000e+08                        238110
     22      2         2.8950000000e+08                        238113
     24      2         2.9000000000e+08                        238117
     22      2         2.9100000000e+08                        238123
     24      2         2.9150000000e+08                        238125
     22      2         2.9200000000e+08                        238131
     24      2         2.9250000000e+08                        238137
     31      3         2.9300000000e+08                        238138
     31      3         2.9350000000e+08                        238142
     24      2         2.9400000000e+08                        238145
     24      2         2.9450000000e+08                        238149
     22      2         2.9500000000e+08                        238153
     24      2         2.9550000000e+08                        238155
     24      2         2.9650000000e+08                        238157
     31      3         2.9700000000e+08                        238164
     22      2         2.9750000000e+08                        238165
     24      2         2.9850000000e+08                        238167
     22      2         2.9900000000e+08                        238171
     31      3         2.9950000000e+08                        238172
     22      2         3.0000000000e+08                        238177
     22      2         3.0100000000e+08                        238179
     22      2         3.0150000000e+08                        238183
     22      2         3.0200000000e+08                        238187
     24      2         3.0350000000e+08                        238189
     22      2         3.0400000000e+08                        238191
     22      2         3.0500000000e+08                        238193
     24      2         3.0550000000e+08                        238195
     24      2         3.0600000000e+08                        238197
     22      2         3.0650000000e+08                        238203
     31      3         3.0700000000e+08                        238208
     24      2         3.0750000000e+08                        238211
     22      2         3.0800000000e+08                        238213
     31      3         3.0850000000e+08                        238214
     24      2         3.0900000000e+08                        238219
     24      2         3.1150000000e+08                        238223
     24      2         3.1200000000e+08                        238225
     22      2         3.1250000000e+08                        238227
     22      2         3.1300000000e+08                        238229
     24      2         3.1400000000e+08                        238233
     22      2         3.1450000000e+08                        238235
     22      2         3.1500000000e+08                        238237
     22      2         3.1600000000e+08                        238239
     22      2         3.1650000000e+08                        238243
     24      2         3.1700000000e+08                        238245
     31      3         3.1750000000e+08                        238252
     24      2         3.1800000000e+08                        238255
     22      2         3.1850000000e+08                        238259
     31      3         3.1900000000e+08                        238260
     31      3         3.1950000000e+08                        238264
     31      3         3.2000000000e+08                        238268
     31      3         3.2050000000e+08                        238270
     22      2         3.2100000000e+08                        238271
     31      3         3.2150000000e+08                        238274
     24      2         3.2200000000e+08                        238277
     22      2         3.2250000000e+08                        238279
     18      2         3.2300000000e+08                        296694
     31      3         3.9300000000e+08                        296697
     22      2         3.9350000000e+08                        296700
     31      3         3.9400000000e+08                        296701
     24      2         3.9450000000e+08                        296706
     22      2         3.9500000000e+08                        296710
     31      3         3.9550000000e+08                        296711
     24      2         3.9600000000e+08                        296718
     24      2         3.9700000000e+08                        296724
     24      2         3.9800000000e+08                        296728
     31      3         3.9850000000e+08                        296731
     22      2         3.9900000000e+08                        296736
     24      2         4.0050000000e+08                        296738
     22      2         4.0100000000e+08                        296740
     24      2         4.0150000000e+08                        296744
     31      3         4.0200000000e+08                        296751
     24      2         4.0250000000e+08                        296756
     31      3         4.0300000000e+08                        296759
     24      2         4.0350000000e+08                        296762
     31      3         4.0400000000e+08                        296765
     22      2         4.0450000000e+08                        296770
     24      2         4.0500000000e+08                        296772
     31      3         4.0550000000e+08                        296775
     22      2         4.0600000000e+08                        296778
     22      2         4.0700000000e+08                        296782
     31      3         4.0750000000e+08                        296785
     22      2         4.0800000000e+08                        296788
     24      2         4.0850000000e+08                        296790
     22      2         4.0900000000e+08                        296792
     24      2         4.0950000000e+08                        296794
     31      3         4.1050000000e+08                        296799
     24      2         4.1100000000e+08                        296802
     24      2         4.1150000000e+08                        296804
     24      2         4.1200000000e+08                        296808
     24      2         4.1250000000e+08                        296810
     22      2         4.1300000000e+08                        296812
     31      3         4.1500000000e+08                        296815
     22      2         4.1550000000e+08                        296816
     22      2         4.1600000000e+08                        296822
     22      2         4.1650000000e+08                        296826
     22      2         4.1750000000e+08                        296828
     22      2         4.1900000000e+08                        296832
     24      2         4.1950000000e+08                        296836
     22      2         4.2000000000e+08                        296840
     31      3         4.2050000000e+08                        296841
     31      3         4.2100000000e+08                        296849
     22      2         4.2150000000e+08                        296850
     24      2         4.2200000000e+08                        296852
     24      2         4.2250000000e+08                        296858
     24      2         4.2300000000e+08                        296860
     22      2         4.2350000000e+08                        296862
     31      3         4.2400000000e+08                        296865
     24      2         4.2450000000e+08                        296868
     31      3         4.2500000000e+08                        296871
     22      2         4.2550000000e+08                        296874
     24      2         4.2600000000e+08                        296878
     22      2         4.2650000000e+08                        296880
     24      2         4.2750000000e+08                        296886
     22      2         4.2800000000e+08                        296890
     24      2         4.2850000000e+08                        296892
     24      2         4.2900000000e+08                        296900
     22      2         4.2950000000e+08                        296908
     22      2         4.3000000000e+08                        296910
     22      2         4.3050000000e+08                        296912
     22      2         4.3100000000e+08                        296914
     24      2         4.3150000000e+08                        296918
     31      3         4.3200000000e+08                        296919
     22      2         4.3250000000e+08                        296922
     31      3         4.3300000000e+08                        296925
     31      3         4.3350000000e+08                        296929
     22      2         4.3400000000e+08                        296938
     22      2         4.3450000000e+08                        296940
     24      2         4.3500000000e+08                        296942
     31      3         4.3550000000e+08                        296943
     24      2         4.3600000000e+08                        296946
     22      2         4.3650000000e+08                        296950
     22      2         4.3700000000e+08                        296954
     24      2         4.3750000000e+08                        296956
     24      2         4.3800000000e+08                        296962
     22      2         4.3950000000e+08                        296970
     24      2         4.4000000000e+08                        296972
     22      2         4.4050000000e+08                        296976
     22      2         4.4100000000e+08                        296978
     24      2         4.4200000000e+08                        296982
     24      2         4.4250000000e+08                        296984
     24      2         4.4300000000e+08                        296986
     22      2         4.4350000000e+08                        296990
     24      2         4.4400000000e+08                        296994
     22      2         4.4450000000e+08                        297000
     22      2         4.4500000000e+08                        297002
     22      2         4.4550000000e+08                        297004
     31      3         4.4650000000e+08                        297007
     24      2         4.4700000000e+08                        297010
     24      2         4.4750000000e+08                        297012
     31      3         4.4800000000e+08                        297013
     24      2         4.4850000000e+08                        297016
     22      2         4.4900000000e+08                        297020
     24      2         4.4950000000e+08                        297022
     22      2         4.5000000000e+08                        297024
     22      2         4.5050000000e+08                        297026
     22      2         4.5100000000e+08                        297030
     31      3         4.5150000000e+08                        297031
     31      3         4.5200000000e+08                        297033
     24      2         4.5250000000e+08                        297038
     31      3         4.5300000000e+08                        297041
     22      2         4.5350000000e+08                        297042
     24      2         4.5450000000e+08                        297048
     22      2         4.5500000000e+08                        297052
     31      3         4.5600000000e+08                        297055
     22      2         4.5650000000e+08                        297060
     31      3         4.5700000000e+08                        297065
     31      3         4.5750000000e+08                        297069
     22      2         4.5800000000e+08                        297072
     24      2         4.5850000000e+08                        297074
     22      2         4.5900000000e+08                        297078
     22      2         4.5950000000e+08                        297084
     24      2         4.6000000000e+08                        297086
     22      2         4.6050000000e+08                        297090
     24      2         4.6100000000e+08                        297096
     22      2         4.6150000000e+08                        297098
     31      3         4.6200000000e+08                        297101
     24      2         4.6250000000e+08                        297102
     22      2         4.6300000000e+08                        297104
     22      2         4.6350000000e+08                        297110
     22      2         4.6400000000e+08                        297112
     24      2         4.6450000000e+08                        297114
     22      2         4.6500000000e+08                        297116
     22      2         4.6600000000e+08                        297120
     24      2         4.6650000000e+08                        297124
     22      2         4.6700000000e+08                        297126
     31      3         4.6750000000e+08                        297129
     24      2         4.6800000000e+08                        297132
     22      2         4.6850000000e+08                        297138
     31      3         4.6900000000e+08                        297143
     31      3         4.6950000000e+08                        297147
     22      2         4.7000000000e+08                        297150
     24      2         4.7050000000e+08                        297156
     31      3         4.7100000000e+08                        297159
     31      3         4.7150000000e+08                        297161
     22      2         4.7200000000e+08                        297164
     22      2         4.7250000000e+08                        297172
     31      3         4.7300000000e+08                        297175
     31      3         4.7350000000e+08                        297177
     24      2         4.7400000000e+08                        297180
     31      3         4.7450000000e+08                        297185
     22      2         4.7500000000e+08                        297188
     22      2         4.7550000000e+08                        297194
     22      2         4.7600000000e+08                        297198
     22      2         4.7650000000e+08                        297202
     22      2         4.7700000000e+08                        297204
     24      2         4.7750000000e+08                        297210
     31      3         4.7800000000e+08                        297215
     22      2         4.7850000000e+08                        297222
     24      2         4.7900000000e+08                        297224
     22      2         4.7950000000e+08                        297230
     31      3         4.8100000000e+08                        297233
     24      2         4.8150000000e+08                        297236
     22      2         4.8200000000e+08                        297238
     24      2         4.8250000000e+08                        297246
     24      2         4.8350000000e+08                        297248
     24      2         4.8450000000e+08                        297250
     22      2         4.8500000000e+08                        297252
     31      3         4.8550000000e+08                        297253
     24      2         4.8600000000e+08                        297256
     24      2         4.8650000000e+08                        297258
     22      2         4.8700000000e+08                        297260
     22      2         4.8750000000e+08                        297264
     24      2         4.8800000000e+08                        297268
     31      3         4.8850000000e+08                        297269
     24      2         4.8900000000e+08                        297272
     22      2         4.8950000000e+08                        297276
     31      3         4.9000000000e+08                        297279
     22      2         4.9050000000e+08                        297286
     22      2         4.9100000000e+08                        297288
     24      2         4.9150000000e+08                        297290
     24      2         4.9200000000e+08                        297298
     31      3         4.9250000000e+08                        297303
     22      2         4.9300000000e+08                        297304
     24      2         4.9350000000e+08                        297306
     22      2         4.9400000000e+08                        297308
     22      2         4.9450000000e+08                        297310
     22      2         4.9500000000e+08                        297312
     22      2         4.9550000000e+08                        297320
     31      3         4.9600000000e+08                        297325
     22      2         4.9650000000e+08                        297328
     22      2         4.9750000000e+08                        297332
     24      2         4.9800000000e+08                        297334
     24      2         4.9850000000e+08                        297338
     22      2         4.9900000000e+08                        297344
     22      2         4.9950000000e+08                        297346
     22      2         5.0050000000e+08                        297348
     22      2         5.0100000000e+08                        297350
     22      2         5.0150000000e+08                        297354
     22      2         5.0200000000e+08                        297358
     22      2         5.0250000000e+08                        297360
     24      2         5.0350000000e+08                        297362
     22      2         5.0400000000e+08                        297366
     22      2         5.0450000000e+08                        297368
     24      2         5.0500000000e+08                        297372
     24      2         5.0600000000e+08                        297374
     22      2         5.0650000000e+08                        297378
     22      2         5.0700000000e+08                        297380
     22      2         5.0750000000e+08                        297384
     22      2         5.0800000000e+08                        297386
     31      3         5.0850000000e+08                        297389
     22      2         5.0900000000e+08                        297392
     24      2         5.0950000000e+08                        297396
     22      2         5.1050000000e+08                        297402
     22      2         5.1100000000e+08                        297406
     22      2         5.1200000000e+08                        297410
     24      2         5.1300000000e+08                        297414
     31      3         5.1350000000e+08                        297417
     22      2         5.1400000000e+08                        297424
     22      2         5.1550000000e+08                        297430
     24      2         5.1600000000e+08                        297432
     22      2         5.1650000000e+08                        297434
     22      2         5.1700000000e+08                        297438
     22      2         5.1750000000e+08                        297442
     22      2         5.1850000000e+08                        297446
     24      2         5.1900000000e+08                        297452
     22      2         5.1950000000e+08                        297456
     31      3         5.2050000000e+08                        297457
     24      2         5.2100000000e+08                        297458
     22      2         5.2150000000e+08                        297460
     31      3         5.2200000000e+08                        297463
     31      3         5.2250000000e+08                        297471
     24      2         5.2300000000e+08                        297476
     22      2         5.2350000000e+08                        297478
     31      3         5.2400000000e+08                        297481
     22      2         5.2450000000e+08                        297482
     24      2         5.2550000000e+08                        297488
     24      2         5.2600000000e+08                        297490
     24      2         5.2650000000e+08                        297492
     24      2         5.2750000000e+08                        297496
     24      2         5.2800000000e+08                        297500
     22      2         5.2850000000e+08                        297502
     24      2         5.2900000000e+08                        297506
     31      3         5.2950000000e+08                        297509
     22      2         5.3000000000e+08                        297512
     22      2         5.3050000000e+08                        297516
     24      2         5.3100000000e+08                        297520
     31      3         5.3150000000e+08                        297521
     22      2         5.3200000000e+08                        297526
     24      2         5.3250000000e+08                        297538
     24      2         5.3300000000e+08                        297544
     24      2         5.3350000000e+08                        297550
     22      2         5.3400000000e+08                        297552
     22      2         5.3450000000e+08                        297554
     22      2         5.3500000000e+08                        297556
     22      2         5.3550000000e+08                        297558
     31      3         5.3600000000e+08                        297561
     22      2         5.3650000000e+08                        297566
     24      2         5.3700000000e+08                        297568
     22      2         5.3800000000e+08                        297572
     31      3         5.3850000000e+08                        297573
     24      2         5.3900000000e+08                        297576
     31      3         5.3950000000e+08                        297579
     24      2         5.4000000000e+08                        297584
     24      2         5.4050000000e+08                        297586
     22      2         5.4100000000e+08                        297594
     22      2         5.4150000000e+08                        297596
     31      3         5.4200000000e+08                        297601
     24      2         5.4250000000e+08                        297602
     24      2         5.4300000000e+08                        297604
     22      2         5.4350000000e+08                        297606
     24      2         5.4400000000e+08                        297610
     24      2         5.4500000000e+08                        297618
     31      3         5.4550000000e+08                        297619
     24      2         5.4600000000e+08                        297620
     31      3         5.4650000000e+08                        297623
     24      2         5.4700000000e+08                        297628
     22      2         5.4800000000e+08                        297634
     31      3         5.4850000000e+08                        297637
     22      2         5.4900000000e+08                        297642
     31      3         5.4950000000e+08                        297645
     24      2         5.5000000000e+08                        297648
     24      2         5.5100000000e+08                        297652
     22      2         5.5150000000e+08                        297658
     31      3         5.5200000000e+08                        297661
     22      2         5.5250000000e+08                        297666
     22      2         5.5300000000e+08                        297670
     22      2         5.5350000000e+08                        297674
     22      2         5.5400000000e+08                        297676
     24      2         5.5450000000e+08                        297680
     22      2         5.5500000000e+08                        297682
     24      2         5.5550000000e+08                        297684
     22      2         5.5600000000e+08                        297686
     22      2         5.5650000000e+08                        297692
     22      2         5.5700000000e+08                        297694
     22      2         5.5750000000e+08                        297700
     22      2         5.5800000000e+08                        297702
     31      3         5.5850000000e+08                        297703
     24      2         5.5900000000e+08                        297704
     22      2         5.5950000000e+08                        297706
     31      3         5.6050000000e+08                        297707
     24      2         5.6100000000e+08                        297712
     22      2         5.6200000000e+08                        297718
     22      2         5.6250000000e+08                        297720
     24      2         5.6300000000e+08                        297722
     31      3         5.6350000000e+08                        297725
     22      2         5.6400000000e+08                        297730
     31      3         5.6450000000e+08                        297733
     22      2         5.6500000000e+08                        297738
     24      2         5.6550000000e+08                        297740
     18      2         5.6600000000e+08                        560961
     24      2         8.8050000000e+08                        560963
     24      2         8.8100000000e+08                        560967
     24      2         8.8200000000e+08                        560969
     22      2         8.8250000000e+08                        560973
     22      2         8.8300000000e+08                        560975
     31      3         8.8350000000e+08                        560976
     22      2         8.8400000000e+08                        560977
     24      2         8.8450000000e+08                        560983
     22      2         8.8500000000e+08                        560985
     22      2         8.8550000000e+08                        560991
     22      2         8.8650000000e+08                        560993
     31      3         8.8700000000e+08                        560996
     24      2         8.8750000000e+08                        560997
     22      2         8.8800000000e+08                        560999
     22      2         8.8850000000e+08                        561001
     24      2         8.8900000000e+08                        561005
     24      2         8.9000000000e+08                        561011
     24      2         8.9050000000e+08                        561015
     31      3         8.9150000000e+08                        561018
     22      2         8.9200000000e+08                        561023
     22      2         8.9250000000e+08                        561027
     22      2         8.9300000000e+08                        561031
     24      2         8.9350000000e+08                        561033
     22      2         8.9400000000e+08                        561039
     22      2         8.9450000000e+08                        561041
     22      2         8.9500000000e+08                        561043
     31      3         8.9600000000e+08                        561044
     31      3         8.9650000000e+08                        561048
     22      2         8.9700000000e+08                        561051
     24      2         8.9750000000e+08                        561053
     24      2         8.9800000000e+08                        561061
     22      2         8.9850000000e+08                        561063
     24      2         8.9900000000e+08                        561065
     22      2         8.9950000000e+08                        561071
     22      2         9.0100000000e+08                        561075
     22      2         9.0150000000e+08                        561083
     24      2         9.0200000000e+08                        561093
     24      2         9.0250000000e+08                        561097
     24      2         9.0350000000e+08                        561099
     31      3         9.0400000000e+08                        561102
     31      3         9.0450000000e+08                        561106
     24      2         9.0500000000e+08                        561109
     22      2         9.0550000000e+08                        561111
     24      2         9.0600000000e+08                        561117
     24      2         9.0650000000e+08                        561125
     22      2         9.0700000000e+08                        561129
     24      2         9.0750000000e+08                        561133
     31      3         9.0800000000e+08                        561134
     24      2         9.0850000000e+08                        561139
     24      2         9.0950000000e+08                        561145
     31      3         9.1000000000e+08                        561148
     31      3         9.1050000000e+08                        561152
     31      3         9.1100000000e+08                        561156
     22      2         9.1150000000e+08                        561159
     24      2         9.1350000000e+08                        561167
     24      2         9.1400000000e+08                        561169
     22      2         9.1450000000e+08                        561171
     24      2         9.1500000000e+08                        561175
     31      3         9.1550000000e+08                        561180
     24      2         9.1600000000e+08                        561185
     31      3         9.1650000000e+08                        561188
     24      2         9.1700000000e+08                        561191
     31      3         9.1750000000e+08                        561194
     22      2         9.1800000000e+08                        561197
     22      2         9.1850000000e+08                        561201
     22      2         9.1900000000e+08                        561203
     24      2         9.1950000000e+08                        561209
     24      2         9.2000000000e+08                        561211
     31      3         9.2050000000e+08                        561214
     24      2         9.2100000000e+08                        561217
     31      3         9.2150000000e+08                        561224
     31      3         9.2200000000e+08                        561226
     31      3         9.2250000000e+08                        561230
     22      2         9.2300000000e+08                        561237
     24      2         9.2350000000e+08                        561239
     22      2         9.2400000000e+08                        561241
     31      3         9.2450000000e+08                        561244
     22      2         9.2500000000e+08                        561245
     24      2         9.2550000000e+08                        561247
     22      2         9.2600000000e+08                        561251
     24      2         9.2650000000e+08                        561253
     31      3         9.2700000000e+08                        561254
     24      2         9.2750000000e+08                        561259
     24      2         9.2800000000e+08                        561261
     22      2         9.2850000000e+08                        561263
     31      3         9.2900000000e+08                        561264
     31      3         9.2950000000e+08                        561266
     24      2         9.3000000000e+08                        561269
     31      3         9.3050000000e+08                        561270
     24      2         9.3100000000e+08                        561271
     31      3         9.3150000000e+08                        561274
     22      2         9.3200000000e+08                        561277
     31      3         9.3250000000e+08                        561280
     31      3         9.3300000000e+08                        561284
     24      2         9.3350000000e+08                        561287
     31      3         9.3400000000e+08                        561292
     31      3         9.3450000000e+08                        561294
     24      2         9.3500000000e+08                        561297
     22      2         9.3550000000e+08                        561299
     31      3         9.3650000000e+08                        561300
     24      2         9.3700000000e+08                        561303
     24      2         9.3750000000e+08                        561305
     31      3         9.3800000000e+08                        561306
     24      2         9.3850000000e+08                        561309
     31      3         9.3900000000e+08                        561322
     24      2         9.3950000000e+08                        561325
     22      2         9.4000000000e+08                        561327
     31      3         9.4150000000e+08                        561330
     22      2         9.4200000000e+08                        561333
     22      2         9.4250000000e+08                        561339
     31      3         9.4300000000e+08                        561342
     22      2         9.4350000000e+08                        561345
     31      3         9.4450000000e+08                        561346
     31      3         9.4500000000e+08                        561350
     22      2         9.4550000000e+08                        561353
     24      2         9.4700000000e+08                        561357
     24      2         9.4750000000e+08                        561361
     22      2         9.4800000000e+08                        561365
     22      2         9.4850000000e+08                        561369
     22      2         9.4950000000e+08                        561371
     31      3         9.5050000000e+08                        561374
     24      2         9.5100000000e+08                        561377
     22      2         9.5200000000e+08                        561381
     22      2         9.5250000000e+08                        561385
     31      3         9.5350000000e+08                        561388
     24      2         9.5400000000e+08                        561393
     22      2         9.5450000000e+08                        561397
     22      2         9.5500000000e+08                        561399
     22      2         9.5550000000e+08                        561403
     22      2         9.5600000000e+08                        561407
     24      2         9.5650000000e+08                        561415
     22      2         9.5700000000e+08                        561417
     24      2         9.5750000000e+08                        561419
     31      3         9.5800000000e+08                        561422
     31      3         9.5850000000e+08                        561426
     31      3         9.5900000000e+08                        561430
     22      2         9.5950000000e+08                        561431
     22      2         9.6000000000e+08                        561435
     31      3         9.6050000000e+08                        561436
     24      2         9.6100000000e+08                        561437
     22      2         9.6150000000e+08                        561443
     24      2         9.6200000000e+08                        561445
     22      2         9.6250000000e+08                        561449
     24      2         9.6300000000e+08                        561451
     22      2         9.6350000000e+08                        561453
     24      2         9.6400000000e+08                        561457
     24      2         9.6450000000e+08                        561463
     22      2         9.6500000000e+08                        561467
     22      2         9.6550000000e+08                        561469
     31      3         9.6600000000e+08                        561472
     24      2         9.6650000000e+08                        561473
     31      3         9.6750000000e+08                        561476
     31      3         9.6800000000e+08                        561480
     24      2         9.6850000000e+08                        561483
     22      2         9.6950000000e+08                        561485
     22      2         9.7000000000e+08                        561489
     31      3         9.7050000000e+08                        561494
     22      2         9.7100000000e+08                        561497
     31      3         9.7150000000e+08                        561498
     31      3         9.7200000000e+08                        561502
     22      2         9.7250000000e+08                        561503
     22      2         9.7300000000e+08                        561513
     22      2         9.7350000000e+08                        561517
     22      2         9.7400000000e+08                        561523
     31      3         9.7450000000e+08                        561528
     31      3         9.7500000000e+08                        561530
     24      2         9.7550000000e+08                        561535
     31      3         9.7600000000e+08                        561540
     31      3         9.7650000000e+08                        561542
     31      3         9.7700000000e+08                        561546
     22      2         9.7750000000e+08                        561551
     31      3         9.7800000000e+08                        561554
     24      2         9.7850000000e+08                        561555
     22      2         9.7900000000e+08                        561557
     22      2         9.7950000000e+08                        561559
     24      2         9.8000000000e+08                        561563
     24      2         9.8050000000e+08                        561567
     24      2         9.8100000000e+08                        561569
     22      2         9.8150000000e+08                        561571
     24      2         9.8200000000e+08                        561573
     31      3         9.8250000000e+08                        561578
     24      2         9.8300000000e+08                        561583
     22      2         9.8350000000e+08                        561585
     22      2         9.8400000000e+08                        561589
     24      2         9.8450000000e+08                        561591
     31      3         9.8500000000e+08                        561592
     22      2         9.8550000000e+08                        561595
     31      3         9.8600000000e+08                        561598
     22      2         9.8650000000e+08                        561605
     22      2         9.8700000000e+08                        561609
     31      3         9.8800000000e+08                        561612
     31      3         9.8850000000e+08                        561616
     24      2         9.8900000000e+08                        561619
     22      2         9.8950000000e+08                        561621
     22      2         9.9000000000e+08                        561623
     31      3         9.9050000000e+08                        561624
     24      2         9.9100000000e+08                        561625
     24      2         9.9150000000e+08                        561629
     22      2         9.9200000000e+08                        561631
     31      3         9.9250000000e+08                        561636
     24      2         9.9300000000e+08                        561637
     22      2         9.9350000000e+08                        561643
     24      2         9.9400000000e+08                        561649
     24      2         9.9450000000e+08                        561651
     24      2         9.9500000000e+08                        561657
     31      3         9.9600000000e+08                        561660
     22      2         9.9650000000e+08                        561663
     31      3         9.9700000000e+08                        561666
     24      2         9.9750000000e+08                        561671
     24      2         9.9800000000e+08                        561673
     24      2         9.9850000000e+08                        561675
     24      2         9.9950000000e+08                        561677
     24      2         1.0000000000e+09                        561679
