14.642751693725586	9.679894131979516
14.015217781066895	16.234946696891615
13.459258079528809	16.234946696891615
16.459991455078125	17.450286351255134
13.362855911254883	16.234946696891615
15.318108558654785	16.234946696891615
14.375019073486328	16.234946696891615
16.459991455078125	17.450286351255134
13.459258079528809	16.234946696891615
16.459991455078125	17.450286351255134
14.015217781066895	16.234946696891615
14.015217781066895	16.234946696891615
15.858092308044434	8.24114584159222
13.077361106872559	16.234946696891615
13.362855911254883	16.234946696891615
15.318108558654785	16.234946696891615
15.318108558654785	16.234946696891615
15.318108558654785	16.234946696891615
12.876054763793945	16.234946696891615
14.642751693725586	8.180844990071082
13.077361106872559	16.234946696891615
13.362855911254883	16.234946696891615
14.642751693725586	9.123934493453534
14.642751693725586	9.394399350869541
16.459991455078125	17.450286351255134
